0 0.6838942307692307 0.2536057692307692 0.007211538461538462 0.01201923076923077
2 0.4855769230769231 0.16466346153846154 0.009615384615384616 0.040865384615384616
3 0.2283653846153846 0.15625 0.009615384615384616 0.04567307692307692
2 0.31490384615384615 0.20552884615384615 0.01201923076923077 0.04807692307692308
2 0.41586538461538464 0.25841346153846156 0.014423076923076924 0.052884615384615384
2 0.375 0.3173076923076923 0.014423076923076924 0.06490384615384616
2 0.7319711538461539 0.265625 0.009615384615384616 0.057692307692307696
2 0.6694711538461539 0.19591346153846154 0.019230769230769232 0.04807692307692308
2 0.4639423076923077 0.2439903846153846 0.014423076923076924 0.057692307692307696
2 0.25600961538461536 0.25721153846153844 0.016826923076923076 0.0625
2 0.1971153846153846 0.32572115384615385 0.016826923076923076 0.06490384615384616
2 0.6526442307692307 0.27403846153846156 0.014423076923076924 0.057692307692307696
3 0.48677884615384615 0.39663461538461536 0.014423076923076924 0.07211538461538461
2 0.24158653846153846 0.7596153846153846 0.03365384615384615 0.10817307692307693
2 0.3918269230769231 0.41586538461538464 0.016826923076923076 0.07211538461538461
2 0.18990384615384615 0.30408653846153844 0.014423076923076924 0.06009615384615385
2 0.6370192307692307 0.34134615384615385 0.014423076923076924 0.06490384615384616
2 0.16466346153846154 0.421875 0.02403846153846154 0.07692307692307693
2 0.6045673076923077 0.2920673076923077 0.014423076923076924 0.057692307692307696
2 0.4387019230769231 0.421875 0.021634615384615384 0.07211538461538461
2 0.1814903846153846 0.4423076923076923 0.019230769230769232 0.07932692307692307
2 0.8774038461538461 0.5504807692307693 0.028846153846153848 0.08413461538461539
2 0.15384615384615385 0.546875 0.028846153846153848 0.08173076923076923