3 0.27524038461538464 0.20192307692307693 0.014423076923076924 0.040865384615384616
2 0.5252403846153846 0.17908653846153846 0.021634615384615384 0.04567307692307692
3 0.5685096153846154 0.2776442307692308 0.019230769230769232 0.0625
2 0.6730769230769231 0.21754807692307693 0.016826923076923076 0.04807692307692308
2 0.65625 0.24278846153846154 0.016826923076923076 0.055288461538461536
2 0.5 0.27884615384615385 0.016826923076923076 0.052884615384615384
2 0.44591346153846156 0.43149038461538464 0.028846153846153848 0.07692307692307693
2 0.35216346153846156 0.2848557692307692 0.02403846153846154 0.055288461538461536
2 0.5745192307692307 0.33533653846153844 0.019230769230769232 0.06490384615384616
2 0.7584134615384616 0.29927884615384615 0.02403846153846154 0.06490384615384616
2 0.4579326923076923 0.34134615384615385 0.021634615384615384 0.06490384615384616
2 0.44471153846153844 0.4987980769230769 0.026442307692307692 0.08413461538461539
2 0.4098557692307692 0.38221153846153844 0.02403846153846154 0.07211538461538461
2 0.7175480769230769 0.26322115384615385 0.021634615384615384 0.06009615384615385
2 0.8930288461538461 0.5973557692307693 0.028846153846153848 0.08653846153846154
2 0.8713942307692307 0.5637019230769231 0.026442307692307692 0.08173076923076923
2 0.5144230769230769 0.6754807692307693 0.03125 0.08653846153846154
2 0.8677884615384616 0.4074519230769231 0.026442307692307692 0.07932692307692307
2 0.2536057692307692 0.41225961538461536 0.02403846153846154 0.06971153846153846
2 0.47716346153846156 0.6514423076923077 0.028846153846153848 0.0985576923076923
2 0.6514423076923077 0.43028846153846156 0.026442307692307692 0.07211538461538461
2 0.7884615384615384 0.3125 0.021634615384615384 0.06971153846153846
0 0.3701923076923077 0.30528846153846156 0.007211538461538462 0.014423076923076924