3 0.390625 0.12620192307692307 0.019230769230769232 0.038461538461538464
2 0.6526442307692307 0.23076923076923078 0.021634615384615384 0.04567307692307692
2 0.43028846153846156 0.1971153846153846 0.02403846153846154 0.04807692307692308
2 0.43149038461538464 0.2620192307692308 0.02403846153846154 0.055288461538461536
0 0.6478365384615384 0.6694711538461539 0.01201923076923077 0.016826923076923076
2 0.7103365384615384 0.2980769230769231 0.028846153846153848 0.057692307692307696
2 0.6766826923076923 0.6598557692307693 0.04567307692307692 0.0889423076923077
2 0.40865384615384615 0.34975961538461536 0.026442307692307692 0.052884615384615384
2 0.6394230769230769 0.32091346153846156 0.026442307692307692 0.06009615384615385
2 0.5180288461538461 0.2668269230769231 0.026442307692307692 0.057692307692307696
2 0.3004807692307692 0.4807692307692308 0.038461538461538464 0.08173076923076923
2 0.3293269230769231 0.234375 0.028846153846153848 0.0625
2 0.4495192307692308 0.32572115384615385 0.028846153846153848 0.06490384615384616
2 0.3088942307692308 0.234375 0.026442307692307692 0.055288461538461536
3 0.39783653846153844 0.39903846153846156 0.03125 0.07451923076923077
2 0.7199519230769231 0.33774038461538464 0.028846153846153848 0.0625
2 0.26802884615384615 0.28125 0.028846153846153848 0.0673076923076923
2 0.6670673076923077 0.40024038461538464 0.028846153846153848 0.06971153846153846
2 0.22115384615384615 0.5973557692307693 0.04807692307692308 0.09615384615384616
2 0.5853365384615384 0.5829326923076923 0.04326923076923077 0.07932692307692307
2 0.8930288461538461 0.40024038461538464 0.028846153846153848 0.06009615384615385
2 0.36899038461538464 0.7788461538461539 0.0625 0.11057692307692307
2 0.25961538461538464 0.4014423076923077 0.03125 0.07692307692307693