0 0.7908653846153846 0.5060096153846154 0.014423076923076924 0.014423076923076924
2 0.1045673076923077 0.23317307692307693 0.019230769230769232 0.052884615384615384
2 0.3125 0.16947115384615385 0.02403846153846154 0.057692307692307696
3 0.0625 0.17548076923076922 0.019230769230769232 0.052884615384615384
2 0.5252403846153846 0.1502403846153846 0.016826923076923076 0.05048076923076923
2 0.4831730769230769 0.17307692307692307 0.014423076923076924 0.052884615384615384
2 0.6081730769230769 0.203125 0.021634615384615384 0.06490384615384616
3 0.48677884615384615 0.26322115384615385 0.019230769230769232 0.0625
2 0.6574519230769231 0.5012019230769231 0.026442307692307692 0.07692307692307693
2 0.4987980769230769 0.29086538461538464 0.021634615384615384 0.06971153846153846
2 0.7475961538461539 0.2980769230769231 0.021634615384615384 0.07451923076923077
2 0.28125 0.33774038461538464 0.02403846153846154 0.07211538461538461
2 0.19230769230769232 0.27524038461538464 0.021634615384615384 0.06971153846153846
2 0.3269230769230769 0.2776442307692308 0.02403846153846154 0.07211538461538461
2 0.056490384615384616 0.38461538461538464 0.019230769230769232 0.07451923076923077
2 0.6021634615384616 0.38341346153846156 0.028846153846153848 0.07932692307692307
2 0.23798076923076922 0.5985576923076923 0.026442307692307692 0.0985576923076923
2 0.40865384615384615 0.3245192307692308 0.021634615384615384 0.06971153846153846
2 0.7283653846153846 0.33653846153846156 0.02403846153846154 0.08173076923076923
2 0.8629807692307693 0.5264423076923077 0.028846153846153848 0.08653846153846154
2 0.3088942307692308 0.453125 0.02403846153846154 0.08653846153846154
2 0.7980769230769231 0.34975961538461536 0.028846153846153848 0.08173076923076923
2 0.9002403846153846 0.5504807692307693 0.04567307692307692 0.08173076923076923