2 0.39903846153846156 0.16947115384615385 0.01201923076923077 0.04807692307692308
3 0.7163461538461539 0.16466346153846154 0.014423076923076924 0.040865384615384616
2 0.53125 0.19471153846153846 0.014423076923076924 0.040865384615384616
3 0.5673076923076923 0.3942307692307692 0.014423076923076924 0.0673076923076923
2 0.6033653846153846 0.23918269230769232 0.01201923076923077 0.05048076923076923
2 0.44350961538461536 0.22596153846153846 0.016826923076923076 0.05048076923076923
2 0.7295673076923077 0.28125 0.014423076923076924 0.06009615384615385
2 0.3581730769230769 0.24158653846153846 0.014423076923076924 0.052884615384615384
2 0.6742788461538461 0.23798076923076922 0.016826923076923076 0.055288461538461536
2 0.32091346153846156 0.22956730769230768 0.016826923076923076 0.06009615384615385
2 0.7752403846153846 0.2668269230769231 0.016826923076923076 0.055288461538461536
2 0.45552884615384615 0.234375 0.01201923076923077 0.052884615384615384
2 0.7175480769230769 0.3112980769230769 0.014423076923076924 0.057692307692307696
2 0.3233173076923077 0.28725961538461536 0.014423076923076924 0.055288461538461536
2 0.5865384615384616 0.29086538461538464 0.014423076923076924 0.06009615384615385
2 0.7680288461538461 0.3425480769230769 0.016826923076923076 0.06009615384615385
2 0.8305288461538461 0.5216346153846154 0.021634615384615384 0.07451923076923077
2 0.15625 0.24639423076923078 0.016826923076923076 0.057692307692307696
2 0.7572115384615384 0.4230769230769231 0.016826923076923076 0.07211538461538461
2 0.25240384615384615 0.4795673076923077 0.021634615384615384 0.07211538461538461
2 0.8185096153846154 0.7211538461538461 0.028846153846153848 0.0985576923076923
2 0.5661057692307693 0.3713942307692308 0.01201923076923077 0.04807692307692308