2 0.5324519230769231 0.21995192307692307 0.013221153846153846 0.030048076923076924
3 0.22596153846153846 0.21033653846153846 0.009615384615384616 0.04807692307692308
2 0.6742788461538461 0.234375 0.019230769230769232 0.051682692307692304
2 0.6598557692307693 0.23076923076923078 0.015625 0.046875
2 0.4855769230769231 0.26802884615384615 0.01201923076923077 0.055288461538461536
3 0.546875 0.30528846153846156 0.018028846153846152 0.057692307692307696
2 0.2439903846153846 0.2704326923076923 0.014423076923076924 0.057692307692307696
2 0.5745192307692307 0.3076923076923077 0.015625 0.055288461538461536
2 0.35697115384615385 0.6189903846153846 0.018028846153846152 0.09014423076923077
2 0.3786057692307692 0.3016826923076923 0.013221153846153846 0.0625
2 0.19471153846153846 0.38221153846153844 0.016826923076923076 0.06850961538461539
2 0.3449519230769231 0.36778846153846156 0.013221153846153846 0.0673076923076923
2 0.4411057692307692 0.3894230769230769 0.015625 0.0673076923076923
2 0.7764423076923077 0.3605769230769231 0.016826923076923076 0.06850961538461539
2 0.37259615384615385 0.4879807692307692 0.013221153846153846 0.07451923076923077
2 0.7920673076923077 0.328125 0.013221153846153846 0.06850961538461539
2 0.6189903846153846 0.4050480769230769 0.020432692307692308 0.06971153846153846
2 0.8197115384615384 0.4266826923076923 0.019230769230769232 0.07091346153846154
2 0.8725961538461539 0.6826923076923077 0.020432692307692308 0.09014423076923077
2 0.5576923076923077 0.6490384615384616 0.02403846153846154 0.0829326923076923
2 0.890625 0.5817307692307693 0.018028846153846152 0.08173076923076923
0 0.4879807692307692 0.2283653846153846 0.004807692307692308 0.010817307692307692
2 0.48677884615384615 0.21033653846153846 0.013221153846153846 0.046875