3 0.3389423076923077 0.16346153846153846 0.019230769230769232 0.040865384615384616
2 0.5829326923076923 0.21995192307692307 0.02403846153846154 0.04567307692307692
3 0.59375 0.3245192307692308 0.021634615384615384 0.0625
2 0.7127403846153846 0.3016826923076923 0.019230769230769232 0.04807692307692308
2 0.6875 0.31971153846153844 0.021634615384615384 0.055288461538461536
2 0.5276442307692307 0.30528846153846156 0.021634615384615384 0.052884615384615384
2 0.42908653846153844 0.43509615384615385 0.03365384615384615 0.07692307692307693
2 0.3858173076923077 0.265625 0.028846153846153848 0.057692307692307696
2 0.5817307692307693 0.38341346153846156 0.02403846153846154 0.06490384615384616
2 0.7680288461538461 0.4050480769230769 0.026442307692307692 0.06490384615384616
2 0.46875 0.35336538461538464 0.02403846153846154 0.06490384615384616
2 0.40865384615384615 0.49759615384615385 0.03125 0.08413461538461539
2 0.4098557692307692 0.37740384615384615 0.028846153846153848 0.07211538461538461
2 0.7403846153846154 0.359375 0.02403846153846154 0.0625
2 0.8040865384615384 0.7307692307692307 0.036057692307692304 0.08653846153846154
2 0.7932692307692307 0.6911057692307693 0.03125 0.08173076923076923
2 0.41947115384615385 0.6875 0.036057692307692304 0.08653846153846154
2 0.8377403846153846 0.5420673076923077 0.03125 0.07932692307692307
2 0.25240384615384615 0.35697115384615385 0.028846153846153848 0.06971153846153846
2 0.3918269230769231 0.6538461538461539 0.036057692307692304 0.0985576923076923
2 0.625 0.49759615384615385 0.03125 0.07211538461538461
2 0.7920673076923077 0.4266826923076923 0.026442307692307692 0.06971153846153846
0 0.39783653846153844 0.2920673076923077 0.009615384615384616 0.014423076923076924