3 0.5480769230769231 0.24278846153846154 0.01201923076923077 0.03125
2 0.7548076923076923 0.375 0.02403846153846154 0.06009615384615385
2 0.8257211538461539 0.43028846153846156 0.021634615384615384 0.04326923076923077
2 0.5036057692307693 0.37259615384615385 0.016826923076923076 0.04326923076923077
1 0.8269230769230769 0.3293269230769231 0.021634615384615384 0.04326923076923077
2 0.6646634615384616 0.3449519230769231 0.021634615384615384 0.040865384615384616
2 0.48677884615384615 0.3269230769230769 0.019230769230769232 0.04326923076923077
2 0.65625 0.3870192307692308 0.019230769230769232 0.04807692307692308
3 0.6598557692307693 0.4375 0.016826923076923076 0.052884615384615384
2 0.38100961538461536 0.38100961538461536 0.021634615384615384 0.055288461538461536
2 0.7740384615384616 0.40024038461538464 0.019230769230769232 0.05048076923076923
2 0.13341346153846154 0.5216346153846154 0.019230769230769232 0.052884615384615384
2 0.5216346153846154 0.4807692307692308 0.019230769230769232 0.057692307692307696
2 0.15745192307692307 0.4723557692307692 0.019230769230769232 0.052884615384615384
3 0.1045673076923077 0.8786057692307693 0.028846153846153848 0.08653846153846154
2 0.59375 0.4110576923076923 0.019230769230769232 0.04567307692307692
2 0.4807692307692308 0.42788461538461536 0.02403846153846154 0.052884615384615384
2 0.20432692307692307 0.5240384615384616 0.019230769230769232 0.055288461538461536
2 0.39783653846153844 0.5901442307692307 0.021634615384615384 0.0625
2 0.4074519230769231 0.4807692307692308 0.02403846153846154 0.055288461538461536
2 0.2439903846153846 0.5060096153846154 0.02403846153846154 0.055288461538461536
2 0.20072115384615385 0.6322115384615384 0.02403846153846154 0.06971153846153846
0 0.8173076923076923 0.453125 0.007211538461538462 0.009615384615384616
2 0.8257211538461539 0.421875 0.028846153846153848 0.04567307692307692