3 0.6237980769230769 0.17548076923076922 0.019230769230769232 0.040865384615384616
2 0.34375 0.27283653846153844 0.021634615384615384 0.04807692307692308
2 0.578125 0.25 0.021634615384615384 0.05048076923076923
2 0.5733173076923077 0.31850961538461536 0.02403846153846154 0.06009615384615385
0 0.3245192307692308 0.7331730769230769 0.01201923076923077 0.016826923076923076
2 0.27884615384615385 0.3401442307692308 0.028846153846153848 0.06009615384615385
2 0.2932692307692308 0.7223557692307693 0.04326923076923077 0.09375
2 0.5925480769230769 0.4110576923076923 0.02403846153846154 0.057692307692307696
2 0.35336538461538464 0.36658653846153844 0.02403846153846154 0.0625
2 0.48197115384615385 0.3173076923076923 0.02403846153846154 0.06009615384615385
2 0.7007211538461539 0.5552884615384616 0.036057692307692304 0.08653846153846154
2 0.6814903846153846 0.29447115384615385 0.026442307692307692 0.0673076923076923
2 0.5516826923076923 0.38341346153846156 0.028846153846153848 0.0673076923076923
2 0.7055288461538461 0.29447115384615385 0.02403846153846154 0.057692307692307696
3 0.6033653846153846 0.4639423076923077 0.028846153846153848 0.07932692307692307
2 0.26802884615384615 0.38221153846153844 0.026442307692307692 0.0673076923076923
2 0.7439903846153846 0.3473557692307692 0.028846153846153848 0.07211538461538461
2 0.3173076923076923 0.45072115384615385 0.028846153846153848 0.07451923076923077
2 0.7764423076923077 0.6826923076923077 0.04807692307692308 0.10096153846153846
2 0.3942307692307692 0.6466346153846154 0.040865384615384616 0.08413461538461539
2 0.08173076923076923 0.4375 0.026442307692307692 0.0625
2 0.6117788461538461 0.8653846153846154 0.06009615384615385 0.11538461538461539
2 0.7475961538461539 0.4735576923076923 0.03125 0.07932692307692307