2 0.2283653846153846 0.3329326923076923 0.03365384615384615 0.055288461538461536
3 0.2091346153846154 0.2512019230769231 0.02403846153846154 0.04326923076923077
2 0.515625 0.18870192307692307 0.019230769230769232 0.04567307692307692
2 0.4795673076923077 0.234375 0.016826923076923076 0.040865384615384616
2 0.22115384615384615 0.34615384615384615 0.028846153846153848 0.06009615384615385
2 0.5661057692307693 0.21634615384615385 0.02403846153846154 0.04807692307692308
2 0.39783653846153844 0.234375 0.019230769230769232 0.04326923076923077
2 0.48677884615384615 0.2692307692307692 0.026442307692307692 0.055288461538461536
2 0.35216346153846156 0.4110576923076923 0.040865384615384616 0.06490384615384616
2 0.3641826923076923 0.3173076923076923 0.02403846153846154 0.055288461538461536
3 0.4387019230769231 0.4266826923076923 0.02403846153846154 0.06490384615384616
2 0.328125 0.28365384615384615 0.021634615384615384 0.05048076923076923
2 0.5180288461538461 0.2644230769230769 0.021634615384615384 0.055288461538461536
2 0.19110576923076922 0.46153846153846156 0.028846153846153848 0.06490384615384616
2 0.6887019230769231 0.24158653846153846 0.02403846153846154 0.057692307692307696
2 0.27163461538461536 0.4254807692307692 0.026442307692307692 0.06490384615384616
2 0.24759615384615385 0.3016826923076923 0.03125 0.055288461538461536
2 0.609375 0.3088942307692308 0.02403846153846154 0.0625
2 0.18990384615384615 0.6009615384615384 0.03365384615384615 0.07451923076923077
2 0.21875 0.4951923076923077 0.03125 0.07211538461538461
2 0.21514423076923078 0.7764423076923077 0.04326923076923077 0.10096153846153846
2 0.8088942307692307 0.4699519230769231 0.036057692307692304 0.08653846153846154
0 0.5649038461538461 0.23557692307692307 0.009615384615384616 0.014423076923076924