3 0.6947115384615384 0.19471153846153846 0.010817307692307692 0.03485576923076923
2 0.43028846153846156 0.23317307692307693 0.010817307692307692 0.042067307692307696
2 0.6418269230769231 0.25240384615384615 0.010817307692307692 0.04447115384615385
2 0.6262019230769231 0.3112980769230769 0.010817307692307692 0.052884615384615384
0 0.33533653846153844 0.6370192307692307 0.007211538461538462 0.014423076923076924
2 0.36177884615384615 0.28125 0.015625 0.051682692307692304
2 0.3088942307692308 0.6213942307692307 0.02403846153846154 0.0829326923076923
2 0.6262019230769231 0.39783653846153844 0.013221153846153846 0.04927884615384615
2 0.421875 0.3173076923076923 0.01201923076923077 0.055288461538461536
2 0.5456730769230769 0.2956730769230769 0.01201923076923077 0.052884615384615384
2 0.6971153846153846 0.5432692307692307 0.019230769230769232 0.07572115384615384
2 0.7259615384615384 0.31009615384615385 0.01201923076923077 0.057692307692307696
2 0.5961538461538461 0.36538461538461536 0.013221153846153846 0.05889423076923077
2 0.7463942307692307 0.31490384615384615 0.013221153846153846 0.05048076923076923
3 0.6274038461538461 0.44591346153846156 0.014423076923076924 0.06971153846153846
2 0.3449519230769231 0.3161057692307692 0.01201923076923077 0.057692307692307696
2 0.7716346153846154 0.36778846153846156 0.013221153846153846 0.06370192307692307
2 0.37740384615384615 0.38461538461538464 0.013221153846153846 0.06610576923076923
2 0.7427884615384616 0.6682692307692307 0.026442307692307692 0.08653846153846154
2 0.4110576923076923 0.5709134615384616 0.02403846153846154 0.07211538461538461
2 0.17067307692307693 0.3329326923076923 0.014423076923076924 0.055288461538461536
2 0.5649038461538461 0.8016826923076923 0.036057692307692304 0.09975961538461539
2 0.7524038461538461 0.4795673076923077 0.014423076923076924 0.06971153846153846