2 0.44591346153846156 0.1935096153846154 0.016826923076923076 0.04567307692307692
3 0.7463942307692307 0.22596153846153846 0.016826923076923076 0.040865384615384616
2 0.5685096153846154 0.23197115384615385 0.016826923076923076 0.040865384615384616
3 0.5793269230769231 0.42427884615384615 0.021634615384615384 0.0625
2 0.6310096153846154 0.28365384615384615 0.016826923076923076 0.04807692307692308
2 0.48197115384615385 0.25240384615384615 0.021634615384615384 0.04807692307692308
2 0.7463942307692307 0.33653846153846156 0.019230769230769232 0.055288461538461536
2 0.40024038461538464 0.2548076923076923 0.019230769230769232 0.05048076923076923
2 0.6971153846153846 0.29086538461538464 0.021634615384615384 0.052884615384615384
2 0.36538461538461536 0.24158653846153846 0.02403846153846154 0.057692307692307696
2 0.7896634615384616 0.328125 0.021634615384615384 0.052884615384615384
2 0.49158653846153844 0.2608173076923077 0.019230769230769232 0.05048076923076923
2 0.7295673076923077 0.3629807692307692 0.021634615384615384 0.055288461538461536
2 0.36177884615384615 0.2956730769230769 0.021634615384615384 0.052884615384615384
2 0.609375 0.33052884615384615 0.019230769230769232 0.055288461538461536
2 0.7740384615384616 0.39903846153846156 0.02403846153846154 0.057692307692307696
2 0.8112980769230769 0.5745192307692307 0.026442307692307692 0.07211538461538461
2 0.2091346153846154 0.23798076923076922 0.02403846153846154 0.055288461538461536
2 0.7548076923076923 0.47475961538461536 0.02403846153846154 0.06971153846153846
2 0.27283653846153844 0.46875 0.026442307692307692 0.06971153846153846
2 0.7788461538461539 0.7620192307692307 0.038461538461538464 0.09375
2 0.5793269230769231 0.4026442307692308 0.016826923076923076 0.04567307692307692