0 0.6899038461538461 0.3173076923076923 0.007211538461538462 0.01201923076923077
2 0.5216346153846154 0.1971153846153846 0.016826923076923076 0.040865384615384616
3 0.2848557692307692 0.14302884615384615 0.019230769230769232 0.04326923076923077
2 0.35697115384615385 0.20432692307692307 0.019230769230769232 0.04567307692307692
2 0.43990384615384615 0.27283653846153844 0.021634615384615384 0.05048076923076923
2 0.390625 0.31971153846153844 0.02403846153846154 0.06009615384615385
2 0.7331730769230769 0.33653846153846156 0.021634615384615384 0.055288461538461536
2 0.6887019230769231 0.2608173076923077 0.026442307692307692 0.04807692307692308
2 0.48677884615384615 0.2668269230769231 0.02403846153846154 0.055288461538461536
2 0.2920673076923077 0.24278846153846154 0.026442307692307692 0.06009615384615385
2 0.2247596153846154 0.2956730769230769 0.026442307692307692 0.0625
2 0.6574519230769231 0.33052884615384615 0.026442307692307692 0.057692307692307696
3 0.4807692307692308 0.41346153846153844 0.026442307692307692 0.0673076923076923
2 0.1875 0.7079326923076923 0.05048076923076923 0.10576923076923077
2 0.3894230769230769 0.41466346153846156 0.028846153846153848 0.06971153846153846
2 0.22115384615384615 0.27403846153846156 0.02403846153846154 0.057692307692307696
2 0.6310096153846154 0.3894230769230769 0.026442307692307692 0.0625
2 0.17668269230769232 0.3798076923076923 0.036057692307692304 0.07692307692307693
2 0.609375 0.33774038461538464 0.02403846153846154 0.055288461538461536
2 0.43149038461538464 0.42788461538461536 0.03125 0.06971153846153846
2 0.18870192307692307 0.4014423076923077 0.03125 0.07692307692307693
2 0.8173076923076923 0.6286057692307693 0.040865384615384616 0.08413461538461539
2 0.14543269230769232 0.49278846153846156 0.040865384615384616 0.07932692307692307