3 0.7451923076923077 0.3173076923076923 0.014423076923076924 0.028846153846153848
0 0.4963942307692308 0.6730769230769231 0.007211538461538462 0.01201923076923077
2 0.5408653846153846 0.6382211538461539 0.038461538461538464 0.06009615384615385
2 0.8016826923076923 0.7163461538461539 0.036057692307692304 0.07451923076923077
2 0.41466346153846156 0.3641826923076923 0.019230769230769232 0.04807692307692308
2 0.5300480769230769 0.39302884615384615 0.019230769230769232 0.04807692307692308
2 0.6742788461538461 0.6550480769230769 0.026442307692307692 0.06971153846153846
2 0.5901442307692307 0.6983173076923077 0.026442307692307692 0.0625
2 0.3737980769230769 0.35096153846153844 0.02403846153846154 0.04807692307692308
2 0.7487980769230769 0.5408653846153846 0.021634615384615384 0.057692307692307696
3 0.6742788461538461 0.5096153846153846 0.02403846153846154 0.06009615384615385
2 0.6069711538461539 0.6911057692307693 0.036057692307692304 0.07692307692307693
2 0.7043269230769231 0.41346153846153844 0.02403846153846154 0.04807692307692308
3 0.006009615384615385 0.6466346153846154 0.01201923076923077 0.08173076923076923
2 0.35336538461538464 0.5108173076923077 0.026442307692307692 0.057692307692307696
2 0.7668269230769231 0.6622596153846154 0.03125 0.07211538461538461
2 0.6526442307692307 0.6634615384615384 0.036057692307692304 0.06971153846153846
2 0.6778846153846154 0.6971153846153846 0.026442307692307692 0.06490384615384616
2 0.4675480769230769 0.47596153846153844 0.02403846153846154 0.055288461538461536
2 0.3016826923076923 0.37740384615384615 0.02403846153846154 0.055288461538461536
2 0.10336538461538461 0.5252403846153846 0.028846153846153848 0.07451923076923077
2 0.6141826923076923 0.5456730769230769 0.026442307692307692 0.06490384615384616
2 0.43509615384615385 0.6141826923076923 0.028846153846153848 0.06490384615384616
2 0.5889423076923077 0.30528846153846156 0.016826923076923076 0.040865384615384616