3 0.6201923076923077 0.25841346153846156 0.014423076923076924 0.03365384615384615
0 0.8725961538461539 0.5612980769230769 0.007211538461538462 0.01201923076923077
2 0.49158653846153844 0.40024038461538464 0.02403846153846154 0.04807692307692308
2 0.8112980769230769 0.46634615384615385 0.02403846153846154 0.06009615384615385
2 0.11057692307692307 0.42908653846153844 0.021634615384615384 0.0625
2 0.8305288461538461 0.5204326923076923 0.03125 0.057692307692307696
2 0.6826923076923077 0.43990384615384615 0.02403846153846154 0.052884615384615384
2 0.11538461538461539 0.6153846153846154 0.02403846153846154 0.07932692307692307
2 0.44350961538461536 0.32091346153846156 0.021634615384615384 0.038461538461538464
2 0.6742788461538461 0.3762019230769231 0.02403846153846154 0.04326923076923077
2 0.24639423076923078 0.3954326923076923 0.019230769230769232 0.057692307692307696
2 0.4411057692307692 0.45072115384615385 0.026442307692307692 0.057692307692307696
2 0.3557692307692308 0.3485576923076923 0.02403846153846154 0.05048076923076923
2 0.7932692307692307 0.5180288461538461 0.03125 0.0625
2 0.5048076923076923 0.4639423076923077 0.021634615384615384 0.055288461538461536
3 0.6189903846153846 0.5144230769230769 0.03125 0.06009615384615385
2 0.29447115384615385 0.45552884615384615 0.019230769230769232 0.06009615384615385
2 0.421875 0.5240384615384616 0.026442307692307692 0.0625
2 0.30408653846153844 0.6057692307692307 0.028846153846153848 0.0673076923076923
2 0.26322115384615385 0.48197115384615385 0.02403846153846154 0.06490384615384616
2 0.7920673076923077 0.6009615384615384 0.02403846153846154 0.06971153846153846
2 0.8100961538461539 0.6213942307692307 0.028846153846153848 0.06971153846153846
2 0.30408653846153844 0.53125 0.028846153846153848 0.06009615384615385