3 0.6694711538461539 0.3125 0.006009615384615385 0.025240384615384616
2 0.5576923076923077 0.35697115384615385 0.010817307692307692 0.03365384615384615
3 0.5060096153846154 0.39302884615384615 0.008413461538461538 0.03365384615384615
2 0.3713942307692308 0.4326923076923077 0.008413461538461538 0.036057692307692304
1 0.0889423076923077 0.4230769230769231 0.01201923076923077 0.038461538461538464
2 0.36778846153846156 0.5228365384615384 0.008413461538461538 0.042067307692307696
2 0.3473557692307692 0.4375 0.009615384615384616 0.038461538461538464
2 0.36538461538461536 0.3870192307692308 0.009615384615384616 0.028846153846153848
2 0.48677884615384615 0.41225961538461536 0.008413461538461538 0.03485576923076923
2 0.33533653846153844 0.4050480769230769 0.008413461538461538 0.03365384615384615
2 0.38822115384615385 0.41586538461538464 0.008413461538461538 0.03485576923076923
2 0.46274038461538464 0.3870192307692308 0.007211538461538462 0.03245192307692308
2 0.5024038461538461 0.45913461538461536 0.01201923076923077 0.038461538461538464
2 0.3137019230769231 0.625 0.013221153846153846 0.052884615384615384
2 0.15504807692307693 0.6538461538461539 0.01201923076923077 0.05048076923076923
2 0.3786057692307692 0.4699519230769231 0.008413461538461538 0.038461538461538464
2 0.5637019230769231 0.6358173076923077 0.010817307692307692 0.052884615384615384
2 0.5853365384615384 0.5432692307692307 0.013221153846153846 0.039663461538461536
2 0.28846153846153844 0.4879807692307692 0.01201923076923077 0.04447115384615385
1 0.8461538461538461 0.484375 0.008413461538461538 0.040865384615384616
2 0.7463942307692307 0.43509615384615385 0.008413461538461538 0.03485576923076923
3 0.16706730769230768 0.6766826923076923 0.014423076923076924 0.055288461538461536
2 0.21995192307692307 0.5925480769230769 0.010817307692307692 0.038461538461538464
2 0.5637019230769231 0.5048076923076923 0.010817307692307692 0.04567307692307692
2 0.36778846153846156 0.36658653846153844 0.009615384615384616 0.036057692307692304
0 0.65625 0.6129807692307693 0.007211538461538462 0.01201923076923077