0 0.5805288461538461 0.5961538461538461 0.01201923076923077 0.019230769230769232
3 0.29927884615384615 0.17427884615384615 0.016826923076923076 0.04326923076923077
2 0.6382211538461539 0.22956730769230768 0.028846153846153848 0.057692307692307696
2 0.5360576923076923 0.20552884615384615 0.019230769230769232 0.04807692307692308
2 0.328125 0.3557692307692308 0.028846153846153848 0.052884615384615384
2 0.6310096153846154 0.33774038461538464 0.026442307692307692 0.06971153846153846
2 0.28966346153846156 0.27524038461538464 0.021634615384615384 0.052884615384615384
2 0.5661057692307693 0.5745192307692307 0.040865384615384616 0.09134615384615384
2 0.6442307692307693 0.39783653846153844 0.028846153846153848 0.07692307692307693
2 0.27524038461538464 0.36177884615384615 0.026442307692307692 0.0673076923076923
2 0.48197115384615385 0.7295673076923077 0.04326923076923077 0.09134615384615384
2 0.4110576923076923 0.3137019230769231 0.028846153846153848 0.06490384615384616
2 0.4495192307692308 0.7572115384615384 0.04326923076923077 0.0985576923076923
2 0.48197115384615385 0.5985576923076923 0.038461538461538464 0.09615384615384616
2 0.6682692307692307 0.28725961538461536 0.026442307692307692 0.06971153846153846
2 0.2548076923076923 0.3737980769230769 0.028846153846153848 0.06971153846153846
2 0.8930288461538461 0.27884615384615385 0.028846153846153848 0.06971153846153846
3 0.3701923076923077 0.4651442307692308 0.03125 0.07932692307692307
2 0.5012019230769231 0.3918269230769231 0.03125 0.07451923076923077
2 0.41346153846153844 0.484375 0.036057692307692304 0.07692307692307693
2 0.9026442307692307 0.578125 0.04326923076923077 0.10336538461538461
2 0.2403846153846154 0.4579326923076923 0.04326923076923077 0.08173076923076923
2 0.6766826923076923 0.6009615384615384 0.038461538461538464 0.09375