3 0.6454326923076923 0.2644230769230769 0.01201923076923077 0.03365384615384615
0 0.9266826923076923 0.5552884615384616 0.007211538461538462 0.01201923076923077
2 0.5228365384615384 0.4182692307692308 0.021634615384615384 0.04807692307692308
2 0.8569711538461539 0.46274038461538464 0.021634615384615384 0.06009615384615385
2 0.13581730769230768 0.47475961538461536 0.016826923076923076 0.06490384615384616
2 0.8798076923076923 0.5168269230769231 0.028846153846153848 0.057692307692307696
2 0.7235576923076923 0.44350961538461536 0.021634615384615384 0.052884615384615384
2 0.15384615384615385 0.6658653846153846 0.019230769230769232 0.07932692307692307
2 0.4699519230769231 0.3401442307692308 0.019230769230769232 0.038461538461538464
2 0.7091346153846154 0.3798076923076923 0.021634615384615384 0.04326923076923077
2 0.27283653846153844 0.43149038461538464 0.016826923076923076 0.06009615384615385
2 0.47596153846153844 0.4723557692307692 0.021634615384615384 0.057692307692307696
2 0.38100961538461536 0.3737980769230769 0.021634615384615384 0.05048076923076923
2 0.8413461538461539 0.5168269230769231 0.026442307692307692 0.0625
2 0.5432692307692307 0.48197115384615385 0.019230769230769232 0.055288461538461536
3 0.6622596153846154 0.5264423076923077 0.026442307692307692 0.06009615384615385
2 0.32572115384615385 0.4891826923076923 0.014423076923076924 0.0625
2 0.46033653846153844 0.5504807692307693 0.021634615384615384 0.0625
2 0.34615384615384615 0.6442307692307693 0.02403846153846154 0.0673076923076923
2 0.2956730769230769 0.5180288461538461 0.021634615384615384 0.06490384615384616
2 0.8461538461538461 0.6021634615384616 0.021634615384615384 0.07211538461538461
2 0.8665865384615384 0.6213942307692307 0.02403846153846154 0.06971153846153846
2 0.34134615384615385 0.5661057692307693 0.026442307692307692 0.0625