3 0.3233173076923077 0.18509615384615385 0.01201923076923077 0.038461538461538464
2 0.5685096153846154 0.18870192307692307 0.016826923076923076 0.04326923076923077
3 0.6021634615384616 0.28725961538461536 0.01201923076923077 0.0625
2 0.7115384615384616 0.2403846153846154 0.009615384615384616 0.04567307692307692
2 0.6923076923076923 0.26322115384615385 0.009615384615384616 0.055288461538461536
2 0.5348557692307693 0.2824519230769231 0.01201923076923077 0.052884615384615384
2 0.4675480769230769 0.4254807692307692 0.021634615384615384 0.07451923076923077
2 0.390625 0.27403846153846156 0.019230769230769232 0.052884615384615384
2 0.6021634615384616 0.3473557692307692 0.01201923076923077 0.0625
2 0.7860576923076923 0.328125 0.016826923076923076 0.0625
2 0.4879807692307692 0.3389423076923077 0.014423076923076924 0.0625
2 0.45913461538461536 0.49278846153846156 0.019230769230769232 0.08173076923076923
2 0.4362980769230769 0.375 0.016826923076923076 0.06971153846153846
2 0.75 0.29086538461538464 0.014423076923076924 0.06009615384615385
2 0.8882211538461539 0.6334134615384616 0.019230769230769232 0.08413461538461539
2 0.8689903846153846 0.5997596153846154 0.019230769230769232 0.07932692307692307
2 0.5084134615384616 0.671875 0.021634615384615384 0.08413461538461539
2 0.8810096153846154 0.44591346153846156 0.019230769230769232 0.07692307692307693
2 0.2800480769230769 0.38822115384615385 0.016826923076923076 0.0673076923076923
2 0.47475961538461536 0.6442307692307693 0.019230769230769232 0.09615384615384616
2 0.6670673076923077 0.44711538461538464 0.019230769230769232 0.06971153846153846
2 0.8137019230769231 0.3449519230769231 0.014423076923076924 0.0673076923076923
0 0.40625 0.29447115384615385 0.007211538461538462 0.014423076923076924