3 0.6418269230769231 0.24879807692307693 0.007211538461538462 0.027644230769230768
2 0.4951923076923077 0.2920673076923077 0.009615384615384616 0.042067307692307696
2 0.3317307692307692 0.33052884615384615 0.010817307692307692 0.038461538461538464
3 0.44350961538461536 0.35697115384615385 0.009615384615384616 0.046875
2 0.3112980769230769 0.33413461538461536 0.010817307692307692 0.04567307692307692
2 0.390625 0.40384615384615385 0.008413461538461538 0.04927884615384615
2 0.6286057692307693 0.6850961538461539 0.021634615384615384 0.06490384615384616
2 0.27524038461538464 0.38100961538461536 0.010817307692307692 0.05048076923076923
2 0.4098557692307692 0.39783653846153844 0.014423076923076924 0.05048076923076923
2 0.5456730769230769 0.42788461538461536 0.014423076923076924 0.054086538461538464
2 0.2403846153846154 0.42788461538461536 0.01201923076923077 0.056490384615384616
2 0.2860576923076923 0.3870192307692308 0.010817307692307692 0.05048076923076923
3 0.04927884615384615 0.734375 0.021634615384615384 0.078125
2 0.3581730769230769 0.7019230769230769 0.020432692307692308 0.078125
2 0.6911057692307693 0.37740384615384615 0.010817307692307692 0.05048076923076923
2 0.5612980769230769 0.5276442307692307 0.010817307692307692 0.06490384615384616
2 0.5949519230769231 0.44711538461538464 0.013221153846153846 0.052884615384615384
2 0.37259615384615385 0.5552884615384616 0.016826923076923076 0.06610576923076923
2 0.9399038461538461 0.48197115384615385 0.014423076923076924 0.056490384615384616
2 0.3545673076923077 0.42788461538461536 0.01201923076923077 0.054086538461538464
2 0.14423076923076922 0.6346153846153846 0.015625 0.0673076923076923
2 0.171875 0.5168269230769231 0.015625 0.06129807692307692
2 0.5120192307692307 0.6045673076923077 0.016826923076923076 0.06971153846153846
2 0.22235576923076922 0.6682692307692307 0.02283653846153846 0.07091346153846154
0 0.6358173076923077 0.7067307692307693 0.006009615384615385 0.01201923076923077