3 0.2512019230769231 0.13581730769230768 0.02403846153846154 0.04807692307692308
2 0.5456730769230769 0.21514423076923078 0.019230769230769232 0.04326923076923077
2 0.5036057692307693 0.18990384615384615 0.021634615384615384 0.055288461538461536
2 0.6490384615384616 0.21634615384615385 0.02403846153846154 0.052884615384615384
2 0.4639423076923077 0.24879807692307693 0.021634615384615384 0.052884615384615384
3 0.5961538461538461 0.3076923076923077 0.028846153846153848 0.0625
2 0.5865384615384616 0.30408653846153844 0.026442307692307692 0.0625
2 0.671875 0.25240384615384615 0.026442307692307692 0.052884615384615384
2 0.4326923076923077 0.3112980769230769 0.03365384615384615 0.06971153846153846
2 0.2800480769230769 0.18389423076923078 0.028846153846153848 0.055288461538461536
2 0.7992788461538461 0.42788461538461536 0.028846153846153848 0.07211538461538461
2 0.3786057692307692 0.25 0.026442307692307692 0.0625
2 0.8305288461538461 0.46875 0.036057692307692304 0.07692307692307693
2 0.21033653846153846 0.29086538461538464 0.026442307692307692 0.06971153846153846
2 0.484375 0.3173076923076923 0.028846153846153848 0.06971153846153846
2 0.59375 0.38100961538461536 0.026442307692307692 0.0673076923076923
2 0.7848557692307693 0.38100961538461536 0.028846153846153848 0.06971153846153846
2 0.34975961538461536 0.40865384615384615 0.03125 0.07692307692307693
2 0.8810096153846154 0.640625 0.036057692307692304 0.08413461538461539
2 0.5817307692307693 0.5709134615384616 0.040865384615384616 0.10576923076923077
2 0.3545673076923077 0.5420673076923077 0.04567307692307692 0.09134615384615384
2 0.8858173076923077 0.7211538461538461 0.038461538461538464 0.09134615384615384
0 0.3701923076923077 0.2764423076923077 0.009615384615384616 0.014423076923076924