3 0.4951923076923077 0.20793269230769232 0.016826923076923076 0.03365384615384615
2 0.2548076923076923 0.31971153846153844 0.03365384615384615 0.0673076923076923
2 0.171875 0.3713942307692308 0.028846153846153848 0.04807692307692308
2 0.5240384615384616 0.35096153846153844 0.02403846153846154 0.04807692307692308
1 0.18269230769230768 0.2620192307692308 0.028846153846153848 0.04807692307692308
2 0.3545673076923077 0.29927884615384615 0.028846153846153848 0.04567307692307692
2 0.5480769230769231 0.30528846153846156 0.026442307692307692 0.04567307692307692
2 0.3581730769230769 0.34615384615384615 0.026442307692307692 0.052884615384615384
3 0.3485576923076923 0.4014423076923077 0.02403846153846154 0.057692307692307696
2 0.6538461538461539 0.3762019230769231 0.028846153846153848 0.06009615384615385
2 0.23197115384615385 0.34375 0.026442307692307692 0.055288461538461536
2 0.9026442307692307 0.5576923076923077 0.026442307692307692 0.057692307692307696
2 0.49038461538461536 0.4639423076923077 0.026442307692307692 0.06009615384615385
2 0.8834134615384616 0.5048076923076923 0.026442307692307692 0.057692307692307696
3 0.8870192307692307 0.9459134615384616 0.040865384615384616 0.09375
2 0.4230769230769231 0.38100961538461536 0.026442307692307692 0.05048076923076923
2 0.5420673076923077 0.41225961538461536 0.03125 0.057692307692307696
2 0.8257211538461539 0.5540865384615384 0.026442307692307692 0.06009615384615385
2 0.609375 0.5973557692307693 0.03125 0.0673076923076923
2 0.6141826923076923 0.4795673076923077 0.03365384615384615 0.0625
2 0.7860576923076923 0.5276442307692307 0.03125 0.06009615384615385
2 0.8149038461538461 0.6682692307692307 0.036057692307692304 0.07451923076923077
0 0.17668269230769232 0.3954326923076923 0.007211538461538462 0.01201923076923077
2 0.17427884615384615 0.3605769230769231 0.036057692307692304 0.05048076923076923