0 0.7512019230769231 0.5480769230769231 0.014423076923076924 0.014423076923076924
2 0.109375 0.2932692307692308 0.016826923076923076 0.04807692307692308
2 0.30408653846153844 0.234375 0.021634615384615384 0.055288461538461536
3 0.07091346153846154 0.23798076923076922 0.016826923076923076 0.04807692307692308
2 0.5012019230769231 0.21514423076923078 0.014423076923076924 0.04807692307692308
2 0.4639423076923077 0.23798076923076922 0.01201923076923077 0.05048076923076923
2 0.5817307692307693 0.265625 0.019230769230769232 0.06009615384615385
3 0.4675480769230769 0.32211538461538464 0.016826923076923076 0.057692307692307696
2 0.6262019230769231 0.5444711538461539 0.02403846153846154 0.07211538461538461
2 0.47716346153846156 0.3473557692307692 0.019230769230769232 0.06490384615384616
2 0.7091346153846154 0.3545673076923077 0.019230769230769232 0.06971153846153846
2 0.27403846153846156 0.390625 0.021634615384615384 0.0673076923076923
2 0.19230769230769232 0.33413461538461536 0.021634615384615384 0.06490384615384616
2 0.3173076923076923 0.33413461538461536 0.021634615384615384 0.0673076923076923
2 0.06490384615384616 0.43509615384615385 0.016826923076923076 0.06971153846153846
2 0.5745192307692307 0.4338942307692308 0.026442307692307692 0.07451923076923077
2 0.234375 0.6346153846153846 0.026442307692307692 0.09134615384615384
2 0.3942307692307692 0.3786057692307692 0.021634615384615384 0.06490384615384616
2 0.6923076923076923 0.390625 0.021634615384615384 0.07451923076923077
2 0.8197115384615384 0.5673076923076923 0.026442307692307692 0.08173076923076923
2 0.3004807692307692 0.4987980769230769 0.02403846153846154 0.08173076923076923
2 0.7572115384615384 0.4026442307692308 0.026442307692307692 0.07692307692307693
2 0.8521634615384616 0.5901442307692307 0.04326923076923077 0.07692307692307693