2 0.5721153846153846 0.15144230769230768 0.021634615384615384 0.036057692307692304
3 0.9050480769230769 0.21153846153846154 0.021634615384615384 0.052884615384615384
2 0.41586538461538464 0.13581730769230768 0.03125 0.06009615384615385
2 0.4326923076923077 0.1346153846153846 0.026442307692307692 0.052884615384615384
2 0.6129807692307693 0.21394230769230768 0.026442307692307692 0.0625
3 0.5384615384615384 0.2403846153846154 0.03125 0.0673076923076923
2 0.8713942307692307 0.27163461538461536 0.028846153846153848 0.06490384615384616
2 0.5084134615384616 0.23677884615384615 0.028846153846153848 0.0625
2 0.6706730769230769 0.6213942307692307 0.038461538461538464 0.10096153846153846
2 0.7199519230769231 0.27524038461538464 0.028846153846153848 0.06971153846153846
2 0.8978365384615384 0.4026442307692308 0.03365384615384615 0.07692307692307693
2 0.7403846153846154 0.3545673076923077 0.028846153846153848 0.07692307692307693
2 0.6322115384615384 0.3545673076923077 0.03365384615384615 0.07451923076923077
2 0.27884615384615385 0.24759615384615385 0.03365384615384615 0.07692307692307693
2 0.6826923076923077 0.47596153846153844 0.03125 0.08413461538461539
2 0.26802884615384615 0.2091346153846154 0.028846153846153848 0.07692307692307693
2 0.4375 0.33052884615384615 0.036057692307692304 0.07932692307692307
2 0.21634615384615385 0.3076923076923077 0.036057692307692304 0.08173076923076923
2 0.10096153846153846 0.5709134615384616 0.04326923076923077 0.10096153846153846
2 0.44711538461538464 0.6081730769230769 0.04326923076923077 0.09375
2 0.10576923076923077 0.45913461538461536 0.038461538461538464 0.09134615384615384
0 0.6201923076923077 0.171875 0.007211538461538462 0.01201923076923077
2 0.6237980769230769 0.15144230769230768 0.02403846153846154 0.052884615384615384