3 0.5600961538461539 0.20793269230769232 0.014423076923076924 0.03125
2 0.7788461538461539 0.33653846153846156 0.026442307692307692 0.0625
2 0.8557692307692307 0.3918269230769231 0.02403846153846154 0.04567307692307692
2 0.5204326923076923 0.3425480769230769 0.021634615384615384 0.04567307692307692
1 0.8533653846153846 0.2860576923076923 0.02403846153846154 0.04567307692307692
2 0.6862980769230769 0.3088942307692308 0.02403846153846154 0.04326923076923077
2 0.5 0.296875 0.021634615384615384 0.04326923076923077
2 0.6778846153846154 0.35216346153846156 0.021634615384615384 0.05048076923076923
3 0.6838942307692307 0.4050480769230769 0.019230769230769232 0.055288461538461536
2 0.39302884615384615 0.35697115384615385 0.021634615384615384 0.057692307692307696
2 0.7992788461538461 0.36177884615384615 0.021634615384615384 0.052884615384615384
2 0.140625 0.5108173076923077 0.021634615384615384 0.055288461538461536
2 0.5420673076923077 0.4543269230769231 0.021634615384615384 0.057692307692307696
2 0.16346153846153846 0.46033653846153844 0.021634615384615384 0.055288461538461536
3 0.12259615384615384 0.8810096153846154 0.03365384615384615 0.09134615384615384
2 0.6129807692307693 0.38100961538461536 0.021634615384615384 0.04807692307692308
2 0.49759615384615385 0.40024038461538464 0.026442307692307692 0.055288461538461536
2 0.21394230769230768 0.5120192307692307 0.021634615384615384 0.057692307692307696
2 0.41586538461538464 0.5721153846153846 0.02403846153846154 0.06490384615384616
2 0.4230769230769231 0.45913461538461536 0.026442307692307692 0.057692307692307696
2 0.2536057692307692 0.49158653846153844 0.02403846153846154 0.057692307692307696
2 0.21394230769230768 0.6237980769230769 0.028846153846153848 0.07211538461538461
0 0.8473557692307693 0.41586538461538464 0.007211538461538462 0.009615384615384616
2 0.8545673076923077 0.38221153846153844 0.03125 0.04567307692307692