3 0.6225961538461539 0.25841346153846156 0.01201923076923077 0.03365384615384615
0 0.8942307692307693 0.5588942307692307 0.007211538461538462 0.01201923076923077
2 0.4951923076923077 0.40865384615384615 0.021634615384615384 0.05048076923076923
2 0.828125 0.4639423076923077 0.02403846153846154 0.06009615384615385
2 0.10576923076923077 0.45072115384615385 0.019230769230769232 0.06490384615384616
2 0.8485576923076923 0.5192307692307693 0.03125 0.057692307692307696
2 0.6947115384615384 0.4411057692307692 0.02403846153846154 0.055288461538461536
2 0.11778846153846154 0.6418269230769231 0.021634615384615384 0.07932692307692307
2 0.44471153846153844 0.3269230769230769 0.019230769230769232 0.038461538461538464
2 0.6826923076923077 0.375 0.021634615384615384 0.04326923076923077
2 0.24519230769230768 0.41225961538461536 0.019230769230769232 0.06009615384615385
2 0.44591346153846156 0.46033653846153844 0.02403846153846154 0.06009615384615385
2 0.3545673076923077 0.359375 0.021634615384615384 0.052884615384615384
2 0.8100961538461539 0.5168269230769231 0.028846153846153848 0.0625
2 0.5132211538461539 0.4735576923076923 0.021634615384615384 0.055288461538461536
3 0.6310096153846154 0.5204326923076923 0.028846153846153848 0.0625
2 0.2956730769230769 0.47115384615384615 0.016826923076923076 0.0625
2 0.42908653846153844 0.5372596153846154 0.02403846153846154 0.0625
2 0.31009615384615385 0.6262019230769231 0.026442307692307692 0.06971153846153846
2 0.2644230769230769 0.5 0.02403846153846154 0.06490384615384616
2 0.8125 0.6033653846153846 0.02403846153846154 0.07211538461538461
2 0.8317307692307693 0.6225961538461539 0.026442307692307692 0.07211538461538461
2 0.31009615384615385 0.5492788461538461 0.028846153846153848 0.0625