3 0.7259615384615384 0.22596153846153846 0.016826923076923076 0.038461538461538464
2 0.4338942307692308 0.23197115384615385 0.016826923076923076 0.04567307692307692
2 0.6610576923076923 0.2800480769230769 0.016826923076923076 0.04807692307692308
2 0.6358173076923077 0.3425480769230769 0.019230769230769232 0.057692307692307696
0 0.2776442307692308 0.65625 0.009615384615384616 0.016826923076923076
2 0.35336538461538464 0.27403846153846156 0.02403846153846154 0.057692307692307696
2 0.2512019230769231 0.6370192307692307 0.036057692307692304 0.09375
2 0.625 0.43509615384615385 0.021634615384615384 0.055288461538461536
2 0.41346153846153844 0.32211538461538464 0.021634615384615384 0.06009615384615385
2 0.5504807692307693 0.31490384615384615 0.019230769230769232 0.057692307692307696
2 0.6826923076923077 0.6033653846153846 0.03125 0.08413461538461539
2 0.7439903846153846 0.3545673076923077 0.021634615384615384 0.06490384615384616
2 0.5961538461538461 0.39783653846153844 0.021634615384615384 0.0673076923076923
2 0.765625 0.36177884615384615 0.021634615384615384 0.057692307692307696
3 0.6189903846153846 0.4879807692307692 0.02403846153846154 0.07692307692307693
2 0.3293269230769231 0.31009615384615385 0.021634615384615384 0.06490384615384616
2 0.7872596153846154 0.4230769230769231 0.021634615384615384 0.07211538461538461
2 0.3557692307692308 0.3894230769230769 0.02403846153846154 0.07451923076923077
2 0.7139423076923077 0.7451923076923077 0.040865384615384616 0.0985576923076923
2 0.36899038461538464 0.5949519230769231 0.03365384615384615 0.08173076923076923
2 0.13942307692307693 0.30408653846153844 0.021634615384615384 0.0625
2 0.5048076923076923 0.8665865384615384 0.052884615384615384 0.11298076923076923
2 0.75 0.5420673076923077 0.02403846153846154 0.07932692307692307