3 0.7211538461538461 0.2620192307692308 0.01201923076923077 0.028846153846153848
2 0.5612980769230769 0.2776442307692308 0.016826923076923076 0.04326923076923077
2 0.38461538461538464 0.2848557692307692 0.019230769230769232 0.040865384615384616
3 0.4951923076923077 0.33533653846153844 0.019230769230769232 0.05048076923076923
2 0.3641826923076923 0.2848557692307692 0.021634615384615384 0.05048076923076923
2 0.43028846153846156 0.37259615384615385 0.019230769230769232 0.052884615384615384
2 0.6201923076923077 0.7091346153846154 0.036057692307692304 0.07211538461538461
2 0.3173076923076923 0.3245192307692308 0.021634615384615384 0.052884615384615384
2 0.4519230769230769 0.36899038461538464 0.026442307692307692 0.055288461538461536
2 0.5865384615384616 0.42788461538461536 0.02403846153846154 0.057692307692307696
2 0.27163461538461536 0.36778846153846156 0.02403846153846154 0.06009615384615385
2 0.3269230769230769 0.33413461538461536 0.021634615384615384 0.055288461538461536
3 0.015625 0.6454326923076923 0.03125 0.08413461538461539
2 0.33774038461538464 0.6730769230769231 0.036057692307692304 0.08653846153846154
2 0.7463942307692307 0.40625 0.021634615384615384 0.052884615384615384
2 0.5817307692307693 0.5336538461538461 0.02403846153846154 0.06971153846153846
2 0.6334134615384616 0.4579326923076923 0.02403846153846154 0.057692307692307696
2 0.38221153846153844 0.5252403846153846 0.03125 0.06971153846153846
2 0.9807692307692307 0.5625 0.026442307692307692 0.06009615384615385
2 0.3894230769230769 0.3894230769230769 0.02403846153846154 0.057692307692307696
2 0.13221153846153846 0.5600961538461539 0.028846153846153848 0.07211538461538461
2 0.18389423076923078 0.44471153846153844 0.026442307692307692 0.06490384615384616
2 0.5168269230769231 0.6033653846153846 0.03125 0.07451923076923077
2 0.20552884615384615 0.6105769230769231 0.036057692307692304 0.07692307692307693
0 0.6237980769230769 0.7331730769230769 0.007211538461538462 0.01201923076923077