3 0.5841346153846154 0.25721153846153844 0.008413461538461538 0.028846153846153848
2 0.7692307692307693 0.41346153846153844 0.015625 0.057692307692307696
2 0.8317307692307693 0.47836538461538464 0.016826923076923076 0.040865384615384616
2 0.5252403846153846 0.37740384615384615 0.01201923076923077 0.042067307692307696
1 0.8473557692307693 0.3798076923076923 0.015625 0.040865384615384616
2 0.6862980769230769 0.3713942307692308 0.016826923076923076 0.038461538461538464
2 0.5144230769230769 0.33052884615384615 0.014423076923076924 0.039663461538461536
2 0.671875 0.41225961538461536 0.01201923076923077 0.046875
3 0.6682692307692307 0.46274038461538464 0.009615384615384616 0.051682692307692304
2 0.40384615384615385 0.36778846153846156 0.013221153846153846 0.054086538461538464
2 0.7848557692307693 0.43990384615384615 0.01201923076923077 0.04807692307692308
2 0.140625 0.47115384615384615 0.01201923076923077 0.051682692307692304
2 0.5276442307692307 0.4855769230769231 0.010817307692307692 0.055288461538461536
2 0.17067307692307693 0.42788461538461536 0.01201923076923077 0.051682692307692304
3 0.0625 0.8173076923076923 0.016826923076923076 0.08413461538461539
2 0.6057692307692307 0.42788461538461536 0.014423076923076924 0.04326923076923077
2 0.49399038461538464 0.42788461538461536 0.016826923076923076 0.05048076923076923
2 0.21033653846153846 0.4855769230769231 0.010817307692307692 0.054086538461538464
2 0.3894230769230769 0.5745192307692307 0.014423076923076924 0.05889423076923077
2 0.41586538461538464 0.4699519230769231 0.016826923076923076 0.054086538461538464
2 0.25 0.4723557692307692 0.015625 0.054086538461538464
2 0.19110576923076922 0.5901442307692307 0.015625 0.0673076923076923
0 0.8209134615384616 0.4987980769230769 0.004807692307692308 0.008413461538461538
2 0.8317307692307693 0.46875 0.02403846153846154 0.040865384615384616