2 0.6766826923076923 0.21634615384615385 0.021634615384615384 0.05048076923076923
3 0.35697115384615385 0.13341346153846154 0.021634615384615384 0.04326923076923077
2 0.5384615384615384 0.21033653846153846 0.021634615384615384 0.04326923076923077
3 0.4495192307692308 0.4014423076923077 0.026442307692307692 0.06971153846153846
2 0.4543269230769231 0.23677884615384615 0.021634615384615384 0.052884615384615384
2 0.6177884615384616 0.2644230769230769 0.026442307692307692 0.052884615384615384
2 0.3137019230769231 0.24639423076923078 0.02403846153846154 0.0625
2 0.7007211538461539 0.3004807692307692 0.02403846153846154 0.055288461538461536
2 0.38341346153846156 0.21875 0.026442307692307692 0.057692307692307696
2 0.7415865384615384 0.2980769230769231 0.028846153846153848 0.0625
2 0.27163461538461536 0.22115384615384615 0.026442307692307692 0.057692307692307696
2 0.6045673076923077 0.2692307692307692 0.02403846153846154 0.055288461538461536
2 0.32211538461538464 0.28125 0.026442307692307692 0.0625
2 0.7223557692307693 0.3545673076923077 0.026442307692307692 0.057692307692307696
2 0.4567307692307692 0.2932692307692308 0.02403846153846154 0.0625
2 0.2608173076923077 0.29927884615384615 0.028846153846153848 0.06490384615384616
2 0.15384615384615385 0.4639423076923077 0.03365384615384615 0.07932692307692307
2 0.9038461538461539 0.35697115384615385 0.028846153846153848 0.06009615384615385
2 0.25 0.38461538461538464 0.028846153846153848 0.07451923076923077
2 0.7475961538461539 0.5685096153846154 0.03365384615384615 0.07692307692307693
2 0.11538461538461539 0.6694711538461539 0.04567307692307692 0.10336538461538461
2 0.4579326923076923 0.38100961538461536 0.021634615384615384 0.04807692307692308