2 0.6502403846153846 0.2512019230769231 0.02403846153846154 0.04567307692307692
0 0.35096153846153844 0.28966346153846156 0.009615384615384616 0.01201923076923077
3 0.31009615384615385 0.14302884615384615 0.02403846153846154 0.04567307692307692
3 0.5552884615384616 0.296875 0.026442307692307692 0.057692307692307696
2 0.6586538461538461 0.4387019230769231 0.028846153846153848 0.06490384615384616
2 0.65625 0.33533653846153844 0.028846153846153848 0.06009615384615385
2 0.6045673076923077 0.3245192307692308 0.02403846153846154 0.057692307692307696
2 0.3641826923076923 0.3473557692307692 0.028846153846153848 0.06490384615384616
2 0.6418269230769231 0.4110576923076923 0.026442307692307692 0.052884615384615384
2 0.8305288461538461 0.44350961538461536 0.03125 0.06971153846153846
2 0.3485576923076923 0.21995192307692307 0.02403846153846154 0.05048076923076923
2 0.5528846153846154 0.37740384615384615 0.02403846153846154 0.0625
2 0.7596153846153846 0.31850961538461536 0.02403846153846154 0.05048076923076923
2 0.6838942307692307 0.41586538461538464 0.028846153846153848 0.0625
2 0.8052884615384616 0.38341346153846156 0.026442307692307692 0.0625
2 0.15384615384615385 0.2956730769230769 0.028846153846153848 0.0673076923076923
2 0.4579326923076923 0.39302884615384615 0.03365384615384615 0.06971153846153846
2 0.19230769230769232 0.5108173076923077 0.040865384615384616 0.0889423076923077
2 0.8377403846153846 0.5324519230769231 0.03365384615384615 0.07932692307692307
2 0.4483173076923077 0.34615384615384615 0.036057692307692304 0.06490384615384616
2 0.6081730769230769 0.5048076923076923 0.036057692307692304 0.07451923076923077
2 0.8497596153846154 0.7223557692307693 0.04326923076923077 0.08653846153846154
2 0.5228365384615384 0.7163461538461539 0.040865384615384616 0.09134615384615384