3 0.47836538461538464 0.19831730769230768 0.019230769230769232 0.038461538461538464
2 0.8064903846153846 0.3629807692307692 0.019230769230769232 0.04567307692307692
2 0.6466346153846154 0.2764423076923077 0.021634615384615384 0.040865384615384616
3 0.6670673076923077 0.3545673076923077 0.02403846153846154 0.052884615384615384
2 0.6514423076923077 0.40024038461538464 0.026442307692307692 0.055288461538461536
2 0.7908653846153846 0.38341346153846156 0.021634615384615384 0.052884615384615384
2 0.47596153846153844 0.296875 0.02403846153846154 0.05048076923076923
2 0.7992788461538461 0.43509615384615385 0.02403846153846154 0.06009615384615385
2 0.6117788461538461 0.41947115384615385 0.026442307692307692 0.0625
2 0.8269230769230769 0.44350961538461536 0.026442307692307692 0.06009615384615385
2 0.6790865384615384 0.47115384615384615 0.026442307692307692 0.0625
2 0.8473557692307693 0.4891826923076923 0.026442307692307692 0.0673076923076923
2 0.5132211538461539 0.4338942307692308 0.028846153846153848 0.0625
2 0.8834134615384616 0.609375 0.03125 0.07211538461538461
2 0.4026442307692308 0.6706730769230769 0.03365384615384615 0.07932692307692307
2 0.36658653846153844 0.40024038461538464 0.026442307692307692 0.06490384615384616
2 0.5048076923076923 0.5480769230769231 0.03125 0.07451923076923077
1 0.0889423076923077 0.35096153846153844 0.02403846153846154 0.0625
2 0.8701923076923077 0.7115384615384616 0.03125 0.07211538461538461
2 0.4375 0.4879807692307692 0.03365384615384615 0.06971153846153846
2 0.5408653846153846 0.7103365384615384 0.04326923076923077 0.09134615384615384
2 0.6598557692307693 0.5528846153846154 0.03125 0.07211538461538461
2 0.7451923076923077 0.71875 0.038461538461538464 0.08173076923076923