0 0.47716346153846156 0.6334134615384616 0.01201923076923077 0.019230769230769232
3 0.5637019230769231 0.12860576923076922 0.019230769230769232 0.04326923076923077
2 0.27283653846153844 0.31971153846153844 0.028846153846153848 0.057692307692307696
2 0.35697115384615385 0.2548076923076923 0.021634615384615384 0.04807692307692308
2 0.609375 0.3076923076923077 0.03125 0.052884615384615384
2 0.3233173076923077 0.41466346153846156 0.028846153846153848 0.07211538461538461
2 0.6129807692307693 0.21754807692307693 0.026442307692307692 0.052884615384615384
2 0.48197115384615385 0.6081730769230769 0.04567307692307692 0.09134615384615384
2 0.33533653846153844 0.47596153846153844 0.03365384615384615 0.07932692307692307
2 0.6622596153846154 0.29086538461538464 0.028846153846153848 0.0673076923076923
2 0.6225961538461539 0.7175480769230769 0.04567307692307692 0.09375
2 0.5192307692307693 0.30288461538461536 0.03125 0.06490384615384616
2 0.6646634615384616 0.7283653846153846 0.04807692307692308 0.10096153846153846
2 0.5685096153846154 0.5961538461538461 0.04326923076923077 0.0985576923076923
2 0.2668269230769231 0.38461538461538464 0.028846153846153848 0.06971153846153846
2 0.6838942307692307 0.29447115384615385 0.03125 0.06971153846153846
2 0.057692307692307696 0.46875 0.03125 0.06971153846153846
3 0.6177884615384616 0.4254807692307692 0.03365384615384615 0.07932692307692307
2 0.46634615384615385 0.41225961538461536 0.03365384615384615 0.07451923076923077
2 0.5865384615384616 0.46274038461538464 0.040865384615384616 0.07692307692307693
2 0.17307692307692307 0.7512019230769231 0.04807692307692308 0.10576923076923077
2 0.7331730769230769 0.36778846153846156 0.04567307692307692 0.08173076923076923
2 0.3894230769230769 0.6778846153846154 0.040865384615384616 0.09375