0 0.5456730769230769 0.6298076923076923 0.008413461538461538 0.015625
3 0.3605769230769231 0.18990384615384615 0.009615384615384616 0.039663461538461536
2 0.6646634615384616 0.3016826923076923 0.016826923076923076 0.051682692307692304
2 0.5745192307692307 0.25961538461538464 0.010817307692307692 0.04567307692307692
2 0.3557692307692308 0.3629807692307692 0.018028846153846152 0.046875
2 0.6394230769230769 0.39903846153846156 0.013221153846153846 0.06490384615384616
2 0.33413461538461536 0.28125 0.013221153846153846 0.046875
2 0.5360576923076923 0.6069711538461539 0.02403846153846154 0.0829326923076923
2 0.640625 0.4579326923076923 0.015625 0.07091346153846154
2 0.30528846153846156 0.3581730769230769 0.013221153846153846 0.0625
2 0.43028846153846156 0.7355769230769231 0.02403846153846154 0.0829326923076923
2 0.4387019230769231 0.33774038461538464 0.015625 0.05889423076923077
2 0.3954326923076923 0.7560096153846154 0.025240384615384616 0.09014423076923077
2 0.4543269230769231 0.6153846153846154 0.020432692307692308 0.08774038461538461
2 0.6826923076923077 0.3605769230769231 0.013221153846153846 0.06370192307692307
2 0.2848557692307692 0.36538461538461536 0.015625 0.0625
2 0.8918269230769231 0.3918269230769231 0.015625 0.0625
3 0.375 0.47115384615384615 0.015625 0.07211538461538461
2 0.5084134615384616 0.4266826923076923 0.016826923076923076 0.06850961538461539
2 0.4110576923076923 0.49759615384615385 0.021634615384615384 0.06971153846153846
2 0.8461538461538461 0.671875 0.02403846153846154 0.09495192307692307
2 0.25600961538461536 0.4411057692307692 0.026442307692307692 0.0733173076923077
2 0.6334134615384616 0.6514423076923077 0.020432692307692308 0.08413461538461539