3 0.3786057692307692 0.2644230769230769 0.009615384615384616 0.028846153846153848
2 0.4951923076923077 0.32572115384615385 0.016826923076923076 0.036057692307692304
3 0.5456730769230769 0.3737980769230769 0.01201923076923077 0.036057692307692304
2 0.6887019230769231 0.43509615384615385 0.014423076923076924 0.040865384615384616
1 0.9939903846153846 0.46033653846153844 0.01201923076923077 0.04567307692307692
2 0.6802884615384616 0.5336538461538461 0.014423076923076924 0.04567307692307692
2 0.7115384615384616 0.4423076923076923 0.016826923076923076 0.04326923076923077
2 0.7007211538461539 0.3858173076923077 0.014423076923076924 0.03125
2 0.5649038461538461 0.39783653846153844 0.014423076923076924 0.038461538461538464
2 0.7319711538461539 0.4098557692307692 0.014423076923076924 0.036057692307692304
2 0.6706730769230769 0.41466346153846156 0.01201923076923077 0.038461538461538464
2 0.59375 0.3737980769230769 0.01201923076923077 0.036057692307692304
2 0.5420673076923077 0.44591346153846156 0.019230769230769232 0.04567307692307692
2 0.7247596153846154 0.6526442307692307 0.021634615384615384 0.06009615384615385
2 0.8942307692307693 0.7043269230769231 0.019230769230769232 0.055288461538461536
2 0.6742788461538461 0.47475961538461536 0.014423076923076924 0.04326923076923077
2 0.4495192307692308 0.6310096153846154 0.019230769230769232 0.057692307692307696
2 0.43990384615384615 0.5264423076923077 0.019230769230769232 0.04567307692307692
2 0.7716346153846154 0.5072115384615384 0.019230769230769232 0.05048076923076923
1 0.1622596153846154 0.4266826923076923 0.014423076923076924 0.04567307692307692
2 0.27884615384615385 0.3870192307692308 0.014423076923076924 0.038461538461538464
3 0.8774038461538461 0.7271634615384616 0.02403846153846154 0.0625
2 0.8305288461538461 0.6286057692307693 0.016826923076923076 0.04326923076923077
2 0.4699519230769231 0.4879807692307692 0.016826923076923076 0.05048076923076923
2 0.6995192307692307 0.3629807692307692 0.014423076923076924 0.038461538461538464
0 0.35336538461538464 0.59375 0.009615384615384616 0.014423076923076924