3 0.38341346153846156 0.23557692307692307 0.009615384615384616 0.028846153846153848
2 0.5336538461538461 0.2932692307692308 0.014423076923076924 0.04567307692307692
2 0.7043269230769231 0.3485576923076923 0.014423076923076924 0.040865384615384616
3 0.5817307692307693 0.36658653846153844 0.014423076923076924 0.05048076923076923
2 0.7235576923076923 0.3557692307692308 0.016826923076923076 0.04807692307692308
2 0.6334134615384616 0.4206730769230769 0.014423076923076924 0.052884615384615384
2 0.3581730769230769 0.6935096153846154 0.028846153846153848 0.06971153846153846
2 0.7584134615384616 0.40625 0.014423076923076924 0.055288461538461536
2 0.6153846153846154 0.41225961538461536 0.019230769230769232 0.052884615384615384
2 0.4699519230769231 0.43149038461538464 0.019230769230769232 0.057692307692307696
2 0.7908653846153846 0.46033653846153844 0.019230769230769232 0.06009615384615385
2 0.7439903846153846 0.41225961538461536 0.016826923076923076 0.055288461538461536
3 0.9627403846153846 0.7992788461538461 0.028846153846153848 0.08413461538461539
2 0.6394230769230769 0.7367788461538461 0.028846153846153848 0.08413461538461539
2 0.32091346153846156 0.36658653846153844 0.014423076923076924 0.055288461538461536
2 0.4423076923076923 0.5348557692307693 0.016826923076923076 0.06971153846153846
2 0.41466346153846156 0.4483173076923077 0.016826923076923076 0.055288461538461536
2 0.6382211538461539 0.5817307692307693 0.02403846153846154 0.07211538461538461
2 0.05048076923076923 0.4519230769230769 0.019230769230769232 0.06009615384615385
2 0.6694711538461539 0.4483173076923077 0.019230769230769232 0.057692307692307696
2 0.8713942307692307 0.6850961538461539 0.021634615384615384 0.07211538461538461
2 0.8533653846153846 0.5600961538461539 0.021634615384615384 0.06490384615384616
2 0.48677884615384615 0.6201923076923077 0.02403846153846154 0.07451923076923077
2 0.7848557692307693 0.7127403846153846 0.03125 0.07692307692307693
0 0.3485576923076923 0.7163461538461539 0.007211538461538462 0.01201923076923077