3 0.6730769230769231 0.2860576923076923 0.007211538461538462 0.028846153846153848
2 0.5528846153846154 0.3269230769230769 0.014423076923076924 0.036057692307692304
3 0.4951923076923077 0.3629807692307692 0.009615384615384616 0.036057692307692304
2 0.3485576923076923 0.39783653846153844 0.01201923076923077 0.038461538461538464
1 0.04927884615384615 0.3713942307692308 0.014423076923076924 0.04326923076923077
2 0.3401442307692308 0.49399038461538464 0.01201923076923077 0.04567307692307692
2 0.3245192307692308 0.4014423076923077 0.01201923076923077 0.04326923076923077
2 0.3449519230769231 0.3485576923076923 0.01201923076923077 0.03125
2 0.4735576923076923 0.38341346153846156 0.01201923076923077 0.038461538461538464
2 0.3125 0.36658653846153844 0.01201923076923077 0.036057692307692304
2 0.36899038461538464 0.38100961538461536 0.009615384615384616 0.038461538461538464
2 0.4483173076923077 0.3545673076923077 0.009615384615384616 0.036057692307692304
2 0.4879807692307692 0.4326923076923077 0.014423076923076924 0.04326923076923077
2 0.2764423076923077 0.5997596153846154 0.016826923076923076 0.057692307692307696
2 0.10576923076923077 0.6213942307692307 0.016826923076923076 0.052884615384615384
2 0.3557692307692308 0.4387019230769231 0.009615384615384616 0.040865384615384616
2 0.5432692307692307 0.625 0.014423076923076924 0.057692307692307696
2 0.5709134615384616 0.5276442307692307 0.014423076923076924 0.04326923076923077
2 0.25841346153846156 0.4519230769230769 0.016826923076923076 0.04807692307692308
1 0.8521634615384616 0.47836538461538464 0.009615384615384616 0.04326923076923077
2 0.7487980769230769 0.4206730769230769 0.01201923076923077 0.038461538461538464
3 0.11778846153846154 0.6466346153846154 0.019230769230769232 0.06009615384615385
2 0.18028846153846154 0.5600961538461539 0.014423076923076924 0.04326923076923077
2 0.5504807692307693 0.484375 0.014423076923076924 0.04807692307692308
2 0.34975961538461536 0.3269230769230769 0.01201923076923077 0.038461538461538464
0 0.6442307692307693 0.6057692307692307 0.007211538461538462 0.014423076923076924