3 0.7319711538461539 0.22115384615384615 0.014423076923076924 0.036057692307692304
2 0.46274038461538464 0.2247596153846154 0.016826923076923076 0.04326923076923077
2 0.6706730769230769 0.2704326923076923 0.016826923076923076 0.04567307692307692
2 0.6478365384615384 0.328125 0.016826923076923076 0.052884615384615384
0 0.3173076923076923 0.6165865384615384 0.009615384615384616 0.014423076923076924
2 0.38822115384615385 0.2644230769230769 0.021634615384615384 0.052884615384615384
2 0.29447115384615385 0.5985576923076923 0.03365384615384615 0.08413461538461539
2 0.6382211538461539 0.41346153846153844 0.019230769230769232 0.05048076923076923
2 0.44350961538461536 0.3088942307692308 0.019230769230769232 0.055288461538461536
2 0.5685096153846154 0.30288461538461536 0.019230769230769232 0.052884615384615384
2 0.6911057692307693 0.5685096153846154 0.028846153846153848 0.07692307692307693
2 0.7475961538461539 0.33774038461538464 0.019230769230769232 0.06009615384615385
2 0.6117788461538461 0.3786057692307692 0.021634615384615384 0.06009615384615385
2 0.7680288461538461 0.3449519230769231 0.019230769230769232 0.052884615384615384
3 0.6334134615384616 0.46153846153846156 0.021634615384615384 0.07211538461538461
2 0.36658653846153844 0.296875 0.019230769230769232 0.06009615384615385
2 0.7872596153846154 0.40024038461538464 0.021634615384615384 0.06490384615384616
2 0.390625 0.3713942307692308 0.021634615384615384 0.0673076923076923
2 0.7211538461538461 0.6995192307692307 0.036057692307692304 0.09134615384615384
2 0.4014423076923077 0.5600961538461539 0.03365384615384615 0.07451923076923077
2 0.18990384615384615 0.2920673076923077 0.021634615384615384 0.057692307692307696
2 0.5276442307692307 0.8100961538461539 0.04807692307692308 0.10336538461538461
2 0.7536057692307693 0.5120192307692307 0.02403846153846154 0.07211538461538461