2 0.5240384615384616 0.24278846153846154 0.010817307692307692 0.040865384615384616
2 0.5168269230769231 0.25961538461538464 0.008413461538461538 0.040865384615384616
2 0.4050480769230769 0.30528846153846156 0.008413461538461538 0.040865384615384616
3 0.8076923076923077 0.22716346153846154 0.009615384615384616 0.038461538461538464
3 0.4423076923076923 0.33533653846153844 0.010817307692307692 0.054086538461538464
2 0.3545673076923077 0.27283653846153844 0.01201923076923077 0.04927884615384615
2 0.6105769230769231 0.33774038461538464 0.009615384615384616 0.057692307692307696
2 0.20673076923076922 0.4326923076923077 0.018028846153846152 0.06850961538461539
2 0.5721153846153846 0.2956730769230769 0.010817307692307692 0.052884615384615384
2 0.4014423076923077 0.3425480769230769 0.010817307692307692 0.052884615384615384
2 0.5901442307692307 0.34134615384615385 0.009615384615384616 0.055288461538461536
2 0.3701923076923077 0.27283653846153844 0.010817307692307692 0.04807692307692308
2 0.2536057692307692 0.38461538461538464 0.010817307692307692 0.057692307692307696
2 0.921875 0.3894230769230769 0.009615384615384616 0.0625
2 0.7860576923076923 0.2848557692307692 0.014423076923076924 0.04807692307692308
2 0.21153846153846154 0.5564903846153846 0.019230769230769232 0.07211538461538461
2 0.23557692307692307 0.44350961538461536 0.016826923076923076 0.056490384615384616
2 0.29086538461538464 0.3473557692307692 0.018028846153846152 0.06129807692307692
2 0.4651442307692308 0.42427884615384615 0.021634615384615384 0.06129807692307692
2 0.3112980769230769 0.7067307692307693 0.020432692307692308 0.08413461538461539
2 0.765625 0.375 0.015625 0.057692307692307696
2 0.7872596153846154 0.5600961538461539 0.018028846153846152 0.07932692307692307
0 0.7800480769230769 0.30649038461538464 0.006009615384615385 0.01201923076923077