3 0.7055288461538461 0.27403846153846156 0.008413461538461538 0.028846153846153848
0 0.5300480769230769 0.6706730769230769 0.006009615384615385 0.010817307692307692
2 0.5661057692307693 0.6274038461538461 0.027644230769230768 0.055288461538461536
2 0.8377403846153846 0.6550480769230769 0.02283653846153846 0.07091346153846154
2 0.390625 0.38341346153846156 0.009615384615384616 0.04807692307692308
2 0.5096153846153846 0.3894230769230769 0.010817307692307692 0.04807692307692308
2 0.7007211538461539 0.6189903846153846 0.013221153846153846 0.06850961538461539
2 0.6262019230769231 0.6778846153846154 0.015625 0.06129807692307692
2 0.3473557692307692 0.37740384615384615 0.014423076923076924 0.046875
2 0.7524038461538461 0.49278846153846156 0.010817307692307692 0.056490384615384616
3 0.6730769230769231 0.47596153846153844 0.013221153846153846 0.057692307692307696
2 0.6418269230769231 0.6670673076923077 0.021634615384615384 0.07451923076923077
2 0.6838942307692307 0.3762019230769231 0.015625 0.046875
3 0.03125 0.7403846153846154 0.02283653846153846 0.078125
2 0.3581730769230769 0.5384615384615384 0.016826923076923076 0.056490384615384616
2 0.7932692307692307 0.6081730769230769 0.018028846153846152 0.06971153846153846
2 0.6814903846153846 0.6310096153846154 0.02283653846153846 0.06610576923076923
2 0.7127403846153846 0.6598557692307693 0.015625 0.0625
2 0.4639423076923077 0.48197115384615385 0.013221153846153846 0.054086538461538464
2 0.28125 0.4170673076923077 0.014423076923076924 0.054086538461538464
2 0.11538461538461539 0.6009615384615384 0.014423076923076924 0.0733173076923077
2 0.6201923076923077 0.5228365384615384 0.014423076923076924 0.0625
2 0.4579326923076923 0.625 0.016826923076923076 0.0625
2 0.5504807692307693 0.2920673076923077 0.009615384615384616 0.040865384615384616