3 0.6658653846153846 0.20192307692307693 0.014423076923076924 0.03125
0 0.546875 0.6514423076923077 0.009615384615384616 0.01201923076923077
2 0.578125 0.5997596153846154 0.038461538461538464 0.06490384615384616
2 0.8701923076923077 0.5841346153846154 0.036057692307692304 0.07932692307692307
2 0.35096153846153844 0.3701923076923077 0.016826923076923076 0.052884615384615384
2 0.47836538461538464 0.3557692307692308 0.019230769230769232 0.052884615384615384
2 0.71875 0.5673076923076923 0.026442307692307692 0.07451923076923077
2 0.6502403846153846 0.6430288461538461 0.026442307692307692 0.0673076923076923
2 0.30408653846153844 0.3713942307692308 0.02403846153846154 0.052884615384615384
2 0.7524038461538461 0.4254807692307692 0.021634615384615384 0.0625
3 0.6646634615384616 0.421875 0.02403846153846154 0.0625
2 0.6646634615384616 0.6298076923076923 0.036057692307692304 0.08413461538461539
2 0.6586538461538461 0.3137019230769231 0.02403846153846154 0.052884615384615384
2 0.34134615384615385 0.5408653846153846 0.026442307692307692 0.0625
2 0.8149038461538461 0.5408653846153846 0.03125 0.07692307692307693
2 0.7007211538461539 0.5853365384615384 0.036057692307692304 0.07451923076923077
2 0.7379807692307693 0.609375 0.026442307692307692 0.06971153846153846
2 0.44471153846153844 0.46274038461538464 0.02403846153846154 0.06009615384615385
2 0.23918269230769232 0.42427884615384615 0.02403846153846154 0.06009615384615385
2 0.09495192307692307 0.6466346153846154 0.028846153846153848 0.07932692307692307
2 0.6177884615384616 0.4807692307692308 0.026442307692307692 0.06971153846153846
2 0.46274038461538464 0.6153846153846154 0.028846153846153848 0.06971153846153846
2 0.5048076923076923 0.24639423076923078 0.016826923076923076 0.04567307692307692