3 0.7019230769230769 0.2668269230769231 0.009615384615384616 0.028846153846153848
0 0.5384615384615384 0.6754807692307693 0.007211538461538462 0.01201923076923077
2 0.5733173076923077 0.6310096153846154 0.03125 0.057692307692307696
2 0.8509615384615384 0.6490384615384616 0.026442307692307692 0.07211538461538461
2 0.3870192307692308 0.38822115384615385 0.01201923076923077 0.05048076923076923
2 0.5084134615384616 0.390625 0.01201923076923077 0.05048076923076923
2 0.7091346153846154 0.6165865384615384 0.016826923076923076 0.06971153846153846
2 0.6358173076923077 0.6790865384615384 0.016826923076923076 0.0625
2 0.34375 0.38341346153846156 0.016826923076923076 0.04807692307692308
2 0.7584134615384616 0.4855769230769231 0.01201923076923077 0.057692307692307696
3 0.6754807692307693 0.4723557692307692 0.014423076923076924 0.06009615384615385
2 0.6514423076923077 0.6682692307692307 0.02403846153846154 0.07692307692307693
2 0.6826923076923077 0.3713942307692308 0.016826923076923076 0.04807692307692308
3 0.03365384615384615 0.7644230769230769 0.026442307692307692 0.07932692307692307
2 0.3581730769230769 0.546875 0.019230769230769232 0.057692307692307696
2 0.8028846153846154 0.6021634615384616 0.021634615384615384 0.07211538461538461
2 0.6911057692307693 0.6310096153846154 0.02403846153846154 0.0673076923076923
2 0.7235576923076923 0.6586538461538461 0.016826923076923076 0.06490384615384616
2 0.4639423076923077 0.4855769230769231 0.014423076923076924 0.055288461538461536
2 0.2776442307692308 0.4254807692307692 0.016826923076923076 0.055288461538461536
2 0.1141826923076923 0.6189903846153846 0.016826923076923076 0.07451923076923077
2 0.625 0.5216346153846154 0.016826923076923076 0.06490384615384616
2 0.4639423076923077 0.6310096153846154 0.019230769230769232 0.06490384615384616
2 0.5456730769230769 0.29086538461538464 0.01201923076923077 0.04326923076923077