3 0.6682692307692307 0.2860576923076923 0.014423076923076924 0.03125
2 0.5024038461538461 0.2920673076923077 0.021634615384615384 0.04807692307692308
2 0.31850961538461536 0.28966346153846156 0.021634615384615384 0.04326923076923077
3 0.43149038461538464 0.3473557692307692 0.02403846153846154 0.052884615384615384
2 0.296875 0.28846153846153844 0.02403846153846154 0.05048076923076923
2 0.36177884615384615 0.38341346153846156 0.021634615384615384 0.055288461538461536
2 0.5396634615384616 0.7427884615384616 0.040865384615384616 0.07451923076923077
2 0.24519230769230768 0.328125 0.02403846153846154 0.057692307692307696
2 0.38341346153846156 0.38221153846153844 0.028846153846153848 0.055288461538461536
2 0.5204326923076923 0.4495192307692308 0.028846153846153848 0.06009615384615385
2 0.19591346153846154 0.36899038461538464 0.028846153846153848 0.0625
2 0.25600961538461536 0.33774038461538464 0.02403846153846154 0.057692307692307696
2 0.24879807692307693 0.6899038461538461 0.04326923076923077 0.0889423076923077
2 0.6875 0.4338942307692308 0.02403846153846154 0.057692307692307696
2 0.5096153846153846 0.5588942307692307 0.028846153846153848 0.07211538461538461
2 0.5673076923076923 0.4831730769230769 0.028846153846153848 0.06009615384615385
2 0.30288461538461536 0.5384615384615384 0.036057692307692304 0.07451923076923077
2 0.9230769230769231 0.6105769230769231 0.028846153846153848 0.0625
2 0.3173076923076923 0.39903846153846156 0.026442307692307692 0.06009615384615385
2 0.039663461538461536 0.5625 0.03365384615384615 0.07451923076923077
2 0.10096153846153846 0.44471153846153844 0.03125 0.0673076923076923
2 0.4387019230769231 0.6286057692307693 0.036057692307692304 0.07692307692307693
2 0.11538461538461539 0.6177884615384616 0.04326923076923077 0.08173076923076923
0 0.5420673076923077 0.7680288461538461 0.009615384615384616 0.014423076923076924