2 0.7512019230769231 0.2920673076923077 0.019230769230769232 0.04326923076923077
3 0.38822115384615385 0.19230769230769232 0.02403846153846154 0.04807692307692308
2 0.8185096153846154 0.4675480769230769 0.02403846153846154 0.04807692307692308
2 0.6322115384615384 0.3389423076923077 0.021634615384615384 0.05048076923076923
2 0.7680288461538461 0.34134615384615385 0.021634615384615384 0.04567307692307692
2 0.39783653846153844 0.2920673076923077 0.028846153846153848 0.05048076923076923
2 0.6622596153846154 0.36778846153846156 0.021634615384615384 0.057692307692307696
2 0.7896634615384616 0.4254807692307692 0.026442307692307692 0.057692307692307696
2 0.4951923076923077 0.25240384615384615 0.02403846153846154 0.04326923076923077
2 0.7776442307692307 0.42908653846153844 0.028846153846153848 0.057692307692307696
2 0.8088942307692307 0.5060096153846154 0.026442307692307692 0.057692307692307696
3 0.5132211538461539 0.36177884615384615 0.026442307692307692 0.055288461538461536
2 0.5300480769230769 0.3629807692307692 0.021634615384615384 0.05048076923076923
2 0.6622596153846154 0.4074519230769231 0.02403846153846154 0.052884615384615384
2 0.7896634615384616 0.5408653846153846 0.03125 0.07211538461538461
2 0.49158653846153844 0.6911057692307693 0.036057692307692304 0.09134615384615384
3 0.9098557692307693 0.9146634615384616 0.038461538461538464 0.10336538461538461
2 0.6358173076923077 0.4963942307692308 0.026442307692307692 0.0625
2 0.8233173076923077 0.8533653846153846 0.038461538461538464 0.0889423076923077
2 0.8257211538461539 0.7007211538461539 0.038461538461538464 0.07451923076923077
2 0.2692307692307692 0.37259615384615385 0.03365384615384615 0.06490384615384616
2 0.5865384615384616 0.5528846153846154 0.036057692307692304 0.07451923076923077
2 0.390625 0.3858173076923077 0.036057692307692304 0.0625
0 0.40384615384615385 0.3112980769230769 0.007211538461538462 0.009615384615384616