0 0.7331730769230769 0.484375 0.016826923076923076 0.016826923076923076
2 0.040865384615384616 0.3293269230769231 0.026442307692307692 0.052884615384615384
2 0.22956730769230768 0.23677884615384615 0.028846153846153848 0.057692307692307696
2 0.4266826923076923 0.18629807692307693 0.021634615384615384 0.05048076923076923
2 0.390625 0.21514423076923078 0.021634615384615384 0.05048076923076923
2 0.5144230769230769 0.2247596153846154 0.03125 0.0625
3 0.40865384615384615 0.3004807692307692 0.026442307692307692 0.06009615384615385
2 0.6057692307692307 0.5 0.036057692307692304 0.07451923076923077
2 0.4230769230769231 0.3245192307692308 0.03125 0.0673076923076923
2 0.6598557692307693 0.29447115384615385 0.03125 0.07451923076923077
2 0.2247596153846154 0.40024038461538464 0.03125 0.06971153846153846
2 0.1310096153846154 0.3557692307692308 0.03125 0.0673076923076923
2 0.25721153846153844 0.33653846153846156 0.03365384615384615 0.06971153846153846
2 0.018028846153846152 0.4795673076923077 0.028846153846153848 0.07211538461538461
2 0.5348557692307693 0.39663461538461536 0.038461538461538464 0.07692307692307693
2 0.22235576923076922 0.6550480769230769 0.040865384615384616 0.09615384615384616
2 0.3425480769230769 0.3701923076923077 0.03125 0.0673076923076923
2 0.6478365384615384 0.33413461538461536 0.03365384615384615 0.07932692307692307
2 0.8040865384615384 0.49278846153846156 0.038461538461538464 0.08413461538461539
2 0.26802884615384615 0.5060096153846154 0.036057692307692304 0.08413461538461539
2 0.7163461538461539 0.33533653846153844 0.038461538461538464 0.08173076923076923
2 0.8425480769230769 0.5108173076923077 0.055288461538461536 0.08173076923076923