2 0.43028846153846156 0.23076923076923078 0.016826923076923076 0.04326923076923077
0 0.7019230769230769 0.3581730769230769 0.007211538461538462 0.01201923076923077
3 0.7824519230769231 0.23317307692307693 0.016826923076923076 0.04567307692307692
3 0.5060096153846154 0.30288461538461536 0.016826923076923076 0.055288461538461536
2 0.36538461538461536 0.4050480769230769 0.016826923076923076 0.0625
2 0.40024038461538464 0.3088942307692308 0.019230769230769232 0.057692307692307696
2 0.4519230769230769 0.3137019230769231 0.014423076923076924 0.057692307692307696
2 0.671875 0.40865384615384615 0.019230769230769232 0.0625
2 0.3894230769230769 0.38461538461538464 0.016826923076923076 0.05048076923076923
2 0.203125 0.3557692307692308 0.019230769230769232 0.0673076923076923
2 0.7235576923076923 0.29447115384615385 0.014423076923076924 0.05048076923076923
2 0.484375 0.3798076923076923 0.014423076923076924 0.06009615384615385
2 0.3076923076923077 0.25961538461538464 0.014423076923076924 0.05048076923076923
2 0.3473557692307692 0.375 0.016826923076923076 0.0625
2 0.24519230769230768 0.3076923076923077 0.016826923076923076 0.06009615384615385
2 0.8834134615384616 0.42427884615384615 0.016826923076923076 0.06490384615384616
2 0.5697115384615384 0.4230769230769231 0.02403846153846154 0.06490384615384616
2 0.7824519230769231 0.6165865384615384 0.02403846153846154 0.08653846153846154
2 0.16947115384615385 0.4375 0.019230769230769232 0.07692307692307693
2 0.59375 0.38221153846153844 0.02403846153846154 0.06490384615384616
2 0.39302884615384615 0.48197115384615385 0.02403846153846154 0.07211538461538461
2 0.09975961538461539 0.6129807692307693 0.026442307692307692 0.08413461538461539
2 0.4098557692307692 0.7079326923076923 0.026442307692307692 0.0889423076923077