2 0.4338942307692308 0.22716346153846154 0.014423076923076924 0.04326923076923077
0 0.7067307692307693 0.3485576923076923 0.007211538461538462 0.01201923076923077
3 0.7848557692307693 0.22235576923076922 0.014423076923076924 0.04567307692307692
3 0.5108173076923077 0.296875 0.016826923076923076 0.055288461538461536
2 0.3713942307692308 0.40024038461538464 0.016826923076923076 0.0625
2 0.40384615384615385 0.30528846153846156 0.016826923076923076 0.057692307692307696
2 0.45552884615384615 0.3088942307692308 0.014423076923076924 0.057692307692307696
2 0.6766826923076923 0.40024038461538464 0.016826923076923076 0.0625
2 0.3954326923076923 0.3798076923076923 0.016826923076923076 0.05048076923076923
2 0.20793269230769232 0.3557692307692308 0.019230769230769232 0.0673076923076923
2 0.7283653846153846 0.28365384615384615 0.014423076923076924 0.05048076923076923
2 0.4891826923076923 0.3737980769230769 0.01201923076923077 0.06009615384615385
2 0.3088942307692308 0.25721153846153844 0.014423076923076924 0.05048076923076923
2 0.35216346153846156 0.3713942307692308 0.016826923076923076 0.0625
2 0.24879807692307693 0.30649038461538464 0.016826923076923076 0.06009615384615385
2 0.8894230769230769 0.41225961538461536 0.016826923076923076 0.06490384615384616
2 0.5757211538461539 0.41586538461538464 0.021634615384615384 0.06490384615384616
2 0.7920673076923077 0.6045673076923077 0.02403846153846154 0.08653846153846154
2 0.17427884615384615 0.4375 0.019230769230769232 0.07692307692307693
2 0.5997596153846154 0.375 0.02403846153846154 0.0625
2 0.40024038461538464 0.47836538461538464 0.021634615384615384 0.07211538461538461
2 0.109375 0.6129807692307693 0.026442307692307692 0.08173076923076923
2 0.4206730769230769 0.7043269230769231 0.02403846153846154 0.0889423076923077