3 0.6081730769230769 0.24278846153846154 0.010817307692307692 0.03125
0 0.8798076923076923 0.5048076923076923 0.006009615384615385 0.009615384615384616
2 0.4987980769230769 0.390625 0.018028846153846152 0.04447115384615385
2 0.8112980769230769 0.4206730769230769 0.018028846153846152 0.055288461538461536
2 0.140625 0.45552884615384615 0.013221153846153846 0.05889423076923077
2 0.8341346153846154 0.47115384615384615 0.02403846153846154 0.052884615384615384
2 0.6862980769230769 0.40865384615384615 0.018028846153846152 0.04927884615384615
2 0.16346153846153846 0.6322115384615384 0.015625 0.07451923076923077
2 0.44711538461538464 0.31971153846153844 0.015625 0.036057692307692304
2 0.6706730769230769 0.3485576923076923 0.018028846153846152 0.038461538461538464
2 0.2668269230769231 0.4110576923076923 0.014423076923076924 0.055288461538461536
2 0.4567307692307692 0.4423076923076923 0.019230769230769232 0.054086538461538464
2 0.36538461538461536 0.3545673076923077 0.018028846153846152 0.046875
2 0.7980769230769231 0.47115384615384615 0.02403846153846154 0.057692307692307696
2 0.5192307692307693 0.4495192307692308 0.015625 0.05048076923076923
3 0.6334134615384616 0.48677884615384615 0.02403846153846154 0.055288461538461536
2 0.31850961538461536 0.46274038461538464 0.01201923076923077 0.056490384615384616
2 0.44471153846153844 0.515625 0.018028846153846152 0.057692307692307696
2 0.34134615384615385 0.6057692307692307 0.020432692307692308 0.0625
2 0.29086538461538464 0.49158653846153844 0.018028846153846152 0.06009615384615385
2 0.8064903846153846 0.5516826923076923 0.016826923076923076 0.06610576923076923
2 0.8257211538461539 0.5685096153846154 0.020432692307692308 0.06490384615384616
2 0.33533653846153844 0.5336538461538461 0.02283653846153846 0.056490384615384616