3 0.30408653846153844 0.24639423076923078 0.007211538461538462 0.03125
2 0.46875 0.28846153846153844 0.01201923076923077 0.04807692307692308
2 0.6526442307692307 0.3245192307692308 0.014423076923076924 0.04326923076923077
3 0.5276442307692307 0.3581730769230769 0.01201923076923077 0.052884615384615384
2 0.6742788461538461 0.328125 0.014423076923076924 0.05048076923076923
2 0.5889423076923077 0.40865384615384615 0.01201923076923077 0.055288461538461536
2 0.33653846153846156 0.7295673076923077 0.026442307692307692 0.07211538461538461
2 0.7175480769230769 0.3786057692307692 0.014423076923076924 0.057692307692307696
2 0.5673076923076923 0.4026442307692308 0.016826923076923076 0.055288461538461536
2 0.4182692307692308 0.43990384615384615 0.016826923076923076 0.06009615384615385
2 0.7584134615384616 0.42908653846153844 0.016826923076923076 0.0625
2 0.7043269230769231 0.3858173076923077 0.014423076923076924 0.057692307692307696
3 0.9819711538461539 0.7620192307692307 0.026442307692307692 0.08653846153846154
2 0.6358173076923077 0.7379807692307693 0.026442307692307692 0.0889423076923077
2 0.2548076923076923 0.390625 0.014423076923076924 0.057692307692307696
2 0.40384615384615385 0.5528846153846154 0.014423076923076924 0.07211538461538461
2 0.3641826923076923 0.4651442307692308 0.016826923076923076 0.06009615384615385
2 0.6153846153846154 0.5757211538461539 0.021634615384615384 0.07451923076923077
2 0.6298076923076923 0.4326923076923077 0.014423076923076924 0.06009615384615385
2 0.8713942307692307 0.6550480769230769 0.019230769230769232 0.07451923076923077
2 0.8365384615384616 0.5252403846153846 0.019230769230769232 0.0673076923076923
2 0.46153846153846156 0.6358173076923077 0.021634615384615384 0.07692307692307693
2 0.7848557692307693 0.6947115384615384 0.028846153846153848 0.07932692307692307
0 0.328125 0.7536057692307693 0.007211538461538462 0.014423076923076924