3 0.6971153846153846 0.20072115384615385 0.021634615384615384 0.04326923076923077
2 0.2956730769230769 0.20552884615384615 0.021634615384615384 0.05048076923076923
2 0.4951923076923077 0.1971153846153846 0.021634615384615384 0.04567307692307692
3 0.4387019230769231 0.2644230769230769 0.02403846153846154 0.057692307692307696
2 0.43149038461538464 0.3161057692307692 0.028846153846153848 0.06009615384615385
2 0.30288461538461536 0.23197115384615385 0.02403846153846154 0.06009615384615385
2 0.6526442307692307 0.2980769230769231 0.026442307692307692 0.055288461538461536
2 0.26802884615384615 0.27884615384615385 0.026442307692307692 0.06490384615384616
2 0.46033653846153844 0.3545673076923077 0.028846153846153848 0.06971153846153846
2 0.23798076923076922 0.27403846153846156 0.028846153846153848 0.06490384615384616
2 0.36899038461538464 0.37259615384615385 0.028846153846153848 0.06971153846153846
2 0.19591346153846154 0.31009615384615385 0.028846153846153848 0.07211538461538461
2 0.5504807692307693 0.41586538461538464 0.03125 0.06971153846153846
2 0.10216346153846154 0.4098557692307692 0.03365384615384615 0.07932692307692307
2 0.5456730769230769 0.703125 0.036057692307692304 0.08653846153846154
2 0.7103365384615384 0.4519230769230769 0.028846153846153848 0.06971153846153846
2 0.5036057692307693 0.53125 0.03365384615384615 0.08173076923076923
1 0.9963942307692307 0.5360576923076923 0.007211538461538462 0.0673076923076923
2 0.0673076923076923 0.5168269230769231 0.036057692307692304 0.07932692307692307
2 0.5985576923076923 0.5060096153846154 0.036057692307692304 0.07692307692307693
2 0.38822115384615385 0.6742788461538461 0.04807692307692308 0.0985576923076923
2 0.34975961538461536 0.46153846153846156 0.03365384615384615 0.07932692307692307
2 0.18629807692307693 0.5829326923076923 0.040865384615384616 0.0889423076923077