2 0.5264423076923077 0.19591346153846154 0.019230769230769232 0.03365384615384615
3 0.8389423076923077 0.2620192307692308 0.021634615384615384 0.05048076923076923
2 0.38100961538461536 0.17427884615384615 0.03365384615384615 0.057692307692307696
2 0.3954326923076923 0.17427884615384615 0.026442307692307692 0.05048076923076923
2 0.5637019230769231 0.25600961538461536 0.026442307692307692 0.057692307692307696
3 0.49158653846153844 0.2776442307692308 0.03125 0.0625
2 0.8052884615384616 0.31971153846153844 0.028846153846153848 0.0625
2 0.4639423076923077 0.27283653846153844 0.028846153846153848 0.06009615384615385
2 0.6045673076923077 0.6430288461538461 0.040865384615384616 0.09615384615384616
2 0.6622596153846154 0.3173076923076923 0.028846153846153848 0.0673076923076923
2 0.8245192307692307 0.44350961538461536 0.03365384615384615 0.07211538461538461
2 0.6790865384615384 0.3918269230769231 0.03125 0.07211538461538461
2 0.5757211538461539 0.3894230769230769 0.03365384615384615 0.07211538461538461
2 0.24639423076923078 0.27524038461538464 0.03365384615384615 0.07211538461538461
2 0.6213942307692307 0.5060096153846154 0.03365384615384615 0.07932692307692307
2 0.23798076923076922 0.23918269230769232 0.03125 0.07211538461538461
2 0.39302884615384615 0.3605769230769231 0.038461538461538464 0.07451923076923077
2 0.18509615384615385 0.33052884615384615 0.036057692307692304 0.07692307692307693
2 0.06850961538461539 0.5769230769230769 0.04326923076923077 0.09615384615384616
2 0.3942307692307692 0.6225961538461539 0.04326923076923077 0.0889423076923077
2 0.07572115384615384 0.47115384615384615 0.038461538461538464 0.08653846153846154
0 0.5709134615384616 0.21514423076923078 0.007211538461538462 0.01201923076923077
2 0.5757211538461539 0.19831730769230768 0.026442307692307692 0.05048076923076923