2 0.7283653846153846 0.2800480769230769 0.02403846153846154 0.05048076923076923
3 0.7295673076923077 0.19831730769230768 0.016826923076923076 0.038461538461538464
2 0.4266826923076923 0.20072115384615385 0.010817307692307692 0.042067307692307696
2 0.47115384615384615 0.23677884615384615 0.008413461538461538 0.038461538461538464
2 0.7367788461538461 0.29086538461538464 0.016826923076923076 0.055288461538461536
2 0.38461538461538464 0.23798076923076922 0.014423076923076924 0.04567307692307692
2 0.546875 0.21995192307692307 0.009615384615384616 0.040865384615384616
2 0.4723557692307692 0.2704326923076923 0.015625 0.05048076923076923
2 0.6274038461538461 0.3786057692307692 0.026442307692307692 0.05889423076923077
2 0.5949519230769231 0.2920673076923077 0.013221153846153846 0.05048076923076923
3 0.546875 0.4098557692307692 0.010817307692307692 0.0625
2 0.6237980769230769 0.25240384615384615 0.010817307692307692 0.04807692307692308
2 0.4423076923076923 0.27283653846153844 0.010817307692307692 0.052884615384615384
2 0.7884615384615384 0.39302884615384615 0.015625 0.06009615384615385
2 0.27403846153846156 0.2848557692307692 0.010817307692307692 0.054086538461538464
2 0.7043269230769231 0.3762019230769231 0.013221153846153846 0.06129807692307692
2 0.7019230769230769 0.2536057692307692 0.020432692307692308 0.05048076923076923
2 0.3641826923076923 0.3329326923076923 0.01201923076923077 0.05889423076923077
2 0.8185096153846154 0.5240384615384616 0.019230769230769232 0.06971153846153846
2 0.7692307692307693 0.43028846153846156 0.018028846153846152 0.06850961538461539
2 0.8293269230769231 0.6959134615384616 0.02283653846153846 0.09495192307692307
2 0.20793269230769232 0.5240384615384616 0.020432692307692308 0.08052884615384616
0 0.3894230769230769 0.2548076923076923 0.006009615384615385 0.01201923076923077