3 0.59375 0.21995192307692307 0.01201923076923077 0.037259615384615384
2 0.24158653846153846 0.30528846153846156 0.008413461538461538 0.04447115384615385
2 0.41466346153846156 0.25721153846153844 0.010817307692307692 0.038461538461538464
3 0.3786057692307692 0.328125 0.010817307692307692 0.05048076923076923
2 0.38221153846153844 0.375 0.015625 0.052884615384615384
2 0.25240384615384615 0.328125 0.010817307692307692 0.051682692307692304
2 0.5733173076923077 0.31490384615384615 0.01201923076923077 0.04807692307692308
2 0.23317307692307693 0.375 0.010817307692307692 0.057692307692307696
2 0.41586538461538464 0.4026442307692308 0.01201923076923077 0.0625
2 0.20432692307692307 0.37740384615384615 0.013221153846153846 0.057692307692307696
2 0.3401442307692308 0.4375 0.01201923076923077 0.06009615384615385
2 0.17548076923076922 0.4170673076923077 0.010817307692307692 0.06490384615384616
2 0.5084134615384616 0.4387019230769231 0.014423076923076924 0.06009615384615385
2 0.1141826923076923 0.5240384615384616 0.015625 0.06971153846153846
2 0.5612980769230769 0.6911057692307693 0.015625 0.07572115384615384
2 0.65625 0.4387019230769231 0.013221153846153846 0.06129807692307692
2 0.49038461538461536 0.5492788461538461 0.014423076923076924 0.07091346153846154
1 0.9326923076923077 0.453125 0.009615384615384616 0.06129807692307692
2 0.1045673076923077 0.6262019230769231 0.015625 0.06971153846153846
2 0.5685096153846154 0.5072115384615384 0.016826923076923076 0.0673076923076923
2 0.4182692307692308 0.6971153846153846 0.02403846153846154 0.08653846153846154
2 0.3401442307692308 0.5192307692307693 0.015625 0.06971153846153846
2 0.22235576923076922 0.6586538461538461 0.020432692307692308 0.078125