2 0.5504807692307693 0.2439903846153846 0.019230769230769232 0.04567307692307692
2 0.5552884615384616 0.26322115384615385 0.016826923076923076 0.04326923076923077
2 0.6658653846153846 0.3329326923076923 0.016826923076923076 0.04326923076923077
3 0.2548076923076923 0.17427884615384615 0.016826923076923076 0.040865384615384616
3 0.6213942307692307 0.35697115384615385 0.021634615384615384 0.057692307692307696
2 0.7247596153846154 0.3076923076923077 0.021634615384615384 0.055288461538461536
2 0.4423076923076923 0.3293269230769231 0.021634615384615384 0.0625
2 0.8521634615384616 0.5036057692307693 0.03125 0.07451923076923077
2 0.49038461538461536 0.29086538461538464 0.021634615384615384 0.057692307692307696
2 0.6622596153846154 0.3713942307692308 0.021634615384615384 0.057692307692307696
2 0.46274038461538464 0.33653846153846156 0.019230769230769232 0.06009615384615385
2 0.7079326923076923 0.30408653846153844 0.021634615384615384 0.052884615384615384
2 0.8112980769230769 0.44350961538461536 0.021634615384615384 0.0625
2 0.10216346153846154 0.3245192307692308 0.021634615384615384 0.0673076923076923
2 0.2668269230769231 0.23918269230769232 0.02403846153846154 0.052884615384615384
2 0.8233173076923077 0.6334134615384616 0.03365384615384615 0.07932692307692307
2 0.8197115384615384 0.5096153846153846 0.028846153846153848 0.0625
2 0.7788461538461539 0.39783653846153844 0.03125 0.0673076923076923
2 0.5805288461538461 0.44711538461538464 0.03365384615384615 0.0673076923076923
2 0.6911057692307693 0.7740384615384616 0.036057692307692304 0.09134615384615384
2 0.27163461538461536 0.3389423076923077 0.026442307692307692 0.06490384615384616
2 0.21394230769230768 0.5300480769230769 0.03365384615384615 0.08653846153846154
0 0.2692307692307692 0.2644230769230769 0.007211538461538462 0.014423076923076924