3 0.1502403846153846 0.29086538461538464 0.02403846153846154 0.05048076923076923
2 0.4675480769230769 0.234375 0.021634615384615384 0.04807692307692308
2 0.41586538461538464 0.22956730769230768 0.02403846153846154 0.057692307692307696
2 0.5661057692307693 0.18990384615384615 0.026442307692307692 0.055288461538461536
2 0.4026442307692308 0.30408653846153844 0.02403846153846154 0.057692307692307696
3 0.5576923076923077 0.3004807692307692 0.03125 0.06490384615384616
2 0.546875 0.30288461538461536 0.026442307692307692 0.06490384615384616
2 0.6057692307692307 0.21394230769230768 0.028846153846153848 0.055288461538461536
2 0.4026442307692308 0.3786057692307692 0.036057692307692304 0.07451923076923077
2 0.19951923076923078 0.3245192307692308 0.028846153846153848 0.06009615384615385
2 0.8052884615384616 0.32572115384615385 0.03125 0.07692307692307693
2 0.3233173076923077 0.34375 0.028846153846153848 0.06490384615384616
2 0.8521634615384616 0.34975961538461536 0.038461538461538464 0.08173076923076923
2 0.18028846153846154 0.4579326923076923 0.028846153846153848 0.07211538461538461
2 0.4543269230769231 0.36177884615384615 0.03125 0.07211538461538461
2 0.5877403846153846 0.37259615384615385 0.028846153846153848 0.07211538461538461
2 0.7704326923076923 0.28846153846153844 0.03125 0.07211538461538461
2 0.36658653846153844 0.5072115384615384 0.036057692307692304 0.08173076923076923
2 0.9783653846153846 0.49278846153846156 0.040865384615384616 0.0889423076923077
2 0.6610576923076923 0.5588942307692307 0.04567307692307692 0.11298076923076923
2 0.42908653846153844 0.6334134615384616 0.04807692307692308 0.09615384615384616
0 0.3269230769230769 0.37259615384615385 0.009615384615384616 0.014423076923076924