3 0.8545673076923077 0.23798076923076922 0.019230769230769232 0.04807692307692308
2 0.5444711538461539 0.22115384615384615 0.014423076923076924 0.04567307692307692
2 0.5949519230769231 0.21033653846153846 0.016826923076923076 0.055288461538461536
2 0.44471153846153844 0.18990384615384615 0.019230769230769232 0.052884615384615384
2 0.6141826923076923 0.2800480769230769 0.016826923076923076 0.055288461538461536
3 0.46634615384615385 0.29447115384615385 0.021634615384615384 0.0625
2 0.47716346153846156 0.2956730769230769 0.019230769230769232 0.0625
2 0.4098557692307692 0.21875 0.021634615384615384 0.052884615384615384
2 0.6237980769230769 0.35096153846153844 0.026442307692307692 0.06971153846153846
2 0.8112980769230769 0.27524038461538464 0.021634615384615384 0.057692307692307696
2 0.23317307692307693 0.3485576923076923 0.021634615384615384 0.07211538461538461
2 0.6959134615384616 0.3076923076923077 0.019230769230769232 0.0625
2 0.18990384615384615 0.37740384615384615 0.028846153846153848 0.07692307692307693
2 0.8449519230769231 0.4014423076923077 0.019230769230769232 0.06971153846153846
2 0.5721153846153846 0.34134615384615385 0.021634615384615384 0.06971153846153846
2 0.44471153846153844 0.36778846153846156 0.019230769230769232 0.0673076923076923
2 0.2620192307692308 0.3076923076923077 0.021634615384615384 0.06971153846153846
2 0.6742788461538461 0.4699519230769231 0.026442307692307692 0.07692307692307693
2 0.08774038461538461 0.5276442307692307 0.028846153846153848 0.08413461538461539
2 0.39903846153846156 0.5540865384615384 0.03125 0.10817307692307693
2 0.6274038461538461 0.5985576923076923 0.036057692307692304 0.09134615384615384
2 0.05889423076923077 0.6033653846153846 0.03125 0.09134615384615384
0 0.6947115384615384 0.33533653846153844 0.007211538461538462 0.014423076923076924