0 0.6298076923076923 0.24278846153846154 0.007211538461538462 0.01201923076923077
2 0.43028846153846156 0.16947115384615385 0.009615384615384616 0.040865384615384616
3 0.1778846153846154 0.1778846153846154 0.01201923076923077 0.04326923076923077
2 0.2668269230769231 0.21995192307692307 0.01201923076923077 0.04807692307692308
2 0.36778846153846156 0.265625 0.016826923076923076 0.052884615384615384
2 0.33052884615384615 0.32572115384615385 0.016826923076923076 0.0625
2 0.6778846153846154 0.2512019230769231 0.01201923076923077 0.057692307692307696
2 0.6141826923076923 0.18870192307692307 0.021634615384615384 0.04807692307692308
2 0.41346153846153844 0.24759615384615385 0.016826923076923076 0.055288461538461536
2 0.21153846153846154 0.27524038461538464 0.019230769230769232 0.0625
2 0.15865384615384615 0.34615384615384615 0.019230769230769232 0.06490384615384616
2 0.6021634615384616 0.2644230769230769 0.016826923076923076 0.057692307692307696
3 0.44591346153846156 0.39663461538461536 0.016826923076923076 0.06971153846153846
2 0.23197115384615385 0.7692307692307693 0.038461538461538464 0.10817307692307693
2 0.3545673076923077 0.421875 0.019230769230769232 0.07211538461538461
2 0.14903846153846154 0.32572115384615385 0.016826923076923076 0.057692307692307696
2 0.5913461538461539 0.3317307692307692 0.016826923076923076 0.0625
2 0.13221153846153846 0.44350961538461536 0.026442307692307692 0.07692307692307693
2 0.5552884615384616 0.2848557692307692 0.016826923076923076 0.055288461538461536
2 0.4026442307692308 0.42427884615384615 0.02403846153846154 0.06971153846153846
2 0.15144230769230768 0.46274038461538464 0.021634615384615384 0.07932692307692307
2 0.8413461538461539 0.5216346153846154 0.03125 0.08413461538461539
2 0.13221153846153846 0.5673076923076923 0.03125 0.08173076923076923