0 0.6730769230769231 0.2800480769230769 0.007211538461538462 0.01201923076923077
2 0.49038461538461536 0.16466346153846154 0.014423076923076924 0.040865384615384616
3 0.23677884615384615 0.1201923076923077 0.016826923076923076 0.04567307692307692
2 0.3161057692307692 0.1814903846153846 0.016826923076923076 0.04807692307692308
2 0.4074519230769231 0.24759615384615385 0.021634615384615384 0.052884615384615384
2 0.3581730769230769 0.3016826923076923 0.02403846153846154 0.06490384615384616
2 0.7199519230769231 0.3004807692307692 0.019230769230769232 0.057692307692307696
2 0.6682692307692307 0.22235576923076922 0.026442307692307692 0.05048076923076923
2 0.4567307692307692 0.24158653846153846 0.021634615384615384 0.057692307692307696
2 0.24879807692307693 0.22596153846153846 0.02403846153846154 0.0625
2 0.18269230769230768 0.28365384615384615 0.026442307692307692 0.0673076923076923
2 0.640625 0.296875 0.02403846153846154 0.06009615384615385
3 0.4579326923076923 0.3942307692307692 0.02403846153846154 0.07211538461538461
2 0.1658653846153846 0.7211538461538461 0.04807692307692308 0.11057692307692307
2 0.36177884615384615 0.4014423076923077 0.026442307692307692 0.07451923076923077
2 0.17668269230769232 0.2620192307692308 0.021634615384615384 0.06009615384615385
2 0.6141826923076923 0.3605769230769231 0.02403846153846154 0.06490384615384616
2 0.13581730769230768 0.375 0.03365384615384615 0.07932692307692307
2 0.5901442307692307 0.3076923076923077 0.021634615384615384 0.057692307692307696
2 0.4074519230769231 0.41225961538461536 0.03125 0.07211538461538461
2 0.1502403846153846 0.39783653846153844 0.03125 0.08173076923076923
2 0.8245192307692307 0.6021634615384616 0.038461538461538464 0.08653846153846154
2 0.10817307692307693 0.49759615384615385 0.038461538461538464 0.08413461538461539