2 0.5997596153846154 0.20552884615384615 0.009615384615384616 0.04447115384615385
3 0.29927884615384615 0.19110576923076922 0.010817307692307692 0.038461538461538464
2 0.47475961538461536 0.2247596153846154 0.01201923076923077 0.038461538461538464
3 0.4326923076923077 0.41225961538461536 0.010817307692307692 0.0625
2 0.4050480769230769 0.265625 0.010817307692307692 0.046875
2 0.5564903846153846 0.25841346153846156 0.014423076923076924 0.046875
2 0.2824519230769231 0.3004807692307692 0.010817307692307692 0.055288461538461536
2 0.6370192307692307 0.27403846153846156 0.010817307692307692 0.04927884615384615
2 0.33774038461538464 0.2620192307692308 0.014423076923076924 0.051682692307692304
2 0.6730769230769231 0.265625 0.014423076923076924 0.055288461538461536
2 0.2403846153846154 0.2848557692307692 0.014423076923076924 0.051682692307692304
2 0.5456730769230769 0.265625 0.010817307692307692 0.04927884615384615
2 0.2956730769230769 0.3293269230769231 0.01201923076923077 0.055288461538461536
2 0.6670673076923077 0.31971153846153844 0.013221153846153846 0.05048076923076923
2 0.4182692307692308 0.31490384615384615 0.010817307692307692 0.055288461538461536
2 0.24639423076923078 0.35697115384615385 0.015625 0.056490384615384616
2 0.1814903846153846 0.5252403846153846 0.016826923076923076 0.06971153846153846
2 0.828125 0.28725961538461536 0.015625 0.054086538461538464
2 0.2512019230769231 0.43509615384615385 0.013221153846153846 0.0673076923076923
2 0.7295673076923077 0.5048076923076923 0.016826923076923076 0.06850961538461539
2 0.18509615384615385 0.7151442307692307 0.02403846153846154 0.09134615384615384
2 0.4362980769230769 0.3918269230769231 0.009615384615384616 0.04447115384615385