3 0.33052884615384615 0.3125 0.006009615384615385 0.025240384615384616
2 0.4423076923076923 0.35697115384615385 0.010817307692307692 0.03365384615384615
3 0.49399038461538464 0.39302884615384615 0.008413461538461538 0.03365384615384615
2 0.6298076923076923 0.4326923076923077 0.008413461538461538 0.036057692307692304
1 0.9110576923076923 0.4230769230769231 0.01201923076923077 0.038461538461538464
2 0.6322115384615384 0.5228365384615384 0.008413461538461538 0.042067307692307696
2 0.6514423076923077 0.4375 0.009615384615384616 0.038461538461538464
2 0.6346153846153846 0.3870192307692308 0.009615384615384616 0.028846153846153848
2 0.5132211538461539 0.41225961538461536 0.008413461538461538 0.03485576923076923
2 0.6658653846153846 0.4050480769230769 0.008413461538461538 0.03365384615384615
2 0.6105769230769231 0.41586538461538464 0.008413461538461538 0.03485576923076923
2 0.5372596153846154 0.3870192307692308 0.007211538461538462 0.03245192307692308
2 0.4987980769230769 0.45913461538461536 0.01201923076923077 0.038461538461538464
2 0.6875 0.625 0.013221153846153846 0.052884615384615384
2 0.8449519230769231 0.6538461538461539 0.01201923076923077 0.05048076923076923
2 0.6213942307692307 0.4699519230769231 0.008413461538461538 0.038461538461538464
2 0.4362980769230769 0.6358173076923077 0.010817307692307692 0.052884615384615384
2 0.41466346153846156 0.5432692307692307 0.013221153846153846 0.039663461538461536
2 0.7127403846153846 0.4879807692307692 0.01201923076923077 0.04447115384615385
1 0.15384615384615385 0.484375 0.008413461538461538 0.040865384615384616
2 0.2548076923076923 0.43509615384615385 0.008413461538461538 0.03485576923076923
3 0.8329326923076923 0.6766826923076923 0.014423076923076924 0.055288461538461536
2 0.7800480769230769 0.5925480769230769 0.010817307692307692 0.038461538461538464
2 0.4375 0.5048076923076923 0.010817307692307692 0.04567307692307692
2 0.6322115384615384 0.36658653846153844 0.009615384615384616 0.036057692307692304
0 0.34375 0.6129807692307693 0.007211538461538462 0.01201923076923077