2 0.7211538461538461 0.20192307692307693 0.03365384615384615 0.06009615384615385
3 0.7115384615384616 0.11177884615384616 0.02403846153846154 0.04567307692307692
2 0.3762019230769231 0.16105769230769232 0.019230769230769232 0.05048076923076923
2 0.42908653846153844 0.19591346153846154 0.014423076923076924 0.04326923076923077
2 0.7331730769230769 0.21394230769230768 0.026442307692307692 0.0625
2 0.33413461538461536 0.2091346153846154 0.021634615384615384 0.052884615384615384
2 0.5108173076923077 0.16466346153846154 0.016826923076923076 0.04567307692307692
2 0.43509615384615385 0.23197115384615385 0.026442307692307692 0.057692307692307696
2 0.625 0.3269230769230769 0.038461538461538464 0.06971153846153846
2 0.5757211538461539 0.23677884615384615 0.021634615384615384 0.057692307692307696
3 0.5408653846153846 0.375 0.021634615384615384 0.07211538461538461
2 0.6009615384615384 0.18870192307692307 0.019230769230769232 0.055288461538461536
2 0.40384615384615385 0.23918269230769232 0.019230769230769232 0.06009615384615385
2 0.8052884615384616 0.31850961538461536 0.026442307692307692 0.06971153846153846
2 0.21875 0.2800480769230769 0.021634615384615384 0.0625
2 0.7103365384615384 0.3125 0.02403846153846154 0.06971153846153846
2 0.6887019230769231 0.1778846153846154 0.03125 0.06009615384615385
2 0.3269230769230769 0.31850961538461536 0.021634615384615384 0.0673076923076923
2 0.8581730769230769 0.4579326923076923 0.03125 0.07932692307692307
2 0.7908653846153846 0.3629807692307692 0.028846153846153848 0.07932692307692307
2 0.8978365384615384 0.6478365384615384 0.040865384615384616 0.10817307692307693
2 0.18269230769230768 0.5540865384615384 0.036057692307692304 0.09134615384615384
0 0.3425480769230769 0.22716346153846154 0.007211538461538462 0.014423076923076924