0 0.5192307692307693 0.6286057692307693 0.01201923076923077 0.016826923076923076
3 0.25721153846153844 0.17067307692307693 0.016826923076923076 0.04567307692307692
2 0.6069711538461539 0.25240384615384615 0.026442307692307692 0.06009615384615385
2 0.5024038461538461 0.21875 0.019230769230769232 0.05048076923076923
2 0.27403846153846156 0.3605769230769231 0.026442307692307692 0.052884615384615384
2 0.5913461538461539 0.3629807692307692 0.02403846153846154 0.07451923076923077
2 0.23918269230769232 0.27403846153846156 0.021634615384615384 0.052884615384615384
2 0.5060096153846154 0.6045673076923077 0.038461538461538464 0.09615384615384616
2 0.5997596153846154 0.4266826923076923 0.026442307692307692 0.08173076923076923
2 0.21875 0.3629807692307692 0.02403846153846154 0.06971153846153846
2 0.4074519230769231 0.7608173076923077 0.038461538461538464 0.09615384615384616
2 0.3629807692307692 0.3233173076923077 0.02403846153846154 0.0673076923076923
2 0.3713942307692308 0.7860576923076923 0.038461538461538464 0.10336538461538461
2 0.4170673076923077 0.6237980769230769 0.03365384615384615 0.0985576923076923
2 0.6334134615384616 0.3137019230769231 0.02403846153846154 0.07211538461538461
2 0.1971153846153846 0.3737980769230769 0.02403846153846154 0.07211538461538461
2 0.8677884615384616 0.32211538461538464 0.02403846153846154 0.07211538461538461
3 0.3112980769230769 0.47716346153846156 0.026442307692307692 0.08173076923076923
2 0.4519230769230769 0.4110576923076923 0.026442307692307692 0.07692307692307693
2 0.35336538461538464 0.5012019230769231 0.03365384615384615 0.07932692307692307
2 0.8545673076923077 0.6346153846153846 0.038461538461538464 0.10817307692307693
2 0.17668269230769232 0.46033653846153844 0.038461538461538464 0.08413461538461539
2 0.6189903846153846 0.640625 0.03365384615384615 0.09615384615384616