3 0.41586538461538464 0.25721153846153844 0.008413461538461538 0.028846153846153848
2 0.22956730769230768 0.41346153846153844 0.015625 0.057692307692307696
2 0.16947115384615385 0.47836538461538464 0.016826923076923076 0.040865384615384616
2 0.47596153846153844 0.37740384615384615 0.01201923076923077 0.042067307692307696
1 0.15264423076923078 0.3798076923076923 0.015625 0.040865384615384616
2 0.3137019230769231 0.3713942307692308 0.016826923076923076 0.038461538461538464
2 0.48677884615384615 0.33052884615384615 0.014423076923076924 0.039663461538461536
2 0.328125 0.41225961538461536 0.01201923076923077 0.046875
3 0.3317307692307692 0.46274038461538464 0.009615384615384616 0.051682692307692304
2 0.5961538461538461 0.36778846153846156 0.013221153846153846 0.054086538461538464
2 0.21514423076923078 0.43990384615384615 0.01201923076923077 0.04807692307692308
2 0.859375 0.47115384615384615 0.01201923076923077 0.051682692307692304
2 0.4735576923076923 0.4855769230769231 0.010817307692307692 0.055288461538461536
2 0.8293269230769231 0.42788461538461536 0.01201923076923077 0.051682692307692304
3 0.9375 0.8173076923076923 0.016826923076923076 0.08413461538461539
2 0.3942307692307692 0.42788461538461536 0.014423076923076924 0.04326923076923077
2 0.5060096153846154 0.42788461538461536 0.016826923076923076 0.05048076923076923
2 0.7908653846153846 0.4855769230769231 0.010817307692307692 0.054086538461538464
2 0.6105769230769231 0.5745192307692307 0.014423076923076924 0.05889423076923077
2 0.5853365384615384 0.4699519230769231 0.016826923076923076 0.054086538461538464
2 0.75 0.4723557692307692 0.015625 0.054086538461538464
2 0.8088942307692307 0.5901442307692307 0.015625 0.0673076923076923
0 0.17908653846153846 0.4987980769230769 0.004807692307692308 0.008413461538461538
2 0.16826923076923078 0.46875 0.02403846153846154 0.040865384615384616