2 0.4675480769230769 0.20793269230769232 0.014423076923076924 0.04326923076923077
2 0.47596153846153844 0.22716346153846154 0.009615384615384616 0.04326923076923077
2 0.5985576923076923 0.26802884615384615 0.01201923076923077 0.04326923076923077
3 0.16706730769230768 0.20793269230769232 0.01201923076923077 0.040865384615384616
3 0.5600961538461539 0.3016826923076923 0.014423076923076924 0.057692307692307696
2 0.6490384615384616 0.23076923076923078 0.016826923076923076 0.052884615384615384
2 0.38221153846153844 0.3137019230769231 0.014423076923076924 0.0625
2 0.8161057692307693 0.3918269230769231 0.02403846153846154 0.07211538461538461
2 0.4206730769230769 0.2668269230769231 0.014423076923076924 0.057692307692307696
2 0.6033653846153846 0.30649038461538464 0.014423076923076924 0.057692307692307696
2 0.40384615384615385 0.3161057692307692 0.01201923076923077 0.057692307692307696
2 0.6322115384615384 0.23197115384615385 0.014423076923076924 0.05048076923076923
2 0.7632211538461539 0.3425480769230769 0.014423076923076924 0.0625
2 0.055288461538461536 0.3858173076923077 0.014423076923076924 0.0673076923076923
2 0.1935096153846154 0.26802884615384615 0.019230769230769232 0.05048076923076923
2 0.8161057692307693 0.5228365384615384 0.02403846153846154 0.07692307692307693
2 0.7848557692307693 0.40384615384615385 0.021634615384615384 0.06009615384615385
2 0.7223557692307693 0.30649038461538464 0.021634615384615384 0.06490384615384616
2 0.5420673076923077 0.39783653846153844 0.026442307692307692 0.06490384615384616
2 0.7199519230769231 0.6887019230769231 0.026442307692307692 0.09134615384615384
2 0.22115384615384615 0.36177884615384615 0.019230769230769232 0.0625
2 0.20673076923076922 0.5600961538461539 0.02403846153846154 0.08413461538461539
0 0.20192307692307693 0.29086538461538464 0.007211538461538462 0.014423076923076924