0 0.7247596153846154 0.5504807692307693 0.01201923076923077 0.01201923076923077
2 0.12980769230769232 0.2644230769230769 0.013221153846153846 0.046875
2 0.31971153846153844 0.21995192307692307 0.016826923076923076 0.051682692307692304
3 0.09615384615384616 0.2091346153846154 0.014423076923076924 0.046875
2 0.5096153846153846 0.21514423076923078 0.010817307692307692 0.04567307692307692
2 0.47115384615384615 0.234375 0.009615384615384616 0.046875
2 0.5805288461538461 0.2692307692307692 0.015625 0.056490384615384616
3 0.46875 0.31490384615384615 0.01201923076923077 0.055288461538461536
2 0.6057692307692307 0.5372596153846154 0.018028846153846152 0.0673076923076923
2 0.47716346153846156 0.3401442307692308 0.015625 0.06129807692307692
2 0.6983173076923077 0.36177884615384615 0.013221153846153846 0.0673076923076923
2 0.2800480769230769 0.36778846153846156 0.015625 0.0625
2 0.20552884615384615 0.3076923076923077 0.015625 0.06129807692307692
2 0.3245192307692308 0.3161057692307692 0.016826923076923076 0.0625
2 0.07692307692307693 0.39663461538461536 0.01201923076923077 0.06610576923076923
2 0.5637019230769231 0.42908653846153844 0.020432692307692308 0.06971153846153846
2 0.22596153846153846 0.5985576923076923 0.018028846153846152 0.08653846153846154
2 0.3942307692307692 0.36538461538461536 0.015625 0.06129807692307692
2 0.6802884615384616 0.3954326923076923 0.015625 0.07091346153846154
2 0.7884615384615384 0.5721153846153846 0.020432692307692308 0.07572115384615384
2 0.2980769230769231 0.4723557692307692 0.016826923076923076 0.07692307692307693
2 0.7403846153846154 0.41225961538461536 0.020432692307692308 0.07211538461538461
2 0.8185096153846154 0.5973557692307693 0.036057692307692304 0.06971153846153846