3 0.6382211538461539 0.2860576923076923 0.016826923076923076 0.03125
2 0.7788461538461539 0.4891826923076923 0.03125 0.06009615384615385
2 0.8233173076923077 0.5697115384615384 0.026442307692307692 0.04567307692307692
2 0.546875 0.38822115384615385 0.021634615384615384 0.04326923076923077
1 0.8653846153846154 0.47596153846153844 0.026442307692307692 0.04567307692307692
2 0.7091346153846154 0.4266826923076923 0.026442307692307692 0.04326923076923077
2 0.5492788461538461 0.3401442307692308 0.02403846153846154 0.04326923076923077
2 0.6826923076923077 0.46153846153846156 0.02403846153846154 0.04807692307692308
3 0.6670673076923077 0.5108173076923077 0.02403846153846154 0.052884615384615384
2 0.43028846153846156 0.3485576923076923 0.026442307692307692 0.055288461538461536
2 0.7872596153846154 0.5192307692307693 0.026442307692307692 0.05048076923076923
2 0.14543269230769232 0.3798076923076923 0.026442307692307692 0.055288461538461536
2 0.5216346153846154 0.4951923076923077 0.02403846153846154 0.057692307692307696
2 0.18509615384615385 0.34615384615384615 0.026442307692307692 0.055288461538461536
2 0.6153846153846154 0.46033653846153844 0.026442307692307692 0.04567307692307692
2 0.5048076923076923 0.43028846153846156 0.028846153846153848 0.052884615384615384
2 0.2091346153846154 0.41225961538461536 0.02403846153846154 0.055288461538461536
2 0.3629807692307692 0.5480769230769231 0.028846153846153848 0.0625
2 0.41586538461538464 0.4519230769230769 0.03125 0.057692307692307696
2 0.25240384615384615 0.4098557692307692 0.028846153846153848 0.055288461538461536
2 0.1622596153846154 0.5108173076923077 0.03365384615384615 0.06971153846153846
0 0.8076923076923077 0.5877403846153846 0.007211538461538462 0.009615384615384616
2 0.8257211538461539 0.5600961538461539 0.03365384615384615 0.04567307692307692