0 0.7283653846153846 0.5132211538461539 0.014423076923076924 0.014423076923076924
2 0.07572115384615384 0.3425480769230769 0.02403846153846154 0.04807692307692308
2 0.25600961538461536 0.2620192307692308 0.028846153846153848 0.055288461538461536
3 0.03125 0.2932692307692308 0.02403846153846154 0.04807692307692308
2 0.44711538461538464 0.21875 0.021634615384615384 0.04807692307692308
2 0.4110576923076923 0.24639423076923078 0.019230769230769232 0.04807692307692308
2 0.5288461538461539 0.25961538461538464 0.026442307692307692 0.06009615384615385
3 0.42427884615384615 0.3269230769230769 0.02403846153846154 0.057692307692307696
2 0.6057692307692307 0.5240384615384616 0.03125 0.07211538461538461
2 0.4375 0.35096153846153844 0.026442307692307692 0.06490384615384616
2 0.6634615384615384 0.3293269230769231 0.026442307692307692 0.06971153846153846
2 0.24639423076923078 0.4170673076923077 0.026442307692307692 0.06490384615384616
2 0.15985576923076922 0.3713942307692308 0.026442307692307692 0.06490384615384616
2 0.28125 0.35697115384615385 0.028846153846153848 0.06490384615384616
2 0.04927884615384615 0.484375 0.026442307692307692 0.06971153846153846
2 0.5420673076923077 0.4230769230769231 0.03365384615384615 0.07451923076923077
2 0.23677884615384615 0.6574519230769231 0.036057692307692304 0.09134615384615384
2 0.3605769230769231 0.3918269230769231 0.028846153846153848 0.06490384615384616
2 0.6514423076923077 0.36778846153846156 0.028846153846153848 0.07451923076923077
2 0.7956730769230769 0.5216346153846154 0.03365384615384615 0.07932692307692307
2 0.2860576923076923 0.5180288461538461 0.03365384615384615 0.07932692307692307
2 0.7163461538461539 0.3713942307692308 0.03365384615384615 0.07692307692307693
2 0.8305288461538461 0.5408653846153846 0.04807692307692308 0.07692307692307693