3 0.6382211538461539 0.17427884615384615 0.021634615384615384 0.04326923076923077
2 0.234375 0.17307692307692307 0.021634615384615384 0.05048076923076923
2 0.4338942307692308 0.16706730769230768 0.021634615384615384 0.04567307692307692
3 0.37740384615384615 0.234375 0.026442307692307692 0.057692307692307696
2 0.36899038461538464 0.2848557692307692 0.03125 0.06009615384615385
2 0.24158653846153846 0.20072115384615385 0.026442307692307692 0.057692307692307696
2 0.5901442307692307 0.27283653846153844 0.026442307692307692 0.055288461538461536
2 0.20793269230769232 0.24519230769230768 0.026442307692307692 0.06490384615384616
2 0.39783653846153844 0.3233173076923077 0.028846153846153848 0.06971153846153846
2 0.17668269230769232 0.2403846153846154 0.028846153846153848 0.06490384615384616
2 0.30528846153846156 0.3401442307692308 0.028846153846153848 0.0673076923076923
2 0.13341346153846154 0.27524038461538464 0.028846153846153848 0.07211538461538461
2 0.48677884615384615 0.38822115384615385 0.03125 0.06971153846153846
2 0.039663461538461536 0.3737980769230769 0.036057692307692304 0.07932692307692307
2 0.47596153846153844 0.6742788461538461 0.038461538461538464 0.08653846153846154
2 0.6454326923076923 0.4266826923076923 0.03125 0.06971153846153846
2 0.4375 0.5012019230769231 0.03365384615384615 0.08173076923076923
1 0.9399038461538461 0.5168269230769231 0.026442307692307692 0.0673076923076923
2 0.009615384615384616 0.4795673076923077 0.019230769230769232 0.07932692307692307
2 0.5324519230769231 0.47716346153846156 0.036057692307692304 0.07692307692307693
2 0.32091346153846156 0.6418269230769231 0.04807692307692308 0.0985576923076923
2 0.2848557692307692 0.42908653846153844 0.036057692307692304 0.07932692307692307
2 0.11899038461538461 0.546875 0.04326923076923077 0.0889423076923077