2 0.31850961538461536 0.28365384615384615 0.016826923076923076 0.040865384615384616
3 0.6706730769230769 0.21394230769230768 0.019230769230769232 0.04567307692307692
2 0.2439903846153846 0.44711538461538464 0.019230769230769232 0.04567307692307692
2 0.43028846153846156 0.33653846153846156 0.016826923076923076 0.04807692307692308
2 0.3016826923076923 0.33052884615384615 0.016826923076923076 0.04326923076923077
2 0.6550480769230769 0.3088942307692308 0.02403846153846154 0.04567307692307692
2 0.39903846153846156 0.36177884615384615 0.016826923076923076 0.055288461538461536
2 0.27524038461538464 0.4074519230769231 0.021634615384615384 0.055288461538461536
2 0.5661057692307693 0.2644230769230769 0.019230769230769232 0.038461538461538464
2 0.2860576923076923 0.41225961538461536 0.021634615384615384 0.055288461538461536
2 0.25 0.4831730769230769 0.021634615384615384 0.055288461538461536
3 0.5396634615384616 0.36538461538461536 0.021634615384615384 0.052884615384615384
2 0.5240384615384616 0.36658653846153844 0.016826923076923076 0.04567307692307692
2 0.39663461538461536 0.40024038461538464 0.019230769230769232 0.05048076923076923
2 0.2668269230769231 0.5180288461538461 0.026442307692307692 0.0673076923076923
2 0.5396634615384616 0.6790865384615384 0.026442307692307692 0.08653846153846154
3 0.12139423076923077 0.8653846153846154 0.040865384615384616 0.10096153846153846
2 0.41466346153846156 0.4855769230769231 0.021634615384615384 0.057692307692307696
2 0.21634615384615385 0.8112980769230769 0.03125 0.08653846153846154
2 0.22235576923076922 0.6670673076923077 0.03365384615384615 0.07211538461538461
2 0.7716346153846154 0.39302884615384615 0.028846153846153848 0.06009615384615385
2 0.45913461538461536 0.5432692307692307 0.028846153846153848 0.06971153846153846
2 0.6538461538461539 0.39783653846153844 0.03125 0.06009615384615385
0 0.6466346153846154 0.32572115384615385 0.007211538461538462 0.009615384615384616