3 0.6466346153846154 0.29447115384615385 0.009615384615384616 0.026442307692307692
2 0.5372596153846154 0.35697115384615385 0.016826923076923076 0.036057692307692304
3 0.4891826923076923 0.40384615384615385 0.01201923076923077 0.036057692307692304
2 0.35216346153846156 0.4651442307692308 0.014423076923076924 0.038461538461538464
1 0.054086538461538464 0.4963942307692308 0.019230769230769232 0.04326923076923077
2 0.36177884615384615 0.5612980769230769 0.016826923076923076 0.04567307692307692
2 0.328125 0.4735576923076923 0.016826923076923076 0.040865384615384616
2 0.3389423076923077 0.4170673076923077 0.014423076923076924 0.03125
2 0.4699519230769231 0.4266826923076923 0.014423076923076924 0.036057692307692304
2 0.31009615384615385 0.4411057692307692 0.014423076923076924 0.036057692307692304
2 0.36778846153846156 0.44471153846153844 0.014423076923076924 0.036057692307692304
2 0.4411057692307692 0.40384615384615385 0.01201923076923077 0.036057692307692304
2 0.49399038461538464 0.4735576923076923 0.019230769230769232 0.04326923076923077
2 0.31971153846153844 0.6754807692307693 0.021634615384615384 0.057692307692307696
2 0.15745192307692307 0.7295673076923077 0.021634615384615384 0.055288461538461536
2 0.3641826923076923 0.5036057692307693 0.014423076923076924 0.040865384615384616
2 0.5841346153846154 0.6490384615384616 0.019230769230769232 0.057692307692307696
2 0.5925480769230769 0.5492788461538461 0.019230769230769232 0.04326923076923077
2 0.27283653846153844 0.5348557692307693 0.019230769230769232 0.04807692307692308
1 0.859375 0.4483173076923077 0.014423076923076924 0.04326923076923077
2 0.7463942307692307 0.41225961538461536 0.014423076923076924 0.038461538461538464
3 0.171875 0.7512019230769231 0.02403846153846154 0.06009615384615385
2 0.21754807692307693 0.6550480769230769 0.016826923076923076 0.04326923076923077
2 0.5649038461538461 0.5120192307692307 0.019230769230769232 0.05048076923076923
2 0.3389423076923077 0.39663461538461536 0.014423076923076924 0.038461538461538464
0 0.6778846153846154 0.6117788461538461 0.009615384615384616 0.014423076923076924