0 0.6478365384615384 0.2800480769230769 0.006009615384615385 0.010817307692307692
2 0.46033653846153844 0.19951923076923078 0.007211538461538462 0.038461538461538464
3 0.21875 0.19471153846153846 0.008413461538461538 0.042067307692307696
2 0.3004807692307692 0.2403846153846154 0.009615384615384616 0.04447115384615385
2 0.39663461538461536 0.28846153846153844 0.01201923076923077 0.04927884615384615
2 0.3581730769230769 0.3449519230769231 0.01201923076923077 0.06009615384615385
2 0.6947115384615384 0.29086538461538464 0.009615384615384616 0.055288461538461536
2 0.6346153846153846 0.22596153846153846 0.016826923076923076 0.04567307692307692
2 0.4411057692307692 0.27403846153846156 0.01201923076923077 0.054086538461538464
2 0.24639423076923078 0.29086538461538464 0.015625 0.057692307692307696
2 0.19230769230769232 0.3557692307692308 0.014423076923076924 0.06129807692307692
2 0.6201923076923077 0.3004807692307692 0.014423076923076924 0.055288461538461536
3 0.4651442307692308 0.4182692307692308 0.01201923076923077 0.0673076923076923
2 0.24158653846153846 0.7632211538461539 0.03125 0.10096153846153846
2 0.3762019230769231 0.4375 0.015625 0.06850961538461539
2 0.18389423076923078 0.33533653846153844 0.01201923076923077 0.055288461538461536
2 0.6057692307692307 0.3629807692307692 0.013221153846153846 0.06009615384615385
2 0.1622596153846154 0.44711538461538464 0.021634615384615384 0.07211538461538461
2 0.5745192307692307 0.3173076923076923 0.01201923076923077 0.054086538461538464
2 0.4206730769230769 0.4423076923076923 0.018028846153846152 0.0673076923076923
2 0.17908653846153846 0.46634615384615385 0.016826923076923076 0.07451923076923077
2 0.8365384615384616 0.5564903846153846 0.025240384615384616 0.07932692307692307
2 0.15504807692307693 0.5649038461538461 0.025240384615384616 0.07692307692307693