3 0.15384615384615385 0.1814903846153846 0.014423076923076924 0.04807692307692308
2 0.4699519230769231 0.19230769230769232 0.01201923076923077 0.04567307692307692
2 0.41947115384615385 0.17668269230769232 0.01201923076923077 0.055288461538461536
2 0.5733173076923077 0.16947115384615385 0.014423076923076924 0.052884615384615384
2 0.39302884615384615 0.24639423076923078 0.01201923076923077 0.055288461538461536
3 0.5420673076923077 0.27403846153846156 0.016826923076923076 0.0625
2 0.53125 0.27403846153846156 0.014423076923076924 0.0625
2 0.6057692307692307 0.20072115384615385 0.016826923076923076 0.052884615384615384
2 0.3786057692307692 0.3161057692307692 0.021634615384615384 0.06971153846153846
2 0.1935096153846154 0.22235576923076922 0.016826923076923076 0.057692307692307696
2 0.7740384615384616 0.3485576923076923 0.016826923076923076 0.07451923076923077
2 0.3088942307692308 0.26802884615384615 0.014423076923076924 0.0625
2 0.8137019230769231 0.38100961538461536 0.02403846153846154 0.07692307692307693
2 0.14903846153846154 0.3473557692307692 0.014423076923076924 0.07211538461538461
2 0.43028846153846156 0.31009615384615385 0.016826923076923076 0.06971153846153846
2 0.5564903846153846 0.3485576923076923 0.014423076923076924 0.06971153846153846
2 0.7475961538461539 0.30408653846153844 0.016826923076923076 0.06971153846153846
2 0.3161057692307692 0.4338942307692308 0.019230769230769232 0.07932692307692307
2 0.9050480769230769 0.5432692307692307 0.02403846153846154 0.08413461538461539
2 0.5889423076923077 0.5432692307692307 0.021634615384615384 0.10817307692307693
2 0.35216346153846156 0.5661057692307693 0.03125 0.09134615384615384
2 0.9278846153846154 0.6225961538461539 0.02403846153846154 0.09134615384615384
0 0.30649038461538464 0.2956730769230769 0.007211538461538462 0.014423076923076924