0 0.4651442307692308 0.6814903846153846 0.014423076923076924 0.019230769230769232
3 0.5384615384615384 0.15504807692307693 0.021634615384615384 0.04567307692307692
2 0.2439903846153846 0.3629807692307692 0.03365384615384615 0.06009615384615385
2 0.328125 0.2920673076923077 0.02403846153846154 0.052884615384615384
2 0.5925480769230769 0.3401442307692308 0.03125 0.055288461538461536
2 0.29927884615384615 0.46033653846153844 0.03365384615384615 0.07451923076923077
2 0.5925480769230769 0.24519230769230768 0.026442307692307692 0.055288461538461536
2 0.46875 0.6538461538461539 0.05048076923076923 0.09615384615384616
2 0.31490384615384615 0.5240384615384616 0.036057692307692304 0.08173076923076923
2 0.6454326923076923 0.31971153846153844 0.03365384615384615 0.06971153846153846
2 0.6201923076923077 0.7620192307692307 0.05048076923076923 0.09615384615384616
2 0.4963942307692308 0.33774038461538464 0.03365384615384615 0.0673076923076923
2 0.6634615384615384 0.7716346153846154 0.052884615384615384 0.10576923076923077
2 0.5588942307692307 0.6382211538461539 0.04567307692307692 0.0985576923076923
2 0.24158653846153846 0.43149038461538464 0.03125 0.07211538461538461
2 0.6694711538461539 0.3233173076923077 0.03365384615384615 0.07211538461538461
2 0.025240384615384616 0.5264423076923077 0.03365384615384615 0.07211538461538461
3 0.6045673076923077 0.46153846153846156 0.038461538461538464 0.08173076923076923
2 0.44711538461538464 0.453125 0.038461538461538464 0.07692307692307693
2 0.5721153846153846 0.5 0.04326923076923077 0.07932692307692307
2 0.15625 0.8125 0.052884615384615384 0.10817307692307693
2 0.7211538461538461 0.3954326923076923 0.05048076923076923 0.08653846153846154
2 0.37740384615384615 0.7295673076923077 0.04567307692307692 0.09615384615384616