3 0.34375 0.22956730769230768 0.01201923076923077 0.03125
2 0.16466346153846154 0.421875 0.02403846153846154 0.06490384615384616
2 0.10817307692307693 0.4987980769230769 0.02403846153846154 0.04567307692307692
2 0.4230769230769231 0.35096153846153844 0.019230769230769232 0.04807692307692308
1 0.07932692307692307 0.3954326923076923 0.021634615384615384 0.04567307692307692
2 0.25 0.36658653846153844 0.02403846153846154 0.04326923076923077
2 0.42908653846153844 0.29927884615384615 0.021634615384615384 0.04567307692307692
2 0.2704326923076923 0.4074519230769231 0.019230769230769232 0.052884615384615384
3 0.28125 0.46033653846153844 0.016826923076923076 0.057692307692307696
2 0.5528846153846154 0.32572115384615385 0.021634615384615384 0.06009615384615385
2 0.15384615384615385 0.4519230769230769 0.019230769230769232 0.052884615384615384
2 0.8473557692307693 0.40024038461538464 0.019230769230769232 0.057692307692307696
2 0.43509615384615385 0.46634615384615385 0.019230769230769232 0.06009615384615385
2 0.8100961538461539 0.359375 0.019230769230769232 0.057692307692307696
3 0.9759615384615384 0.7608173076923077 0.028846153846153848 0.09375
2 0.3425480769230769 0.41466346153846156 0.021634615384615384 0.04807692307692308
2 0.46274038461538464 0.40024038461538464 0.02403846153846154 0.055288461538461536
2 0.7752403846153846 0.4254807692307692 0.019230769230769232 0.057692307692307696
2 0.59375 0.5444711538461539 0.02403846153846154 0.06490384615384616
2 0.5540865384615384 0.43509615384615385 0.02403846153846154 0.06009615384615385
2 0.7295673076923077 0.41586538461538464 0.02403846153846154 0.06009615384615385
2 0.8076923076923077 0.5348557692307693 0.026442307692307692 0.07451923076923077
0 0.12259615384615384 0.5192307692307693 0.007211538461538462 0.009615384615384616
2 0.10697115384615384 0.4891826923076923 0.03125 0.04807692307692308