2 0.47596153846153844 0.24278846153846154 0.019230769230769232 0.04326923076923077
2 0.47115384615384615 0.2608173076923077 0.014423076923076924 0.040865384615384616
2 0.36778846153846156 0.32572115384615385 0.016826923076923076 0.040865384615384616
3 0.7560096153846154 0.1778846153846154 0.016826923076923076 0.038461538461538464
3 0.4098557692307692 0.3485576923076923 0.019230769230769232 0.055288461538461536
2 0.3112980769230769 0.30288461538461536 0.021634615384615384 0.05048076923076923
2 0.578125 0.32211538461538464 0.019230769230769232 0.057692307692307696
2 0.19230769230769232 0.48677884615384615 0.028846153846153848 0.07211538461538461
2 0.5336538461538461 0.28725961538461536 0.019230769230769232 0.052884615384615384
2 0.3713942307692308 0.3629807692307692 0.021634615384615384 0.055288461538461536
2 0.5588942307692307 0.3293269230769231 0.019230769230769232 0.055288461538461536
2 0.328125 0.29927884615384615 0.019230769230769232 0.05048076923076923
2 0.23197115384615385 0.43149038461538464 0.021634615384615384 0.057692307692307696
2 0.8978365384615384 0.31850961538461536 0.019230769230769232 0.0625
2 0.7427884615384616 0.23918269230769232 0.021634615384615384 0.05048076923076923
2 0.21875 0.609375 0.03125 0.07451923076923077
2 0.22235576923076922 0.49278846153846156 0.026442307692307692 0.06009615384615385
2 0.2608173076923077 0.38822115384615385 0.028846153846153848 0.0625
2 0.4483173076923077 0.4338942307692308 0.03125 0.06490384615384616
2 0.3449519230769231 0.7403846153846154 0.036057692307692304 0.08653846153846154
2 0.7391826923076923 0.3317307692307692 0.026442307692307692 0.06009615384615385
2 0.7932692307692307 0.5132211538461539 0.03125 0.08173076923076923
0 0.7415865384615384 0.2608173076923077 0.007211538461538462 0.01201923076923077