2 0.39903846153846156 0.20552884615384615 0.009615384615384616 0.04447115384615385
3 0.7007211538461539 0.19110576923076922 0.010817307692307692 0.038461538461538464
2 0.5252403846153846 0.2247596153846154 0.01201923076923077 0.038461538461538464
3 0.5661057692307693 0.41225961538461536 0.010817307692307692 0.0625
2 0.5949519230769231 0.265625 0.010817307692307692 0.046875
2 0.44350961538461536 0.25841346153846156 0.014423076923076924 0.046875
2 0.7175480769230769 0.3004807692307692 0.010817307692307692 0.055288461538461536
2 0.3629807692307692 0.27403846153846156 0.010817307692307692 0.04927884615384615
2 0.6622596153846154 0.2620192307692308 0.014423076923076924 0.051682692307692304
2 0.3269230769230769 0.265625 0.014423076923076924 0.055288461538461536
2 0.7596153846153846 0.2848557692307692 0.014423076923076924 0.051682692307692304
2 0.4543269230769231 0.265625 0.010817307692307692 0.04927884615384615
2 0.7055288461538461 0.3293269230769231 0.01201923076923077 0.055288461538461536
2 0.3317307692307692 0.31971153846153844 0.013221153846153846 0.05048076923076923
2 0.5817307692307693 0.31490384615384615 0.010817307692307692 0.055288461538461536
2 0.7548076923076923 0.35697115384615385 0.015625 0.056490384615384616
2 0.8197115384615384 0.5252403846153846 0.016826923076923076 0.06971153846153846
2 0.171875 0.28725961538461536 0.015625 0.054086538461538464
2 0.7475961538461539 0.43509615384615385 0.013221153846153846 0.0673076923076923
2 0.2704326923076923 0.5048076923076923 0.016826923076923076 0.06850961538461539
2 0.8161057692307693 0.7151442307692307 0.02403846153846154 0.09134615384615384
2 0.5637019230769231 0.3918269230769231 0.009615384615384616 0.04447115384615385