3 0.7752403846153846 0.17908653846153846 0.016826923076923076 0.04567307692307692
2 0.4735576923076923 0.21634615384615385 0.01201923076923077 0.04326923076923077
2 0.5204326923076923 0.19831730769230768 0.016826923076923076 0.052884615384615384
2 0.3713942307692308 0.203125 0.016826923076923076 0.05048076923076923
2 0.5504807692307693 0.2620192307692308 0.014423076923076924 0.052884615384615384
3 0.4098557692307692 0.3016826923076923 0.019230769230769232 0.06009615384615385
2 0.4206730769230769 0.29927884615384615 0.016826923076923076 0.06009615384615385
2 0.34375 0.23677884615384615 0.019230769230769232 0.05048076923076923
2 0.5709134615384616 0.328125 0.02403846153846154 0.0673076923076923
2 0.7391826923076923 0.22355769230769232 0.021634615384615384 0.055288461538461536
2 0.19591346153846154 0.3918269230769231 0.019230769230769232 0.07211538461538461
2 0.6334134615384616 0.27524038461538464 0.016826923076923076 0.06009615384615385
2 0.15865384615384615 0.4266826923076923 0.026442307692307692 0.07451923076923077
2 0.7932692307692307 0.3389423076923077 0.016826923076923076 0.06971153846153846
2 0.5204326923076923 0.32572115384615385 0.019230769230769232 0.0673076923076923
2 0.40384615384615385 0.3737980769230769 0.016826923076923076 0.06490384615384616
2 0.21634615384615385 0.3473557692307692 0.019230769230769232 0.0673076923076923
2 0.640625 0.43509615384615385 0.021634615384615384 0.07451923076923077
2 0.08413461538461539 0.5901442307692307 0.026442307692307692 0.08173076923076923
2 0.38822115384615385 0.5625 0.026442307692307692 0.10576923076923077
2 0.6165865384615384 0.5649038461538461 0.03365384615384615 0.0889423076923077
2 0.07091346153846154 0.6670673076923077 0.028846153846153848 0.0889423076923077
0 0.6382211538461539 0.3016826923076923 0.007211538461538462 0.014423076923076924