2 0.3581730769230769 0.24158653846153846 0.021634615384615384 0.04567307692307692
0 0.6574519230769231 0.28966346153846156 0.007211538461538462 0.01201923076923077
3 0.703125 0.14423076923076922 0.021634615384615384 0.04567307692307692
3 0.45072115384615385 0.29086538461538464 0.02403846153846154 0.057692307692307696
2 0.34134615384615385 0.43028846153846156 0.026442307692307692 0.06490384615384616
2 0.3473557692307692 0.32572115384615385 0.026442307692307692 0.06009615384615385
2 0.4014423076923077 0.3173076923076923 0.021634615384615384 0.057692307692307696
2 0.6418269230769231 0.3485576923076923 0.026442307692307692 0.06490384615384616
2 0.3605769230769231 0.4026442307692308 0.02403846153846154 0.052884615384615384
2 0.16826923076923078 0.42908653846153844 0.028846153846153848 0.06971153846153846
2 0.6622596153846154 0.21995192307692307 0.021634615384615384 0.05048076923076923
2 0.45072115384615385 0.3713942307692308 0.021634615384615384 0.0625
2 0.2439903846153846 0.30528846153846156 0.021634615384615384 0.05048076923076923
2 0.31490384615384615 0.40625 0.026442307692307692 0.06490384615384616
2 0.19591346153846154 0.36778846153846156 0.026442307692307692 0.0625
2 0.8557692307692307 0.30408653846153844 0.026442307692307692 0.0673076923076923
2 0.546875 0.390625 0.03365384615384615 0.06971153846153846
2 0.8100961538461539 0.5204326923076923 0.036057692307692304 0.0889423076923077
2 0.15745192307692307 0.5180288461538461 0.03125 0.07932692307692307
2 0.5588942307692307 0.34375 0.03365384615384615 0.0673076923076923
2 0.390625 0.4987980769230769 0.03365384615384615 0.07692307692307693
2 0.13942307692307693 0.7091346153846154 0.038461538461538464 0.08653846153846154
2 0.4699519230769231 0.7151442307692307 0.038461538461538464 0.09375