2 0.5612980769230769 0.2283653846153846 0.021634615384615384 0.03365384615384615
3 0.23798076923076922 0.14903846153846154 0.019230769230769232 0.052884615384615384
2 0.7079326923076923 0.2764423076923077 0.03125 0.06009615384615385
2 0.6947115384615384 0.26802884615384615 0.026442307692307692 0.052884615384615384
2 0.5 0.2692307692307692 0.02403846153846154 0.06009615384615385
3 0.5576923076923077 0.32211538461538464 0.03125 0.0673076923076923
2 0.24278846153846154 0.21634615384615385 0.028846153846153848 0.06490384615384616
2 0.5853365384615384 0.33052884615384615 0.028846153846153848 0.0625
2 0.2848557692307692 0.6129807692307693 0.038461538461538464 0.10096153846153846
2 0.3798076923076923 0.28125 0.028846153846153848 0.06971153846153846
2 0.1658653846153846 0.3245192307692308 0.03365384615384615 0.07692307692307693
2 0.328125 0.3425480769230769 0.028846153846153848 0.07451923076923077
2 0.4266826923076923 0.38822115384615385 0.03125 0.07451923076923077
2 0.7884615384615384 0.4326923076923077 0.03365384615384615 0.07692307692307693
2 0.33052884615384615 0.47596153846153844 0.03125 0.08413461538461539
2 0.8125 0.4014423076923077 0.028846153846153848 0.07692307692307693
2 0.6117788461538461 0.44350961538461536 0.036057692307692304 0.07932692307692307
2 0.8197115384615384 0.5120192307692307 0.036057692307692304 0.08173076923076923
2 0.8173076923076923 0.7956730769230769 0.04326923076923077 0.10096153846153846
2 0.49038461538461536 0.6899038461538461 0.04326923076923077 0.09375
2 0.8581730769230769 0.6923076923076923 0.038461538461538464 0.09134615384615384
0 0.5108173076923077 0.22716346153846154 0.007211538461538462 0.01201923076923077
2 0.5144230769230769 0.20793269230769232 0.02403846153846154 0.052884615384615384