2 0.38221153846153844 0.17548076923076922 0.021634615384615384 0.036057692307692304
3 0.7127403846153846 0.07572115384615384 0.02403846153846154 0.055288461538461536
2 0.23317307692307693 0.23197115384615385 0.036057692307692304 0.0625
2 0.24759615384615385 0.22355769230769232 0.028846153846153848 0.055288461538461536
2 0.4483173076923077 0.21394230769230768 0.028846153846153848 0.0625
3 0.3918269230769231 0.27163461538461536 0.036057692307692304 0.0673076923076923
2 0.7103365384615384 0.1466346153846154 0.03125 0.0673076923076923
2 0.3629807692307692 0.28125 0.03125 0.06490384615384616
2 0.6887019230769231 0.5564903846153846 0.04567307692307692 0.10336538461538461
2 0.5733173076923077 0.21875 0.03365384615384615 0.07211538461538461
2 0.7932692307692307 0.2536057692307692 0.038461538461538464 0.07932692307692307
2 0.6286057692307693 0.28125 0.03365384615384615 0.07692307692307693
2 0.5300480769230769 0.3329326923076923 0.036057692307692304 0.07692307692307693
2 0.15985576923076922 0.39783653846153844 0.038461538461538464 0.07932692307692307
2 0.6334134615384616 0.4182692307692308 0.036057692307692304 0.08413461538461539
2 0.13341346153846154 0.36658653846153844 0.036057692307692304 0.07932692307692307
2 0.3425480769230769 0.40024038461538464 0.04326923076923077 0.08173076923076923
2 0.13221153846153846 0.48197115384615385 0.040865384615384616 0.08413461538461539
2 0.14903846153846154 0.7740384615384616 0.04807692307692308 0.10336538461538461
2 0.4807692307692308 0.6466346153846154 0.05048076923076923 0.09615384615384616
2 0.09975961538461539 0.6706730769230769 0.04326923076923077 0.09375
0 0.4338942307692308 0.171875 0.007211538461538462 0.01201923076923077
2 0.42908653846153844 0.15144230769230768 0.028846153846153848 0.055288461538461536