2 0.5264423076923077 0.2091346153846154 0.019230769230769232 0.03365384615384615
3 0.8377403846153846 0.2692307692307692 0.021634615384615384 0.05048076923076923
2 0.38221153846153844 0.18990384615384615 0.03125 0.055288461538461536
2 0.39783653846153844 0.18990384615384615 0.026442307692307692 0.05048076923076923
2 0.5649038461538461 0.26802884615384615 0.026442307692307692 0.057692307692307696
3 0.49399038461538464 0.28966346153846156 0.03125 0.0625
2 0.8064903846153846 0.3269230769230769 0.026442307692307692 0.0625
2 0.46634615384615385 0.2860576923076923 0.028846153846153848 0.057692307692307696
2 0.6117788461538461 0.6490384615384616 0.038461538461538464 0.09375
2 0.6634615384615384 0.3269230769230769 0.028846153846153848 0.06490384615384616
2 0.828125 0.4483173076923077 0.03125 0.07211538461538461
2 0.6826923076923077 0.40024038461538464 0.028846153846153848 0.07211538461538461
2 0.5793269230769231 0.40024038461538464 0.03125 0.06971153846153846
2 0.2512019230769231 0.2932692307692308 0.03125 0.07211538461538461
2 0.6262019230769231 0.5132211538461539 0.03125 0.07932692307692307
2 0.24278846153846154 0.25721153846153844 0.028846153846153848 0.07211538461538461
2 0.39783653846153844 0.3737980769230769 0.036057692307692304 0.07451923076923077
2 0.19230769230769232 0.3485576923076923 0.036057692307692304 0.07692307692307693
2 0.08052884615384616 0.5949519230769231 0.040865384615384616 0.09615384615384616
2 0.40384615384615385 0.6334134615384616 0.04326923076923077 0.0889423076923077
2 0.08533653846153846 0.4879807692307692 0.036057692307692304 0.08653846153846154
0 0.5709134615384616 0.2283653846153846 0.007211538461538462 0.01201923076923077
2 0.5757211538461539 0.2091346153846154 0.02403846153846154 0.05048076923076923