3 0.6947115384615384 0.27163461538461536 0.01201923076923077 0.028846153846153848
2 0.5384615384615384 0.28365384615384615 0.019230769230769232 0.04326923076923077
2 0.36538461538461536 0.28725961538461536 0.019230769230769232 0.040865384615384616
3 0.4723557692307692 0.33774038461538464 0.019230769230769232 0.04807692307692308
2 0.3449519230769231 0.2860576923076923 0.019230769230769232 0.04807692307692308
2 0.40865384615384615 0.3737980769230769 0.019230769230769232 0.05048076923076923
2 0.5889423076923077 0.7067307692307693 0.036057692307692304 0.06971153846153846
2 0.2980769230769231 0.32572115384615385 0.021634615384615384 0.052884615384615384
2 0.43028846153846156 0.3713942307692308 0.02403846153846154 0.052884615384615384
2 0.5600961538461539 0.43028846153846156 0.026442307692307692 0.057692307692307696
2 0.2536057692307692 0.36538461538461536 0.02403846153846154 0.06009615384615385
2 0.3076923076923077 0.33413461538461536 0.021634615384615384 0.052884615384615384
3 0.007211538461538462 0.6322115384615384 0.014423076923076924 0.08173076923076923
2 0.3137019230769231 0.6658653846153846 0.038461538461538464 0.08413461538461539
2 0.7163461538461539 0.4110576923076923 0.021634615384615384 0.052884615384615384
2 0.5540865384615384 0.5336538461538461 0.026442307692307692 0.0673076923076923
2 0.6057692307692307 0.46153846153846156 0.02403846153846154 0.055288461538461536
2 0.359375 0.5216346153846154 0.03125 0.06971153846153846
2 0.9447115384615384 0.5685096153846154 0.026442307692307692 0.06009615384615385
2 0.36899038461538464 0.3894230769230769 0.02403846153846154 0.057692307692307696
2 0.11298076923076923 0.5528846153846154 0.028846153846153848 0.06971153846153846
2 0.1658653846153846 0.43990384615384615 0.028846153846153848 0.06490384615384616
2 0.4891826923076923 0.6009615384615384 0.03125 0.07211538461538461
2 0.18509615384615385 0.6021634615384616 0.038461538461538464 0.07692307692307693
0 0.5913461538461539 0.7295673076923077 0.007211538461538462 0.01201923076923077