3 0.25841346153846156 0.3245192307692308 0.01201923076923077 0.028846153846153848
2 0.38822115384615385 0.34375 0.019230769230769232 0.038461538461538464
3 0.453125 0.3701923076923077 0.016826923076923076 0.036057692307692304
2 0.6069711538461539 0.3786057692307692 0.019230769230769232 0.040865384615384616
1 0.9038461538461539 0.29927884615384615 0.021634615384615384 0.04326923076923077
2 0.6322115384615384 0.47475961538461536 0.019230769230769232 0.04567307692307692
2 0.6310096153846154 0.3786057692307692 0.019230769230769232 0.04326923076923077
2 0.6009615384615384 0.328125 0.016826923076923076 0.03365384615384615
2 0.47716346153846156 0.3858173076923077 0.016826923076923076 0.038461538461538464
2 0.6382211538461539 0.34134615384615385 0.016826923076923076 0.038461538461538464
2 0.5829326923076923 0.36658653846153844 0.016826923076923076 0.038461538461538464
2 0.49759615384615385 0.35336538461538464 0.016826923076923076 0.036057692307692304
2 0.4735576923076923 0.43990384615384615 0.021634615384615384 0.04326923076923077
2 0.7151442307692307 0.5697115384615384 0.026442307692307692 0.06009615384615385
2 0.890625 0.5612980769230769 0.02403846153846154 0.055288461538461536
2 0.6069711538461539 0.4206730769230769 0.016826923076923076 0.040865384615384616
2 0.45072115384615385 0.6418269230769231 0.02403846153846154 0.06009615384615385
2 0.4050480769230769 0.5492788461538461 0.02403846153846154 0.04567307692307692
2 0.7091346153846154 0.4170673076923077 0.02403846153846154 0.05048076923076923
1 0.11177884615384616 0.5516826923076923 0.019230769230769232 0.04567307692307692
2 0.20793269230769232 0.4735576923076923 0.016826923076923076 0.038461538461538464
3 0.8834134615384616 0.5877403846153846 0.028846153846153848 0.0625
2 0.8064903846153846 0.5120192307692307 0.021634615384615384 0.04326923076923077
2 0.4206730769230769 0.5024038461538461 0.021634615384615384 0.05048076923076923
2 0.5925480769230769 0.3088942307692308 0.019230769230769232 0.040865384615384616
0 0.34615384615384615 0.6418269230769231 0.009615384615384616 0.014423076923076924