2 0.5012019230769231 0.23197115384615385 0.016826923076923076 0.040865384615384616
2 0.5072115384615384 0.25 0.01201923076923077 0.040865384615384616
2 0.6153846153846154 0.3076923076923077 0.014423076923076924 0.040865384615384616
3 0.21754807692307693 0.18629807692307693 0.014423076923076924 0.038461538461538464
3 0.5757211538461539 0.33413461538461536 0.016826923076923076 0.055288461538461536
2 0.6694711538461539 0.28125 0.019230769230769232 0.05048076923076923
2 0.40384615384615385 0.31971153846153844 0.016826923076923076 0.06009615384615385
2 0.8028846153846154 0.4567307692307692 0.026442307692307692 0.07211538461538461
2 0.4483173076923077 0.27884615384615385 0.016826923076923076 0.055288461538461536
2 0.6141826923076923 0.3449519230769231 0.016826923076923076 0.055288461538461536
2 0.42427884615384615 0.3245192307692308 0.014423076923076924 0.055288461538461536
2 0.6538461538461539 0.2776442307692308 0.016826923076923076 0.05048076923076923
2 0.7608173076923077 0.4026442307692308 0.016826923076923076 0.06009615384615385
2 0.08413461538461539 0.33774038461538464 0.016826923076923076 0.0625
2 0.23317307692307693 0.24759615384615385 0.019230769230769232 0.05048076923076923
2 0.7848557692307693 0.5817307692307693 0.026442307692307692 0.07451923076923077
2 0.7728365384615384 0.4651442307692308 0.02403846153846154 0.06009615384615385
2 0.7271634615384616 0.3629807692307692 0.026442307692307692 0.06490384615384616
2 0.5432692307692307 0.4206730769230769 0.028846153846153848 0.06490384615384616
2 0.6682692307692307 0.7235576923076923 0.028846153846153848 0.08653846153846154
2 0.24519230769230768 0.3401442307692308 0.021634615384615384 0.06009615384615385
2 0.203125 0.5240384615384616 0.026442307692307692 0.08173076923076923
0 0.23798076923076922 0.2692307692307692 0.007211538461538462 0.01201923076923077