2 0.40625 0.23197115384615385 0.019230769230769232 0.038461538461538464
3 0.7391826923076923 0.3016826923076923 0.021634615384615384 0.04326923076923077
2 0.27884615384615385 0.3473557692307692 0.021634615384615384 0.04326923076923077
1 0.9927884615384616 0.5024038461538461 0.014423076923076924 0.04807692307692308
2 0.4831730769230769 0.31971153846153844 0.019230769230769232 0.04567307692307692
2 0.37259615384615385 0.2668269230769231 0.019230769230769232 0.040865384615384616
2 0.6899038461538461 0.3786057692307692 0.026442307692307692 0.04567307692307692
2 0.44591346153846156 0.3293269230769231 0.021634615384615384 0.052884615384615384
2 0.31971153846153844 0.3245192307692308 0.02403846153846154 0.052884615384615384
2 0.6286057692307693 0.30649038461538464 0.021634615384615384 0.038461538461538464
2 0.3293269230769231 0.3317307692307692 0.026442307692307692 0.052884615384615384
2 0.2704326923076923 0.38221153846153844 0.02403846153846154 0.052884615384615384
3 0.5673076923076923 0.3870192307692308 0.02403846153846154 0.05048076923076923
2 0.5540865384615384 0.38100961538461536 0.021634615384615384 0.04567307692307692
2 0.43028846153846156 0.3641826923076923 0.021634615384615384 0.04807692307692308
2 0.27283653846153844 0.4170673076923077 0.03125 0.06490384615384616
2 0.4519230769230769 0.6598557692307693 0.03365384615384615 0.08173076923076923
3 0.018028846153846152 0.6682692307692307 0.036057692307692304 0.09615384615384616
2 0.41466346153846156 0.44471153846153844 0.02403846153846154 0.055288461538461536
2 0.11778846153846154 0.65625 0.038461538461538464 0.08173076923076923
2 0.1778846153846154 0.5324519230769231 0.036057692307692304 0.0673076923076923
2 0.7608173076923077 0.4951923076923077 0.03125 0.06009615384615385
2 0.43149038461538464 0.5108173076923077 0.03365384615384615 0.0673076923076923
2 0.65625 0.4579326923076923 0.03365384615384615 0.057692307692307696
0 0.6766826923076923 0.390625 0.007211538461538462 0.009615384615384616