3 0.20192307692307693 0.20192307692307693 0.013221153846153846 0.04447115384615385
2 0.49759615384615385 0.21754807692307693 0.009615384615384616 0.042067307692307696
2 0.4519230769230769 0.203125 0.010817307692307692 0.051682692307692304
2 0.5961538461538461 0.1971153846153846 0.013221153846153846 0.04927884615384615
2 0.4254807692307692 0.2668269230769231 0.010817307692307692 0.051682692307692304
3 0.5649038461538461 0.2956730769230769 0.015625 0.057692307692307696
2 0.5552884615384616 0.29447115384615385 0.01201923076923077 0.057692307692307696
2 0.625 0.2283653846153846 0.015625 0.05048076923076923
2 0.4098557692307692 0.3329326923076923 0.019230769230769232 0.06610576923076923
2 0.23798076923076922 0.24158653846153846 0.015625 0.052884615384615384
2 0.78125 0.3701923076923077 0.013221153846153846 0.06971153846153846
2 0.3449519230769231 0.2848557692307692 0.013221153846153846 0.057692307692307696
2 0.8197115384615384 0.4014423076923077 0.020432692307692308 0.07211538461538461
2 0.1935096153846154 0.3581730769230769 0.010817307692307692 0.0673076923076923
2 0.46033653846153844 0.328125 0.015625 0.06610576923076923
2 0.578125 0.36658653846153844 0.013221153846153846 0.06370192307692307
2 0.7584134615384616 0.328125 0.014423076923076924 0.06610576923076923
2 0.34975961538461536 0.4423076923076923 0.016826923076923076 0.0733173076923077
2 0.9026442307692307 0.5552884615384616 0.020432692307692308 0.078125
2 0.6045673076923077 0.5492788461538461 0.019230769230769232 0.10216346153846154
2 0.38100961538461536 0.5685096153846154 0.026442307692307692 0.08413461538461539
2 0.9230769230769231 0.6310096153846154 0.021634615384615384 0.08653846153846154
0 0.34375 0.3112980769230769 0.006009615384615385 0.01201923076923077