3 0.41586538461538464 0.22596153846153846 0.014423076923076924 0.038461538461538464
2 0.7872596153846154 0.30408653846153844 0.01201923076923077 0.04807692307692308
2 0.6045673076923077 0.25961538461538464 0.014423076923076924 0.040865384615384616
3 0.6454326923076923 0.3329326923076923 0.014423076923076924 0.052884615384615384
2 0.6430288461538461 0.38221153846153844 0.019230769230769232 0.055288461538461536
2 0.7764423076923077 0.3269230769230769 0.01201923076923077 0.055288461538461536
2 0.43990384615384615 0.32572115384615385 0.014423076923076924 0.05048076923076923
2 0.7992788461538461 0.375 0.014423076923076924 0.0625
2 0.609375 0.41225961538461536 0.014423076923076924 0.06490384615384616
2 0.828125 0.37740384615384615 0.014423076923076924 0.06009615384615385
2 0.6887019230769231 0.44350961538461536 0.014423076923076924 0.06490384615384616
2 0.8617788461538461 0.4170673076923077 0.014423076923076924 0.06971153846153846
2 0.5132211538461539 0.453125 0.016826923076923076 0.06490384615384616
2 0.9290865384615384 0.5276442307692307 0.019230769230769232 0.07451923076923077
2 0.4651442307692308 0.71875 0.019230769230769232 0.07932692307692307
2 0.3581730769230769 0.4567307692307692 0.014423076923076924 0.06490384615384616
2 0.5348557692307693 0.5685096153846154 0.019230769230769232 0.07451923076923077
1 0.0673076923076923 0.4831730769230769 0.01201923076923077 0.06490384615384616
2 0.9435096153846154 0.6334134615384616 0.019230769230769232 0.07451923076923077
2 0.453125 0.5264423076923077 0.021634615384615384 0.06971153846153846
2 0.6153846153846154 0.7211538461538461 0.028846153846153848 0.09134615384615384
2 0.6911057692307693 0.5300480769230769 0.019230769230769232 0.07451923076923077
2 0.8221153846153846 0.6730769230769231 0.02403846153846154 0.08173076923076923