3 0.3329326923076923 0.18269230769230768 0.01201923076923077 0.038461538461538464
2 0.578125 0.19471153846153846 0.016826923076923076 0.04326923076923077
3 0.6069711538461539 0.2956730769230769 0.01201923076923077 0.0625
2 0.71875 0.2512019230769231 0.009615384615384616 0.04567307692307692
2 0.6971153846153846 0.27403846153846156 0.009615384615384616 0.055288461538461536
2 0.5396634615384616 0.28725961538461536 0.01201923076923077 0.052884615384615384
2 0.4675480769230769 0.42908653846153844 0.021634615384615384 0.07451923076923077
2 0.39663461538461536 0.27163461538461536 0.019230769230769232 0.052884615384615384
2 0.6057692307692307 0.3545673076923077 0.01201923076923077 0.0625
2 0.7896634615384616 0.34134615384615385 0.016826923076923076 0.0625
2 0.49158653846153844 0.3425480769230769 0.014423076923076924 0.0625
2 0.4579326923076923 0.49278846153846156 0.019230769230769232 0.08173076923076923
2 0.43990384615384615 0.3762019230769231 0.016826923076923076 0.06971153846153846
2 0.7560096153846154 0.30288461538461536 0.014423076923076924 0.06009615384615385
2 0.8810096153846154 0.6514423076923077 0.019230769230769232 0.08413461538461539
2 0.8629807692307693 0.6153846153846154 0.019230769230769232 0.07932692307692307
2 0.5 0.6754807692307693 0.021634615384615384 0.08413461538461539
2 0.8822115384615384 0.4639423076923077 0.019230769230769232 0.07692307692307693
2 0.28365384615384615 0.38461538461538464 0.016826923076923076 0.0673076923076923
2 0.4675480769230769 0.6478365384615384 0.019230769230769232 0.09615384615384616
2 0.6682692307692307 0.45552884615384615 0.019230769230769232 0.06971153846153846
2 0.8173076923076923 0.359375 0.014423076923076924 0.0673076923076923
0 0.4110576923076923 0.2956730769230769 0.007211538461538462 0.014423076923076924