2 0.46634615384615385 0.21995192307692307 0.013221153846153846 0.030048076923076924
3 0.7752403846153846 0.21033653846153846 0.009615384615384616 0.04807692307692308
2 0.32572115384615385 0.234375 0.019230769230769232 0.051682692307692304
2 0.3401442307692308 0.23076923076923078 0.015625 0.046875
2 0.515625 0.26802884615384615 0.01201923076923077 0.055288461538461536
3 0.453125 0.30528846153846156 0.018028846153846152 0.057692307692307696
2 0.7572115384615384 0.2704326923076923 0.014423076923076924 0.057692307692307696
2 0.4266826923076923 0.3076923076923077 0.015625 0.055288461538461536
2 0.6442307692307693 0.6189903846153846 0.018028846153846152 0.09014423076923077
2 0.6213942307692307 0.3016826923076923 0.013221153846153846 0.0625
2 0.8040865384615384 0.38221153846153844 0.016826923076923076 0.06850961538461539
2 0.6550480769230769 0.36778846153846156 0.013221153846153846 0.0673076923076923
2 0.5576923076923077 0.3894230769230769 0.015625 0.0673076923076923
2 0.22355769230769232 0.3605769230769231 0.016826923076923076 0.06850961538461539
2 0.6274038461538461 0.4879807692307692 0.013221153846153846 0.07451923076923077
2 0.20793269230769232 0.328125 0.013221153846153846 0.06850961538461539
2 0.38100961538461536 0.4050480769230769 0.020432692307692308 0.06971153846153846
2 0.18028846153846154 0.4266826923076923 0.019230769230769232 0.07091346153846154
2 0.12740384615384615 0.6826923076923077 0.020432692307692308 0.09014423076923077
2 0.44350961538461536 0.6490384615384616 0.02403846153846154 0.0829326923076923
2 0.109375 0.5817307692307693 0.018028846153846152 0.08173076923076923
0 0.5132211538461539 0.2283653846153846 0.004807692307692308 0.010817307692307692
2 0.5132211538461539 0.21033653846153846 0.013221153846153846 0.046875