3 0.625 0.19951923076923078 0.01201923076923077 0.03365384615384615
2 0.8173076923076923 0.39302884615384615 0.02403846153846154 0.0673076923076923
2 0.8786057692307693 0.47115384615384615 0.021634615384615384 0.04807692307692308
2 0.5480769230769231 0.328125 0.016826923076923076 0.04807692307692308
1 0.90625 0.36177884615384615 0.021634615384615384 0.04807692307692308
2 0.7271634615384616 0.33774038461538464 0.02403846153846154 0.04567307692307692
2 0.5396634615384616 0.27524038461538464 0.019230769230769232 0.04567307692307692
2 0.7079326923076923 0.38221153846153844 0.019230769230769232 0.052884615384615384
3 0.6995192307692307 0.4375 0.016826923076923076 0.057692307692307696
2 0.41346153846153844 0.30649038461538464 0.019230769230769232 0.06009615384615385
2 0.8305288461538461 0.42427884615384615 0.019230769230769232 0.055288461538461536
2 0.11057692307692307 0.3954326923076923 0.019230769230769232 0.057692307692307696
2 0.5396634615384616 0.4495192307692308 0.016826923076923076 0.0625
2 0.14783653846153846 0.35096153846153844 0.019230769230769232 0.057692307692307696
2 0.6334134615384616 0.39302884615384615 0.019230769230769232 0.04807692307692308
2 0.5084134615384616 0.38100961538461536 0.02403846153846154 0.057692307692307696
2 0.18629807692307693 0.4182692307692308 0.016826923076923076 0.06009615384615385
2 0.37740384615384615 0.5360576923076923 0.021634615384615384 0.0673076923076923
2 0.41586538461538464 0.421875 0.02403846153846154 0.0625
2 0.23197115384615385 0.4074519230769231 0.021634615384615384 0.0625
2 0.15384615384615385 0.5336538461538461 0.02403846153846154 0.07692307692307693
0 0.8653846153846154 0.49278846153846156 0.007211538461538462 0.009615384615384616
2 0.8810096153846154 0.46153846153846156 0.03125 0.04807692307692308