0 0.7391826923076923 0.5865384615384616 0.014423076923076924 0.014423076923076924
2 0.1971153846153846 0.16826923076923078 0.02403846153846154 0.05048076923076923
2 0.39903846153846156 0.16346153846153846 0.028846153846153848 0.057692307692307696
3 0.17548076923076922 0.1045673076923077 0.02403846153846154 0.05048076923076923
2 0.59375 0.20072115384615385 0.021634615384615384 0.04807692307692308
2 0.5504807692307693 0.21033653846153846 0.019230769230769232 0.05048076923076923
2 0.6538461538461539 0.2692307692307692 0.026442307692307692 0.06009615384615385
3 0.53125 0.2920673076923077 0.02403846153846154 0.057692307692307696
2 0.6213942307692307 0.5480769230769231 0.03365384615384615 0.07211538461538461
2 0.5336538461538461 0.31971153846153844 0.028846153846153848 0.06490384615384616
2 0.7536057692307693 0.3894230769230769 0.028846153846153848 0.07211538461538461
2 0.328125 0.30528846153846156 0.028846153846153848 0.0673076923076923
2 0.2644230769230769 0.22716346153846154 0.028846153846153848 0.06490384615384616
2 0.38341346153846156 0.26322115384615385 0.028846153846153848 0.0673076923076923
2 0.11538461538461539 0.28966346153846156 0.026442307692307692 0.06971153846153846
2 0.6021634615384616 0.42788461538461536 0.036057692307692304 0.07451923076923077
2 0.22235576923076922 0.5276442307692307 0.038461538461538464 0.09134615384615384
2 0.44471153846153844 0.3269230769230769 0.028846153846153848 0.06490384615384616
2 0.7271634615384616 0.41947115384615385 0.03125 0.07692307692307693
2 0.7980769230769231 0.6225961538461539 0.038461538461538464 0.08173076923076923
2 0.3233173076923077 0.41586538461538464 0.03365384615384615 0.08173076923076923
2 0.7848557692307693 0.4483173076923077 0.036057692307692304 0.07692307692307693
2 0.8233173076923077 0.6538461538461539 0.052884615384615384 0.07932692307692307