2 0.34134615384615385 0.2283653846153846 0.019230769230769232 0.04567307692307692
3 0.6346153846153846 0.15144230769230768 0.019230769230769232 0.040865384615384616
2 0.4699519230769231 0.22235576923076922 0.019230769230769232 0.040865384615384616
3 0.5492788461538461 0.39903846153846156 0.02403846153846154 0.06490384615384616
2 0.546875 0.24639423076923078 0.021634615384615384 0.04807692307692308
2 0.3954326923076923 0.27163461538461536 0.02403846153846154 0.04807692307692308
2 0.6742788461538461 0.25600961538461536 0.021634615384615384 0.055288461538461536
2 0.31971153846153844 0.30528846153846156 0.021634615384615384 0.05048076923076923
2 0.6117788461538461 0.22956730769230768 0.02403846153846154 0.052884615384615384
2 0.2824519230769231 0.30288461538461536 0.026442307692307692 0.057692307692307696
2 0.7127403846153846 0.23197115384615385 0.02403846153846154 0.052884615384615384
2 0.40865384615384615 0.2764423076923077 0.021634615384615384 0.05048076923076923
2 0.6682692307692307 0.28725961538461536 0.02403846153846154 0.057692307692307696
2 0.2980769230769231 0.3545673076923077 0.02403846153846154 0.052884615384615384
2 0.5444711538461539 0.2980769230769231 0.021634615384615384 0.055288461538461536
2 0.7223557692307693 0.30408653846153844 0.026442307692307692 0.057692307692307696
2 0.8209134615384616 0.4567307692307692 0.03125 0.07211538461538461
2 0.1346153846153846 0.35697115384615385 0.026442307692307692 0.055288461538461536
2 0.7319711538461539 0.38221153846153844 0.026442307692307692 0.06971153846153846
2 0.2776442307692308 0.5492788461538461 0.03125 0.06971153846153846
2 0.8569711538461539 0.6430288461538461 0.04326923076923077 0.09615384615384616
2 0.5432692307692307 0.37740384615384615 0.019230769230769232 0.04567307692307692