3 0.33413461538461536 0.2091346153846154 0.009615384615384616 0.036057692307692304
2 0.5612980769230769 0.21754807692307693 0.015625 0.039663461538461536
3 0.5901442307692307 0.31009615384615385 0.009615384615384616 0.056490384615384616
2 0.6923076923076923 0.2668269230769231 0.009615384615384616 0.042067307692307696
2 0.6730769230769231 0.28846153846153844 0.009615384615384616 0.05048076923076923
2 0.5276442307692307 0.30408653846153844 0.009615384615384616 0.04807692307692308
2 0.46274038461538464 0.4362980769230769 0.018028846153846152 0.06850961538461539
2 0.3942307692307692 0.2920673076923077 0.016826923076923076 0.04927884615384615
2 0.5889423076923077 0.3641826923076923 0.010817307692307692 0.057692307692307696
2 0.7596153846153846 0.34975961538461536 0.014423076923076924 0.057692307692307696
2 0.4831730769230769 0.3557692307692308 0.01201923076923077 0.057692307692307696
2 0.4543269230769231 0.4963942307692308 0.015625 0.07572115384615384
2 0.43509615384615385 0.38822115384615385 0.013221153846153846 0.06490384615384616
2 0.7271634615384616 0.31490384615384615 0.01201923076923077 0.055288461538461536
2 0.8497596153846154 0.6358173076923077 0.016826923076923076 0.07692307692307693
2 0.8329326923076923 0.6033653846153846 0.015625 0.0733173076923077
2 0.49759615384615385 0.6634615384615384 0.018028846153846152 0.078125
2 0.8473557692307693 0.46153846153846156 0.015625 0.07091346153846154
2 0.29086538461538464 0.39783653846153844 0.014423076923076924 0.0625
2 0.46634615384615385 0.6382211538461539 0.015625 0.08774038461538461
2 0.6490384615384616 0.4579326923076923 0.015625 0.06370192307692307
2 0.7848557692307693 0.36658653846153844 0.01201923076923077 0.0625
0 0.40865384615384615 0.3125 0.006009615384615385 0.013221153846153846