3 0.7548076923076923 0.31009615384615385 0.016826923076923076 0.03125
0 0.4735576923076923 0.6598557692307693 0.009615384615384616 0.01201923076923077
2 0.5204326923076923 0.6262019230769231 0.04326923076923077 0.0625
2 0.7860576923076923 0.7271634615384616 0.040865384615384616 0.07692307692307693
2 0.4110576923076923 0.33533653846153844 0.021634615384615384 0.05048076923076923
2 0.5288461538461539 0.37259615384615385 0.02403846153846154 0.05048076923076923
2 0.6586538461538461 0.6550480769230769 0.03125 0.07211538461538461
2 0.5673076923076923 0.6923076923076923 0.03125 0.06490384615384616
2 0.36899038461538464 0.31850961538461536 0.026442307692307692 0.05048076923076923
2 0.7439903846153846 0.5420673076923077 0.026442307692307692 0.06009615384615385
3 0.6682692307692307 0.5024038461538461 0.028846153846153848 0.0625
2 0.5865384615384616 0.6862980769230769 0.04326923076923077 0.08173076923076923
2 0.7055288461538461 0.4074519230769231 0.028846153846153848 0.05048076923076923
2 0.33533653846153844 0.4807692307692308 0.03125 0.06009615384615385
2 0.7536057692307693 0.6670673076923077 0.038461538461538464 0.07692307692307693
2 0.6358173076923077 0.6610576923076923 0.040865384615384616 0.07211538461538461
2 0.6598557692307693 0.6983173076923077 0.03125 0.0673076923076923
2 0.4579326923076923 0.453125 0.026442307692307692 0.057692307692307696
2 0.2932692307692308 0.3389423076923077 0.028846153846153848 0.057692307692307696
2 0.07692307692307693 0.47836538461538464 0.03365384615384615 0.07692307692307693
2 0.6033653846153846 0.5360576923076923 0.03125 0.0673076923076923
2 0.41346153846153844 0.5949519230769231 0.03365384615384615 0.0673076923076923
2 0.5961538461538461 0.28725961538461536 0.021634615384615384 0.04326923076923077