2 0.7824519230769231 0.32572115384615385 0.03125 0.055288461538461536
3 0.7932692307692307 0.23677884615384615 0.021634615384615384 0.04326923076923077
2 0.46634615384615385 0.20552884615384615 0.016826923076923076 0.04567307692307692
2 0.5096153846153846 0.25 0.014423076923076924 0.040865384615384616
2 0.7896634615384616 0.33774038461538464 0.026442307692307692 0.06009615384615385
2 0.4170673076923077 0.24158653846153846 0.021634615384615384 0.05048076923076923
2 0.59375 0.2403846153846154 0.014423076923076924 0.04567307692307692
2 0.5072115384615384 0.28725961538461536 0.021634615384615384 0.057692307692307696
2 0.6634615384615384 0.4206730769230769 0.036057692307692304 0.0673076923076923
2 0.6382211538461539 0.3233173076923077 0.019230769230769232 0.057692307692307696
3 0.5721153846153846 0.44591346153846156 0.019230769230769232 0.06971153846153846
2 0.671875 0.2848557692307692 0.016826923076923076 0.052884615384615384
2 0.47596153846153844 0.2848557692307692 0.016826923076923076 0.057692307692307696
2 0.8353365384615384 0.4543269230769231 0.02403846153846154 0.0673076923076923
2 0.2920673076923077 0.2800480769230769 0.016826923076923076 0.057692307692307696
2 0.7451923076923077 0.4266826923076923 0.021634615384615384 0.0673076923076923
2 0.7572115384615384 0.29447115384615385 0.026442307692307692 0.055288461538461536
2 0.38341346153846156 0.34134615384615385 0.019230769230769232 0.06490384615384616
2 0.8521634615384616 0.5985576923076923 0.028846153846153848 0.07692307692307693
2 0.8088942307692307 0.49278846153846156 0.026442307692307692 0.07692307692307693
2 0.8449519230769231 0.7848557692307693 0.03365384615384615 0.10336538461538461
2 0.1935096153846154 0.5300480769230769 0.03125 0.0889423076923077
0 0.4206730769230769 0.25961538461538464 0.007211538461538462 0.014423076923076924