2 0.65625 0.26322115384615385 0.009615384615384616 0.037259615384615384
3 0.3173076923076923 0.25 0.01201923076923077 0.040865384615384616
2 0.7512019230769231 0.4050480769230769 0.01201923076923077 0.042067307692307696
1 0.018028846153846152 0.38221153846153844 0.010817307692307692 0.046875
2 0.5612980769230769 0.3293269230769231 0.008413461538461538 0.04567307692307692
2 0.6814903846153846 0.30408653846153844 0.009615384615384616 0.039663461538461536
2 0.3449519230769231 0.33653846153846156 0.016826923076923076 0.042067307692307696
2 0.59375 0.3473557692307692 0.008413461538461538 0.051682692307692304
2 0.7175480769230769 0.3737980769230769 0.01201923076923077 0.05048076923076923
2 0.4230769230769231 0.28125 0.014423076923076924 0.036057692307692304
2 0.7079326923076923 0.3786057692307692 0.014423076923076924 0.05048076923076923
2 0.7512019230769231 0.4411057692307692 0.013221153846153846 0.05048076923076923
3 0.46033653846153844 0.3737980769230769 0.013221153846153846 0.04807692307692308
2 0.47596153846153844 0.3713942307692308 0.010817307692307692 0.04326923076923077
2 0.6009615384615384 0.38461538461538464 0.010817307692307692 0.04567307692307692
2 0.7415865384615384 0.47475961538461536 0.015625 0.0625
2 0.5096153846153846 0.6670673076923077 0.014423076923076924 0.08052884615384616
3 0.9302884615384616 0.78125 0.02403846153846154 0.09375
2 0.5961538461538461 0.4675480769230769 0.010817307692307692 0.055288461538461536
2 0.8341346153846154 0.7439903846153846 0.019230769230769232 0.07932692307692307
2 0.8052884615384616 0.609375 0.021634615384615384 0.06490384615384616
2 0.24759615384615385 0.4326923076923077 0.018028846153846152 0.056490384615384616
2 0.5637019230769231 0.5276442307692307 0.019230769230769232 0.06370192307692307
2 0.3581730769230769 0.4206730769230769 0.020432692307692308 0.054086538461538464
0 0.3545673076923077 0.35096153846153844 0.004807692307692308 0.008413461538461538