3 0.6478365384615384 0.25 0.016826923076923076 0.036057692307692304
0 0.8725961538461539 0.5829326923076923 0.007211538461538462 0.01201923076923077
2 0.5012019230769231 0.3786057692307692 0.028846153846153848 0.05048076923076923
2 0.8209134615384616 0.4807692307692308 0.03125 0.0625
2 0.11298076923076923 0.36778846153846156 0.026442307692307692 0.06490384615384616
2 0.8341346153846154 0.5372596153846154 0.038461538461538464 0.06009615384615385
2 0.6923076923076923 0.4387019230769231 0.028846153846153848 0.055288461538461536
2 0.0985576923076923 0.5576923076923077 0.03365384615384615 0.08173076923076923
2 0.46274038461538464 0.2932692307692308 0.02403846153846154 0.040865384615384616
2 0.6899038461538461 0.3737980769230769 0.026442307692307692 0.04567307692307692
2 0.2548076923076923 0.34975961538461536 0.026442307692307692 0.06009615384615385
2 0.44591346153846156 0.4230769230769231 0.03125 0.06009615384615385
2 0.3701923076923077 0.3112980769230769 0.028846153846153848 0.052884615384615384
2 0.7956730769230769 0.5300480769230769 0.038461538461538464 0.06490384615384616
2 0.5108173076923077 0.44591346153846156 0.028846153846153848 0.055288461538461536
3 0.6201923076923077 0.5084134615384616 0.036057692307692304 0.0625
2 0.296875 0.41466346153846156 0.026442307692307692 0.0625
2 0.4182692307692308 0.49759615384615385 0.03125 0.06490384615384616
2 0.28966346153846156 0.5685096153846154 0.036057692307692304 0.06971153846153846
2 0.2620192307692308 0.4387019230769231 0.03125 0.0673076923076923
2 0.7860576923076923 0.6153846153846154 0.03125 0.07211538461538461
2 0.8028846153846154 0.6370192307692307 0.036057692307692304 0.07211538461538461
2 0.29927884615384615 0.49278846153846156 0.036057692307692304 0.06490384615384616