2 0.7596153846153846 0.5096153846153846 0.014423076923076924 0.038461538461538464
2 0.09375 0.6298076923076923 0.02403846153846154 0.038461538461538464
2 0.8305288461538461 0.6141826923076923 0.02403846153846154 0.028846153846153848
2 0.7752403846153846 0.4951923076923077 0.014423076923076924 0.038461538461538464
2 0.7367788461538461 0.5180288461538461 0.019230769230769232 0.04326923076923077
2 0.7403846153846154 0.5733173076923077 0.016826923076923076 0.040865384615384616
3 0.6598557692307693 0.5228365384615384 0.019230769230769232 0.04326923076923077
2 0.5961538461538461 0.5432692307692307 0.019230769230769232 0.05048076923076923
2 0.19951923076923078 0.4807692307692308 0.019230769230769232 0.04567307692307692
2 0.6213942307692307 0.5360576923076923 0.019230769230769232 0.04326923076923077
2 0.2091346153846154 0.5108173076923077 0.019230769230769232 0.052884615384615384
2 0.16346153846153846 0.47475961538461536 0.019230769230769232 0.05048076923076923
2 0.4014423076923077 0.4206730769230769 0.016826923076923076 0.036057692307692304
2 0.125 0.6165865384615384 0.03125 0.0673076923076923
2 0.5060096153846154 0.5588942307692307 0.021634615384615384 0.04807692307692308
2 0.2920673076923077 0.6622596153846154 0.028846153846153848 0.06009615384615385
2 0.9290865384615384 0.6574519230769231 0.021634615384615384 0.04326923076923077
0 0.6682692307692307 0.4338942307692308 0.007211538461538462 0.009615384615384616
2 0.7391826923076923 0.4879807692307692 0.014423076923076924 0.036057692307692304
2 0.7692307692307693 0.5120192307692307 0.016826923076923076 0.04567307692307692
1 0.7536057692307693 0.4951923076923077 0.019230769230769232 0.03125
2 0.5997596153846154 0.4675480769230769 0.019230769230769232 0.038461538461538464
2 0.515625 0.5625 0.021634615384615384 0.055288461538461536
3 0.6225961538461539 0.36778846153846156 0.014423076923076924 0.03365384615384615