2 0.7560096153846154 0.4423076923076923 0.009615384615384616 0.038461538461538464
2 0.13581730769230768 0.7211538461538461 0.019230769230769232 0.036057692307692304
2 0.8509615384615384 0.5264423076923077 0.021634615384615384 0.026442307692307692
2 0.7680288461538461 0.421875 0.007211538461538462 0.038461538461538464
2 0.7367788461538461 0.45552884615384615 0.01201923076923077 0.04326923076923077
2 0.7524038461538461 0.5096153846153846 0.01201923076923077 0.040865384615384616
3 0.6610576923076923 0.47836538461538464 0.014423076923076924 0.040865384615384616
2 0.6057692307692307 0.515625 0.01201923076923077 0.05048076923076923
2 0.20192307692307693 0.5504807692307693 0.01201923076923077 0.04567307692307692
2 0.6274038461538461 0.5 0.01201923076923077 0.04567307692307692
2 0.21875 0.5757211538461539 0.01201923076923077 0.052884615384615384
2 0.1658653846153846 0.5528846153846154 0.01201923076923077 0.05048076923076923
2 0.38461538461538464 0.4411057692307692 0.01201923076923077 0.036057692307692304
2 0.16346153846153846 0.6995192307692307 0.019230769230769232 0.0673076923076923
2 0.5204326923076923 0.5504807692307693 0.01201923076923077 0.05048076923076923
2 0.33774038461538464 0.7043269230769231 0.019230769230769232 0.06009615384615385
2 0.9567307692307693 0.5456730769230769 0.014423076923076924 0.040865384615384616
0 0.6478365384615384 0.3894230769230769 0.004807692307692308 0.009615384615384616
2 0.7307692307692307 0.4254807692307692 0.009615384615384616 0.036057692307692304
2 0.765625 0.43990384615384615 0.009615384615384616 0.04567307692307692
1 0.7475961538461539 0.42908653846153844 0.014423076923076924 0.028846153846153848
2 0.5901442307692307 0.4387019230769231 0.01201923076923077 0.036057692307692304
2 0.5324519230769231 0.5516826923076923 0.014423076923076924 0.052884615384615384
3 0.5877403846153846 0.33533653846153844 0.007211538461538462 0.03365384615384615