3 0.7115384615384616 0.27524038461538464 0.009615384615384616 0.03125
2 0.4254807692307692 0.38341346153846156 0.01201923076923077 0.04807692307692308
3 0.019230769230769232 0.9519230769230769 0.03125 0.04807692307692308
3 0.5504807692307693 0.42427884615384615 0.016826923076923076 0.04807692307692308
2 0.31971153846153844 0.6310096153846154 0.014423076923076924 0.06009615384615385
2 0.7379807692307693 0.40024038461538464 0.01201923076923077 0.04567307692307692
2 0.3545673076923077 0.5336538461538461 0.014423076923076924 0.0625
2 0.3798076923076923 0.44350961538461536 0.014423076923076924 0.052884615384615384
2 0.7824519230769231 0.6394230769230769 0.019230769230769232 0.0673076923076923
2 0.7127403846153846 0.38100961538461536 0.016826923076923076 0.04807692307692308
2 0.5925480769230769 0.5180288461538461 0.021634615384615384 0.055288461538461536
2 0.30649038461538464 0.625 0.016826923076923076 0.07211538461538461
2 0.5420673076923077 0.48197115384615385 0.014423076923076924 0.057692307692307696
2 0.4735576923076923 0.5901442307692307 0.019230769230769232 0.0673076923076923
2 0.2920673076923077 0.4675480769230769 0.019230769230769232 0.0625
2 0.5 0.6274038461538461 0.019230769230769232 0.06490384615384616
2 0.48677884615384615 0.6682692307692307 0.02403846153846154 0.0673076923076923
2 0.7536057692307693 0.5144230769230769 0.021634615384615384 0.055288461538461536
2 0.5540865384615384 0.5745192307692307 0.021634615384615384 0.0625
2 0.23317307692307693 0.6009615384615384 0.02403846153846154 0.07211538461538461
2 0.8317307692307693 0.5901442307692307 0.028846153846153848 0.052884615384615384
2 0.4266826923076923 0.5612980769230769 0.02403846153846154 0.057692307692307696
2 0.6899038461538461 0.6502403846153846 0.02403846153846154 0.0673076923076923
0 0.7331730769230769 0.41947115384615385 0.004807692307692308 0.009615384615384616