2 0.25961538461538464 0.3954326923076923 0.016826923076923076 0.038461538461538464
2 0.8076923076923077 0.7848557692307693 0.02403846153846154 0.038461538461538464
2 0.1502403846153846 0.46033653846153844 0.026442307692307692 0.028846153846153848
2 0.2512019230769231 0.375 0.014423076923076924 0.038461538461538464
2 0.27524038461538464 0.41225961538461536 0.019230769230769232 0.04326923076923077
2 0.25 0.46153846153846156 0.019230769230769232 0.040865384615384616
3 0.34375 0.45072115384615385 0.021634615384615384 0.04326923076923077
2 0.3918269230769231 0.4963942307692308 0.021634615384615384 0.05048076923076923
2 0.7776442307692307 0.6057692307692307 0.019230769230769232 0.04567307692307692
2 0.3713942307692308 0.47836538461538464 0.019230769230769232 0.04326923076923077
2 0.7560096153846154 0.6286057692307693 0.021634615384615384 0.052884615384615384
2 0.8112980769230769 0.6153846153846154 0.021634615384615384 0.05048076923076923
2 0.6189903846153846 0.46634615384615385 0.016826923076923076 0.036057692307692304
2 0.7872596153846154 0.7584134615384616 0.03125 0.0673076923076923
2 0.4675480769230769 0.546875 0.021634615384615384 0.04807692307692308
2 0.6153846153846154 0.7307692307692307 0.028846153846153848 0.06009615384615385
2 0.04447115384615385 0.4579326923076923 0.021634615384615384 0.040865384615384616
0 0.3737980769230769 0.3641826923076923 0.007211538461538462 0.009615384615384616
2 0.2860576923076923 0.38461538461538464 0.016826923076923076 0.03365384615384615
2 0.25 0.39302884615384615 0.019230769230769232 0.04567307692307692
1 0.2704326923076923 0.38461538461538464 0.019230769230769232 0.03125
2 0.421875 0.42427884615384615 0.019230769230769232 0.038461538461538464
2 0.45552884615384615 0.5456730769230769 0.02403846153846154 0.052884615384615384
3 0.4411057692307692 0.3245192307692308 0.014423076923076924 0.03125