2 0.3545673076923077 0.34975961538461536 0.019230769230769232 0.04807692307692308
2 0.26322115384615385 0.4026442307692308 0.026442307692307692 0.055288461538461536
2 0.3485576923076923 0.38822115384615385 0.02403846153846154 0.055288461538461536
2 0.5769230769230769 0.390625 0.02403846153846154 0.05048076923076923
2 0.609375 0.39663461538461536 0.02403846153846154 0.05048076923076923
2 0.65625 0.6009615384615384 0.036057692307692304 0.06490384615384616
3 0.5588942307692307 0.40865384615384615 0.02403846153846154 0.052884615384615384
2 0.5985576923076923 0.5072115384615384 0.021634615384615384 0.055288461538461536
1 0.06850961538461539 0.2848557692307692 0.028846153846153848 0.052884615384615384
2 0.6478365384615384 0.6502403846153846 0.03365384615384615 0.07211538461538461
2 0.7067307692307693 0.5180288461538461 0.02403846153846154 0.06009615384615385
2 0.5048076923076923 0.5216346153846154 0.028846153846153848 0.0625
2 0.28125 0.4963942307692308 0.026442307692307692 0.0673076923076923
2 0.2439903846153846 0.45072115384615385 0.028846153846153848 0.06490384615384616
2 0.42788461538461536 0.5228365384615384 0.026442307692307692 0.0625
2 0.4110576923076923 0.5204326923076923 0.026442307692307692 0.0625
2 0.5228365384615384 0.5444711538461539 0.03365384615384615 0.0625
2 0.36778846153846156 0.5649038461538461 0.03125 0.0673076923076923
2 0.140625 0.5360576923076923 0.028846153846153848 0.06009615384615385
2 0.5528846153846154 0.6322115384615384 0.036057692307692304 0.07211538461538461
2 0.5288461538461539 0.6189903846153846 0.03125 0.07211538461538461
2 0.7151442307692307 0.5949519230769231 0.028846153846153848 0.0625
0 0.546875 0.36538461538461536 0.009615384615384616 0.014423076923076924
3 0.7379807692307693 0.2620192307692308 0.014423076923076924 0.03365384615384615