3 0.3762019230769231 0.23557692307692307 0.014423076923076924 0.03125
2 0.6141826923076923 0.41225961538461536 0.019230769230769232 0.04567307692307692
3 0.484375 0.4170673076923077 0.02403846153846154 0.04807692307692308
2 0.6442307692307693 0.671875 0.02403846153846154 0.06009615384615385
2 0.31971153846153844 0.3449519230769231 0.019230769230769232 0.04567307692307692
2 0.6394230769230769 0.5709134615384616 0.02403846153846154 0.06009615384615385
2 0.6418269230769231 0.4807692307692308 0.02403846153846154 0.052884615384615384
2 0.2127403846153846 0.5564903846153846 0.03125 0.06490384615384616
2 0.34615384615384615 0.33413461538461536 0.02403846153846154 0.04807692307692308
2 0.421875 0.49278846153846156 0.028846153846153848 0.055288461538461536
2 0.6598557692307693 0.6682692307692307 0.026442307692307692 0.06971153846153846
2 0.4795673076923077 0.4735576923076923 0.02403846153846154 0.057692307692307696
2 0.5144230769230769 0.5925480769230769 0.03125 0.0673076923076923
2 0.7151442307692307 0.5264423076923077 0.026442307692307692 0.06009615384615385
2 0.47836538461538464 0.6201923076923077 0.03125 0.06490384615384616
2 0.4807692307692308 0.6610576923076923 0.03365384615384615 0.06971153846153846
2 0.27403846153846156 0.4483173076923077 0.028846153846153848 0.055288461538461536
2 0.4423076923076923 0.5552884615384616 0.03125 0.06490384615384616
2 0.7331730769230769 0.6646634615384616 0.036057692307692304 0.07211538461538461
2 0.1814903846153846 0.4951923076923077 0.036057692307692304 0.052884615384615384
2 0.5649038461538461 0.578125 0.03125 0.057692307692307696
2 0.296875 0.5913461538461539 0.03365384615384615 0.06971153846153846
0 0.31971153846153844 0.3641826923076923 0.007211538461538462 0.009615384615384616