2 0.8088942307692307 0.5372596153846154 0.014423076923076924 0.040865384615384616
2 0.7992788461538461 0.5360576923076923 0.019230769230769232 0.040865384615384616
2 0.734375 0.49278846153846156 0.016826923076923076 0.04326923076923077
2 0.6310096153846154 0.4423076923076923 0.009615384615384616 0.036057692307692304
1 0.8112980769230769 0.44471153846153844 0.016826923076923076 0.036057692307692304
2 0.6466346153846154 0.421875 0.009615384615384616 0.038461538461538464
3 0.5889423076923077 0.47716346153846156 0.016826923076923076 0.038461538461538464
2 0.7091346153846154 0.4651442307692308 0.01201923076923077 0.036057692307692304
2 0.5324519230769231 0.5432692307692307 0.01201923076923077 0.04567307692307692
2 0.5564903846153846 0.484375 0.009615384615384616 0.040865384615384616
2 0.3076923076923077 0.45552884615384615 0.009615384615384616 0.040865384615384616
2 0.6742788461538461 0.5072115384615384 0.019230769230769232 0.04807692307692308
2 0.16706730769230768 0.5552884615384616 0.01201923076923077 0.05048076923076923
2 0.5685096153846154 0.5516826923076923 0.014423076923076924 0.05048076923076923
2 0.7007211538461539 0.5588942307692307 0.019230769230769232 0.05048076923076923
2 0.4362980769230769 0.5913461538461539 0.01201923076923077 0.052884615384615384
2 0.10216346153846154 0.7115384615384616 0.01201923076923077 0.06490384615384616
2 0.17668269230769232 0.5853365384615384 0.014423076923076924 0.052884615384615384
2 0.12860576923076922 0.5649038461538461 0.01201923076923077 0.05048076923076923
2 0.2692307692307692 0.7175480769230769 0.016826923076923076 0.057692307692307696
2 0.4074519230769231 0.6033653846153846 0.016826923076923076 0.052884615384615384
2 0.1141826923076923 0.7271634615384616 0.02403846153846154 0.0673076923076923
3 0.5240384615384616 0.33533653846153844 0.009615384615384616 0.02403846153846154