2 0.390625 0.35096153846153844 0.016826923076923076 0.03125
2 0.4699519230769231 0.3401442307692308 0.016826923076923076 0.038461538461538464
2 0.31971153846153844 0.3545673076923077 0.014423076923076924 0.040865384615384616
2 0.7584134615384616 0.37740384615384615 0.014423076923076924 0.04326923076923077
2 0.7019230769230769 0.33052884615384615 0.019230769230769232 0.038461538461538464
3 0.515625 0.39302884615384615 0.014423076923076924 0.040865384615384616
2 0.5661057692307693 0.4026442307692308 0.016826923076923076 0.04567307692307692
2 0.6009615384615384 0.3858173076923077 0.019230769230769232 0.05048076923076923
2 0.3317307692307692 0.4230769230769231 0.019230769230769232 0.05048076923076923
2 0.7992788461538461 0.5997596153846154 0.026442307692307692 0.0673076923076923
2 0.23677884615384615 0.4230769230769231 0.016826923076923076 0.04567307692307692
2 0.8449519230769231 0.49759615384615385 0.021634615384615384 0.0625
2 0.28125 0.5841346153846154 0.021634615384615384 0.055288461538461536
2 0.7331730769230769 0.4699519230769231 0.021634615384615384 0.06009615384615385
2 0.40625 0.4579326923076923 0.019230769230769232 0.055288461538461536
2 0.7992788461538461 0.41346153846153844 0.019230769230769232 0.055288461538461536
2 0.4375 0.4495192307692308 0.019230769230769232 0.052884615384615384
2 0.7836538461538461 0.48197115384615385 0.02403846153846154 0.0625
2 0.13581730769230768 0.5540865384615384 0.028846153846153848 0.0625
2 0.33413461538461536 0.6658653846153846 0.026442307692307692 0.0673076923076923
2 0.6225961538461539 0.6430288461538461 0.036057692307692304 0.06490384615384616
0 0.5456730769230769 0.375 0.007211538461538462 0.01201923076923077
3 0.7463942307692307 0.2439903846153846 0.016826923076923076 0.040865384615384616