2 0.3641826923076923 0.38822115384615385 0.014423076923076924 0.04567307692307692
2 0.2824519230769231 0.4495192307692308 0.019230769230769232 0.052884615384615384
2 0.3629807692307692 0.4254807692307692 0.016826923076923076 0.052884615384615384
2 0.5841346153846154 0.4014423076923077 0.019230769230769232 0.04807692307692308
2 0.6177884615384616 0.4014423076923077 0.016826923076923076 0.04807692307692308
2 0.6875 0.5949519230769231 0.028846153846153848 0.06009615384615385
3 0.5697115384615384 0.4206730769230769 0.016826923076923076 0.05048076923076923
2 0.6201923076923077 0.5120192307692307 0.016826923076923076 0.052884615384615384
3 0.016826923076923076 0.796875 0.03365384615384615 0.07932692307692307
1 0.07932692307692307 0.3581730769230769 0.021634615384615384 0.05048076923076923
2 0.6826923076923077 0.6442307692307693 0.02403846153846154 0.06971153846153846
2 0.7247596153846154 0.5084134615384616 0.019230769230769232 0.057692307692307696
2 0.5300480769230769 0.5360576923076923 0.019230769230769232 0.06009615384615385
2 0.31009615384615385 0.5384615384615384 0.019230769230769232 0.06490384615384616
2 0.26802884615384615 0.4987980769230769 0.021634615384615384 0.0625
2 0.4567307692307692 0.5456730769230769 0.019230769230769232 0.06009615384615385
2 0.43990384615384615 0.5456730769230769 0.019230769230769232 0.06009615384615385
2 0.5492788461538461 0.5564903846153846 0.026442307692307692 0.06009615384615385
2 0.4026442307692308 0.5949519230769231 0.02403846153846154 0.06490384615384616
2 0.17908653846153846 0.59375 0.021634615384615384 0.057692307692307696
2 0.5901442307692307 0.6370192307692307 0.026442307692307692 0.06971153846153846
2 0.5649038461538461 0.6274038461538461 0.02403846153846154 0.06971153846153846
2 0.7439903846153846 0.5829326923076923 0.02403846153846154 0.06009615384615385
0 0.5528846153846154 0.3798076923076923 0.007211538461538462 0.01201923076923077
3 0.7235576923076923 0.25600961538461536 0.009615384615384616 0.03125