3 0.3737980769230769 0.19471153846153846 0.01201923076923077 0.03125
2 0.6466346153846154 0.3425480769230769 0.014423076923076924 0.04807692307692308
3 0.5144230769230769 0.36778846153846156 0.019230769230769232 0.04807692307692308
2 0.7163461538461539 0.6069711538461539 0.016826923076923076 0.06009615384615385
2 0.3317307692307692 0.3161057692307692 0.016826923076923076 0.04567307692307692
2 0.6959134615384616 0.5036057692307693 0.016826923076923076 0.0625
2 0.6838942307692307 0.4098557692307692 0.016826923076923076 0.052884615384615384
2 0.25240384615384615 0.5504807692307693 0.021634615384615384 0.0673076923076923
2 0.35697115384615385 0.3004807692307692 0.016826923076923076 0.04807692307692308
2 0.45913461538461536 0.4543269230769231 0.021634615384615384 0.055288461538461536
2 0.7307692307692307 0.6021634615384616 0.019230769230769232 0.07211538461538461
2 0.515625 0.4254807692307692 0.016826923076923076 0.057692307692307696
2 0.5685096153846154 0.5444711538461539 0.021634615384615384 0.06971153846153846
2 0.7680288461538461 0.44591346153846156 0.021634615384615384 0.0625
2 0.5372596153846154 0.5769230769230769 0.02403846153846154 0.0673076923076923
2 0.5444711538461539 0.6201923076923077 0.026442307692307692 0.06971153846153846
2 0.29927884615384615 0.42908653846153844 0.021634615384615384 0.055288461538461536
2 0.49038461538461536 0.5168269230769231 0.02403846153846154 0.06490384615384616
2 0.8076923076923077 0.5877403846153846 0.026442307692307692 0.07451923076923077
2 0.21033653846153846 0.49278846153846156 0.03125 0.052884615384615384
2 0.6201923076923077 0.5216346153846154 0.026442307692307692 0.06009615384615385
2 0.3425480769230769 0.5745192307692307 0.026442307692307692 0.06971153846153846
0 0.3329326923076923 0.33533653846153844 0.004807692307692308 0.009615384615384616