2 0.2548076923076923 0.4050480769230769 0.014423076923076924 0.040865384615384616
2 0.8269230769230769 0.7944711538461539 0.02403846153846154 0.040865384615384616
2 0.14543269230769232 0.4735576923076923 0.026442307692307692 0.028846153846153848
2 0.24759615384615385 0.38461538461538464 0.014423076923076924 0.040865384615384616
2 0.27163461538461536 0.4230769230769231 0.019230769230769232 0.04567307692307692
2 0.24759615384615385 0.4735576923076923 0.019230769230769232 0.04326923076923077
3 0.34375 0.46033653846153844 0.021634615384615384 0.04326923076923077
2 0.3942307692307692 0.5060096153846154 0.019230769230769232 0.05048076923076923
2 0.7908653846153846 0.6117788461538461 0.019230769230769232 0.04567307692307692
2 0.37259615384615385 0.4879807692307692 0.019230769230769232 0.04567307692307692
2 0.7704326923076923 0.6346153846153846 0.019230769230769232 0.052884615384615384
2 0.8269230769230769 0.6213942307692307 0.019230769230769232 0.05048076923076923
2 0.6262019230769231 0.47115384615384615 0.016826923076923076 0.038461538461538464
2 0.8040865384615384 0.7680288461538461 0.03125 0.06971153846153846
2 0.4723557692307692 0.5564903846153846 0.021634615384615384 0.05048076923076923
2 0.6274038461538461 0.7427884615384616 0.028846153846153848 0.0625
2 0.037259615384615384 0.4735576923076923 0.021634615384615384 0.04326923076923077
0 0.3737980769230769 0.37259615384615385 0.007211538461538462 0.009615384615384616
2 0.28365384615384615 0.3954326923076923 0.014423076923076924 0.036057692307692304
2 0.24639423076923078 0.4026442307692308 0.016826923076923076 0.04567307692307692
1 0.2668269230769231 0.3942307692307692 0.019230769230769232 0.03125
2 0.4230769230769231 0.4326923076923077 0.019230769230769232 0.038461538461538464
2 0.45913461538461536 0.5564903846153846 0.02403846153846154 0.055288461538461536
3 0.4423076923076923 0.3293269230769231 0.014423076923076924 0.03365384615384615