2 0.8305288461538461 0.6069711538461539 0.014423076923076924 0.04567307692307692
2 0.8209134615384616 0.6057692307692307 0.019230769230769232 0.04326923076923077
2 0.7512019230769231 0.5552884615384616 0.016826923076923076 0.04807692307692308
2 0.6418269230769231 0.49278846153846156 0.009615384615384616 0.038461538461538464
1 0.8377403846153846 0.5072115384615384 0.019230769230769232 0.038461538461538464
2 0.6586538461538461 0.47115384615384615 0.009615384615384616 0.040865384615384616
3 0.59375 0.5300480769230769 0.016826923076923076 0.04326923076923077
2 0.7259615384615384 0.5228365384615384 0.01201923076923077 0.040865384615384616
2 0.5288461538461539 0.5973557692307693 0.01201923076923077 0.05048076923076923
2 0.5576923076923077 0.5348557692307693 0.009615384615384616 0.04326923076923077
2 0.28846153846153844 0.4879807692307692 0.009615384615384616 0.04326923076923077
2 0.6850961538461539 0.5673076923076923 0.019230769230769232 0.05048076923076923
2 0.12980769230769232 0.5901442307692307 0.01201923076923077 0.055288461538461536
2 0.5673076923076923 0.609375 0.014423076923076924 0.055288461538461536
2 0.7103365384615384 0.6237980769230769 0.019230769230769232 0.055288461538461536
2 0.4206730769230769 0.6454326923076923 0.01201923076923077 0.055288461538461536
2 0.05048076923076923 0.7560096153846154 0.014423076923076924 0.07211538461538461
2 0.13942307692307693 0.6237980769230769 0.014423076923076924 0.055288461538461536
2 0.08774038461538461 0.5973557692307693 0.01201923076923077 0.055288461538461536
2 0.23197115384615385 0.7728365384615384 0.016826923076923076 0.0625
2 0.3894230769230769 0.6550480769230769 0.016826923076923076 0.055288461538461536
2 0.0625 0.7752403846153846 0.026442307692307692 0.07451923076923077
3 0.53125 0.3713942307692308 0.009615384615384616 0.026442307692307692