2 0.6466346153846154 0.41466346153846156 0.009615384615384616 0.042067307692307696
2 0.7211538461538461 0.48197115384615385 0.015625 0.05048076923076923
2 0.6466346153846154 0.4519230769230769 0.01201923076923077 0.05048076923076923
2 0.4338942307692308 0.40865384615384615 0.013221153846153846 0.046875
2 0.40384615384615385 0.4074519230769231 0.013221153846153846 0.04567307692307692
2 0.32091346153846156 0.5865384615384616 0.02403846153846154 0.056490384615384616
3 0.4483173076923077 0.42908653846153844 0.01201923076923077 0.04927884615384615
2 0.3918269230769231 0.5120192307692307 0.010817307692307692 0.05048076923076923
3 0.9483173076923077 0.8377403846153846 0.03125 0.07451923076923077
1 0.9242788461538461 0.4098557692307692 0.016826923076923076 0.046875
2 0.31971153846153844 0.6346153846153846 0.019230769230769232 0.06490384615384616
2 0.29086538461538464 0.5012019230769231 0.01201923076923077 0.055288461538461536
2 0.47475961538461536 0.5444711538461539 0.014423076923076924 0.056490384615384616
2 0.6875 0.5649038461538461 0.013221153846153846 0.06129807692307692
2 0.7307692307692307 0.5300480769230769 0.015625 0.05889423076923077
2 0.5456730769230769 0.5600961538461539 0.014423076923076924 0.057692307692307696
2 0.5625 0.5612980769230769 0.013221153846153846 0.057692307692307696
2 0.4567307692307692 0.5612980769230769 0.020432692307692308 0.055288461538461536
2 0.5925480769230769 0.6105769230769231 0.018028846153846152 0.06129807692307692
2 0.8088942307692307 0.6286057692307693 0.015625 0.055288461538461536
2 0.40865384615384615 0.6358173076923077 0.020432692307692308 0.06490384615384616
2 0.4338942307692308 0.6286057692307693 0.016826923076923076 0.0673076923076923
2 0.2668269230769231 0.5709134615384616 0.016826923076923076 0.055288461538461536
0 0.4675480769230769 0.3918269230769231 0.006009615384615385 0.01201923076923077
3 0.3125 0.25841346153846156 0.007211538461538462 0.030048076923076924