3 0.2920673076923077 0.25841346153846156 0.01201923076923077 0.028846153846153848
2 0.5697115384615384 0.35336538461538464 0.014423076923076924 0.04567307692307692
3 0.9795673076923077 0.90625 0.036057692307692304 0.09134615384615384
3 0.4495192307692308 0.39663461538461536 0.016826923076923076 0.04567307692307692
2 0.6778846153846154 0.5865384615384616 0.016826923076923076 0.057692307692307696
2 0.27283653846153844 0.3798076923076923 0.014423076923076924 0.04326923076923077
2 0.6418269230769231 0.4951923076923077 0.016826923076923076 0.06009615384615385
2 0.6165865384615384 0.40865384615384615 0.014423076923076924 0.05048076923076923
2 0.23677884615384615 0.609375 0.021634615384615384 0.0625
2 0.2932692307692308 0.36177884615384615 0.016826923076923076 0.04567307692307692
2 0.41346153846153844 0.48677884615384615 0.021634615384615384 0.052884615384615384
2 0.6899038461538461 0.5805288461538461 0.016826923076923076 0.0673076923076923
2 0.46153846153846156 0.4519230769230769 0.014423076923076924 0.055288461538461536
2 0.5300480769230769 0.5528846153846154 0.021634615384615384 0.06490384615384616
2 0.6995192307692307 0.42908653846153844 0.019230769230769232 0.06009615384615385
2 0.5048076923076923 0.5889423076923077 0.021634615384615384 0.06490384615384616
2 0.5204326923076923 0.6274038461538461 0.02403846153846154 0.0673076923076923
2 0.2620192307692308 0.49038461538461536 0.021634615384615384 0.052884615384615384
2 0.453125 0.5408653846153846 0.02403846153846154 0.0625
2 0.7596153846153846 0.5540865384615384 0.02403846153846154 0.06971153846153846
2 0.18870192307692307 0.5637019230769231 0.028846153846153848 0.05048076923076923
2 0.5745192307692307 0.5240384615384616 0.02403846153846154 0.055288461538461536
2 0.32572115384615385 0.6177884615384616 0.02403846153846154 0.0673076923076923
0 0.2776442307692308 0.39783653846153844 0.004807692307692308 0.009615384615384616