2 0.6766826923076923 0.44591346153846156 0.04326923076923077 0.07211538461538461
2 0.6875 0.4483173076923077 0.038461538461538464 0.06490384615384616
2 0.1310096153846154 0.7127403846153846 0.038461538461538464 0.08173076923076923
2 0.5721153846153846 0.5360576923076923 0.036057692307692304 0.07211538461538461
2 0.2848557692307692 0.39663461538461536 0.02403846153846154 0.05048076923076923
2 0.20793269230769232 0.5084134615384616 0.03365384615384615 0.06009615384615385
2 0.6526442307692307 0.5120192307692307 0.04326923076923077 0.06490384615384616
2 0.7548076923076923 0.5348557692307693 0.04807692307692308 0.06971153846153846
2 0.6502403846153846 0.609375 0.03365384615384615 0.07211538461538461
2 0.6322115384615384 0.33052884615384615 0.03365384615384615 0.052884615384615384
2 0.3870192307692308 0.6081730769230769 0.03365384615384615 0.06971153846153846
2 0.7259615384615384 0.5288461538461539 0.038461538461538464 0.06490384615384616
2 0.16105769230769232 0.7259615384615384 0.03365384615384615 0.07932692307692307
2 0.5805288461538461 0.28725961538461536 0.03365384615384615 0.04807692307692308
2 0.13581730769230768 0.5492788461538461 0.028846153846153848 0.0673076923076923
2 0.22716346153846154 0.5709134615384616 0.03365384615384615 0.07211538461538461
2 0.5408653846153846 0.4519230769230769 0.036057692307692304 0.06490384615384616
3 0.46634615384615385 0.41586538461538464 0.03125 0.052884615384615384
2 0.39663461538461536 0.5600961538461539 0.038461538461538464 0.0673076923076923
2 0.5072115384615384 0.5673076923076923 0.038461538461538464 0.07451923076923077
2 0.25721153846153844 0.7487980769230769 0.04326923076923077 0.07451923076923077
3 0.5132211538461539 0.19471153846153846 0.019230769230769232 0.03365384615384615
0 0.7620192307692307 0.5540865384615384 0.009615384615384616 0.014423076923076924