2 0.7872596153846154 0.6177884615384616 0.02403846153846154 0.04326923076923077
2 0.7788461538461539 0.6129807692307693 0.026442307692307692 0.04326923076923077
2 0.7283653846153846 0.5540865384615384 0.026442307692307692 0.04567307692307692
2 0.6418269230769231 0.47596153846153844 0.016826923076923076 0.036057692307692304
1 0.8149038461538461 0.5288461538461539 0.02403846153846154 0.038461538461538464
2 0.6622596153846154 0.46033653846153844 0.016826923076923076 0.038461538461538464
3 0.5913461538461539 0.4987980769230769 0.02403846153846154 0.040865384615384616
2 0.7103365384615384 0.5204326923076923 0.019230769230769232 0.038461538461538464
2 0.5180288461538461 0.546875 0.021634615384615384 0.04807692307692308
2 0.5576923076923077 0.4963942307692308 0.019230769230769232 0.040865384615384616
2 0.32572115384615385 0.39783653846153844 0.019230769230769232 0.040865384615384616
2 0.6658653846153846 0.5516826923076923 0.028846153846153848 0.05048076923076923
2 0.1622596153846154 0.4567307692307692 0.02403846153846154 0.05048076923076923
2 0.5504807692307693 0.5649038461538461 0.026442307692307692 0.05048076923076923
2 0.6778846153846154 0.6081730769230769 0.028846153846153848 0.052884615384615384
2 0.41225961538461536 0.5661057692307693 0.021634615384615384 0.052884615384615384
2 0.056490384615384616 0.5889423076923077 0.026442307692307692 0.06490384615384616
2 0.16466346153846154 0.4891826923076923 0.026442307692307692 0.052884615384615384
2 0.12379807692307693 0.45552884615384615 0.021634615384615384 0.05048076923076923
2 0.21514423076923078 0.6418269230769231 0.028846153846153848 0.06009615384615385
2 0.38221153846153844 0.5697115384615384 0.026442307692307692 0.052884615384615384
2 0.06370192307692307 0.609375 0.038461538461538464 0.06971153846153846
3 0.5685096153846154 0.3449519230769231 0.014423076923076924 0.02403846153846154