1 0.003605769230769231 0.38221153846153844 0.007211538461538462 0.038461538461538464
2 0.41225961538461536 0.3401442307692308 0.013221153846153846 0.030048076923076924
2 0.49158653846153844 0.3401442307692308 0.010817307692307692 0.037259615384615384
2 0.34375 0.3329326923076923 0.009615384615384616 0.038461538461538464
2 0.7668269230769231 0.41586538461538464 0.009615384615384616 0.042067307692307696
2 0.7199519230769231 0.3629807692307692 0.013221153846153846 0.037259615384615384
3 0.5288461538461539 0.39783653846153844 0.008413461538461538 0.039663461538461536
2 0.578125 0.41346153846153844 0.009615384615384616 0.04567307692307692
2 0.6129807692307693 0.4026442307692308 0.01201923076923077 0.046875
2 0.34615384615384615 0.4014423076923077 0.01201923076923077 0.04927884615384615
2 0.7776442307692307 0.6382211538461539 0.015625 0.06610576923076923
2 0.2536057692307692 0.38822115384615385 0.009615384615384616 0.04567307692307692
2 0.8353365384615384 0.5444711538461539 0.013221153846153846 0.06009615384615385
2 0.27524038461538464 0.5516826923076923 0.013221153846153846 0.054086538461538464
2 0.7319711538461539 0.5024038461538461 0.013221153846153846 0.057692307692307696
2 0.41346153846153844 0.44711538461538464 0.01201923076923077 0.055288461538461536
2 0.8028846153846154 0.4567307692307692 0.010817307692307692 0.055288461538461536
2 0.44471153846153844 0.4423076923076923 0.01201923076923077 0.05048076923076923
2 0.7788461538461539 0.5216346153846154 0.015625 0.05889423076923077
2 0.13701923076923078 0.5024038461538461 0.021634615384615384 0.057692307692307696
2 0.31490384615384615 0.6382211538461539 0.016826923076923076 0.06370192307692307
2 0.5985576923076923 0.65625 0.026442307692307692 0.0625
0 0.5612980769230769 0.38461538461538464 0.006009615384615385 0.01201923076923077
3 0.7740384615384616 0.2848557692307692 0.01201923076923077 0.038461538461538464