2 0.6634615384615384 0.47475961538461536 0.04567307692307692 0.07692307692307693
2 0.6766826923076923 0.47716346153846156 0.040865384615384616 0.0673076923076923
2 0.0829326923076923 0.7560096153846154 0.040865384615384616 0.0889423076923077
2 0.5540865384615384 0.5709134615384616 0.038461538461538464 0.07692307692307693
2 0.24759615384615385 0.421875 0.02403846153846154 0.052884615384615384
2 0.16706730769230768 0.5396634615384616 0.036057692307692304 0.06490384615384616
2 0.6382211538461539 0.5432692307692307 0.04567307692307692 0.06971153846153846
2 0.7475961538461539 0.5673076923076923 0.05048076923076923 0.07211538461538461
2 0.6358173076923077 0.6466346153846154 0.036057692307692304 0.07692307692307693
2 0.6177884615384616 0.35096153846153844 0.036057692307692304 0.055288461538461536
2 0.3557692307692308 0.6478365384615384 0.036057692307692304 0.07692307692307693
2 0.7163461538461539 0.5625 0.040865384615384616 0.06971153846153846
2 0.11538461538461539 0.7716346153846154 0.036057692307692304 0.08653846153846154
2 0.5625 0.30649038461538464 0.03365384615384615 0.05048076923076923
2 0.0889423076923077 0.5841346153846154 0.03125 0.06971153846153846
2 0.18629807692307693 0.6069711538461539 0.036057692307692304 0.07692307692307693
2 0.5204326923076923 0.4807692307692308 0.038461538461538464 0.0673076923076923
3 0.4411057692307692 0.4411057692307692 0.03365384615384615 0.055288461538461536
2 0.36538461538461536 0.5961538461538461 0.040865384615384616 0.07211538461538461
2 0.4831730769230769 0.6033653846153846 0.040865384615384616 0.07932692307692307
2 0.21875 0.796875 0.04567307692307692 0.07692307692307693
3 0.49038461538461536 0.20673076923076922 0.021634615384615384 0.036057692307692304
0 0.7560096153846154 0.5877403846153846 0.01201923076923077 0.016826923076923076