2 0.43990384615384615 0.3293269230769231 0.016826923076923076 0.03365384615384615
2 0.5276442307692307 0.3329326923076923 0.014423076923076924 0.040865384615384616
2 0.3641826923076923 0.3161057692307692 0.01201923076923077 0.04326923076923077
2 0.8293269230769231 0.4326923076923077 0.014423076923076924 0.04807692307692308
2 0.7800480769230769 0.3713942307692308 0.016826923076923076 0.040865384615384616
3 0.5649038461538461 0.40024038461538464 0.01201923076923077 0.04567307692307692
2 0.6201923076923077 0.41947115384615385 0.014423076923076924 0.05048076923076923
2 0.6586538461538461 0.4098557692307692 0.016826923076923076 0.052884615384615384
2 0.3629807692307692 0.39302884615384615 0.016826923076923076 0.055288461538461536
2 0.8269230769230769 0.6802884615384616 0.021634615384615384 0.07451923076923077
2 0.2608173076923077 0.37259615384615385 0.014423076923076924 0.05048076923076923
2 0.8978365384615384 0.5793269230769231 0.019230769230769232 0.0673076923076923
2 0.27524038461538464 0.5552884615384616 0.019230769230769232 0.06009615384615385
2 0.7848557692307693 0.5264423076923077 0.016826923076923076 0.06490384615384616
2 0.43509615384615385 0.44711538461538464 0.016826923076923076 0.0625
2 0.8665865384615384 0.4807692307692308 0.014423076923076924 0.0625
2 0.4699519230769231 0.44350961538461536 0.016826923076923076 0.055288461538461536
2 0.8353365384615384 0.5516826923076923 0.019230769230769232 0.0673076923076923
2 0.125 0.49399038461538464 0.026442307692307692 0.06490384615384616
2 0.31490384615384615 0.6538461538461539 0.02403846153846154 0.07211538461538461
2 0.6286057692307693 0.6899038461538461 0.03365384615384615 0.06971153846153846
0 0.6021634615384616 0.3858173076923077 0.007211538461538462 0.014423076923076924
3 0.8461538461538461 0.28846153846153844 0.014423076923076924 0.04326923076923077