2 0.6899038461538461 0.5661057692307693 0.04326923076923077 0.07692307692307693
2 0.7007211538461539 0.5745192307692307 0.038461538461538464 0.0673076923076923
2 0.04447115384615385 0.5661057692307693 0.038461538461538464 0.08653846153846154
2 0.5492788461538461 0.6045673076923077 0.036057692307692304 0.07692307692307693
2 0.3389423076923077 0.33653846153846156 0.02403846153846154 0.052884615384615384
2 0.21514423076923078 0.4074519230769231 0.03365384615384615 0.0625
2 0.6370192307692307 0.6177884615384616 0.04326923076923077 0.06971153846153846
2 0.7247596153846154 0.6875 0.04807692307692308 0.07211538461538461
2 0.5889423076923077 0.7091346153846154 0.03365384615384615 0.07692307692307693
2 0.703125 0.4362980769230769 0.03365384615384615 0.055288461538461536
2 0.3389423076923077 0.5877403846153846 0.03365384615384615 0.07451923076923077
2 0.6983173076923077 0.6682692307692307 0.038461538461538464 0.06971153846153846
2 0.0673076923076923 0.59375 0.03365384615384615 0.08653846153846154
2 0.671875 0.3701923076923077 0.03365384615384615 0.05048076923076923
2 0.125 0.41346153846153844 0.028846153846153848 0.06971153846153846
2 0.203125 0.47596153846153844 0.03365384615384615 0.07451923076923077
2 0.5588942307692307 0.5084134615384616 0.036057692307692304 0.0673076923076923
3 0.5048076923076923 0.43990384615384615 0.03125 0.055288461538461536
2 0.36899038461538464 0.5456730769230769 0.038461538461538464 0.07211538461538461
2 0.4723557692307692 0.6033653846153846 0.038461538461538464 0.07932692307692307
2 0.14903846153846154 0.6610576923076923 0.04326923076923077 0.07692307692307693
3 0.6526442307692307 0.2512019230769231 0.019230769230769232 0.036057692307692304
0 0.7235576923076923 0.7091346153846154 0.01201923076923077 0.016826923076923076