2 0.8317307692307693 0.5913461538461539 0.016826923076923076 0.04326923076923077
2 0.8221153846153846 0.5889423076923077 0.021634615384615384 0.04326923076923077
2 0.7584134615384616 0.5360576923076923 0.019230769230769232 0.04567307692307692
2 0.6550480769230769 0.47115384615384615 0.01201923076923077 0.038461538461538464
1 0.84375 0.4951923076923077 0.019230769230769232 0.038461538461538464
2 0.6730769230769231 0.4519230769230769 0.01201923076923077 0.040865384615384616
3 0.6069711538461539 0.5048076923076923 0.019230769230769232 0.040865384615384616
2 0.734375 0.5048076923076923 0.014423076923076924 0.038461538461538464
2 0.5396634615384616 0.5661057692307693 0.014423076923076924 0.04807692307692308
2 0.5709134615384616 0.5072115384615384 0.01201923076923077 0.04326923076923077
2 0.3125 0.4483173076923077 0.01201923076923077 0.04326923076923077
2 0.6935096153846154 0.5444711538461539 0.021634615384615384 0.05048076923076923
2 0.15384615384615385 0.5384615384615384 0.016826923076923076 0.052884615384615384
2 0.5757211538461539 0.5817307692307693 0.019230769230769232 0.052884615384615384
2 0.7163461538461539 0.6021634615384616 0.021634615384615384 0.052884615384615384
2 0.4326923076923077 0.6069711538461539 0.014423076923076924 0.055288461538461536
2 0.06850961538461539 0.6959134615384616 0.016826923076923076 0.06971153846153846
2 0.16105769230769232 0.5721153846153846 0.016826923076923076 0.055288461538461536
2 0.11177884615384616 0.5456730769230769 0.016826923076923076 0.052884615384615384
2 0.24278846153846154 0.7211538461538461 0.021634615384615384 0.06009615384615385
2 0.4014423076923077 0.6165865384615384 0.019230769230769232 0.055288461538461536
2 0.07932692307692307 0.7163461538461539 0.028846153846153848 0.07211538461538461
3 0.5540865384615384 0.3485576923076923 0.009615384615384616 0.02403846153846154