3 0.6670673076923077 0.26322115384615385 0.008413461538461538 0.028846153846153848
2 0.4074519230769231 0.37740384615384615 0.009615384615384616 0.04326923076923077
3 0.05889423076923077 0.9459134615384616 0.026442307692307692 0.08774038461538461
3 0.5264423076923077 0.4098557692307692 0.013221153846153846 0.04447115384615385
2 0.32211538461538464 0.6129807692307693 0.010817307692307692 0.055288461538461536
2 0.6971153846153846 0.37740384615384615 0.010817307692307692 0.042067307692307696
2 0.34975961538461536 0.5192307692307693 0.010817307692307692 0.056490384615384616
2 0.36778846153846156 0.43509615384615385 0.010817307692307692 0.04807692307692308
2 0.75 0.5973557692307693 0.015625 0.06129807692307692
2 0.6742788461538461 0.36177884615384615 0.01201923076923077 0.04326923076923077
2 0.5685096153846154 0.49399038461538464 0.016826923076923076 0.05048076923076923
2 0.31009615384615385 0.6069711538461539 0.010817307692307692 0.06610576923076923
2 0.5192307692307693 0.46274038461538464 0.010817307692307692 0.052884615384615384
2 0.46274038461538464 0.5673076923076923 0.015625 0.0625
2 0.28846153846153844 0.46153846153846156 0.014423076923076924 0.056490384615384616
2 0.4879807692307692 0.5997596153846154 0.015625 0.06009615384615385
2 0.47836538461538464 0.6382211538461539 0.019230769230769232 0.0625
2 0.7175480769230769 0.4831730769230769 0.016826923076923076 0.05048076923076923
2 0.5348557692307693 0.5480769230769231 0.018028846153846152 0.057692307692307696
2 0.2403846153846154 0.5877403846153846 0.019230769230769232 0.0673076923076923
2 0.7932692307692307 0.5480769230769231 0.02403846153846154 0.046875
2 0.4170673076923077 0.5420673076923077 0.020432692307692308 0.052884615384615384
2 0.6646634615384616 0.6129807692307693 0.019230769230769232 0.0625
0 0.6935096153846154 0.3954326923076923 0.004807692307692308 0.008413461538461538