2 0.7560096153846154 0.453125 0.007211538461538462 0.038461538461538464
2 0.13581730769230768 0.7067307692307693 0.016826923076923076 0.036057692307692304
2 0.8449519230769231 0.5408653846153846 0.020432692307692308 0.025240384615384616
2 0.7668269230769231 0.43509615384615385 0.006009615384615385 0.038461538461538464
2 0.7355769230769231 0.46634615384615385 0.009615384615384616 0.042067307692307696
2 0.75 0.5192307692307693 0.009615384615384616 0.040865384615384616
3 0.6610576923076923 0.4879807692307692 0.01201923076923077 0.040865384615384616
2 0.6045673076923077 0.5204326923076923 0.009615384615384616 0.04927884615384615
2 0.20673076923076922 0.5408653846153846 0.009615384615384616 0.04447115384615385
2 0.6274038461538461 0.5072115384615384 0.009615384615384616 0.04326923076923077
2 0.22235576923076922 0.5673076923076923 0.009615384615384616 0.05048076923076923
2 0.171875 0.5420673076923077 0.009615384615384616 0.04927884615384615
2 0.390625 0.4411057692307692 0.009615384615384616 0.03485576923076923
2 0.16346153846153846 0.6875 0.016826923076923076 0.06610576923076923
2 0.5204326923076923 0.5540865384615384 0.010817307692307692 0.04807692307692308
2 0.33413461538461536 0.6983173076923077 0.016826923076923076 0.057692307692307696
2 0.9483173076923077 0.5625 0.013221153846153846 0.039663461538461536
0 0.6502403846153846 0.39903846153846156 0.004807692307692308 0.009615384615384616
2 0.7319711538461539 0.4375 0.008413461538461538 0.03365384615384615
2 0.765625 0.453125 0.008413461538461538 0.04326923076923077
1 0.7475961538461539 0.4411057692307692 0.013221153846153846 0.027644230769230768
2 0.5925480769230769 0.44471153846153844 0.010817307692307692 0.036057692307692304
2 0.53125 0.5552884615384616 0.01201923076923077 0.051682692307692304
3 0.59375 0.34375 0.007211538461538462 0.03125