1 0.9975961538461539 0.3894230769230769 0.004807692307692308 0.038461538461538464
2 0.5889423076923077 0.34134615384615385 0.014423076923076924 0.03125
2 0.5096153846153846 0.3401442307692308 0.01201923076923077 0.038461538461538464
2 0.6598557692307693 0.33533653846153844 0.009615384615384616 0.038461538461538464
2 0.23317307692307693 0.4110576923076923 0.009615384615384616 0.04326923076923077
2 0.28365384615384615 0.359375 0.014423076923076924 0.038461538461538464
3 0.4723557692307692 0.39783653846153844 0.009615384615384616 0.040865384615384616
2 0.4230769230769231 0.41225961538461536 0.009615384615384616 0.04567307692307692
2 0.38822115384615385 0.40024038461538464 0.01201923076923077 0.04807692307692308
2 0.65625 0.40384615384615385 0.01201923076923077 0.05048076923076923
2 0.21995192307692307 0.6334134615384616 0.016826923076923076 0.0673076923076923
2 0.7487980769230769 0.39302884615384615 0.009615384615384616 0.04567307692307692
2 0.16346153846153846 0.5384615384615384 0.014423076923076924 0.06009615384615385
2 0.7235576923076923 0.5552884615384616 0.014423076923076924 0.055288461538461536
2 0.26802884615384615 0.4987980769230769 0.014423076923076924 0.057692307692307696
2 0.5877403846153846 0.4483173076923077 0.01201923076923077 0.055288461538461536
2 0.19831730769230768 0.4519230769230769 0.01201923076923077 0.055288461538461536
2 0.5576923076923077 0.44350961538461536 0.01201923076923077 0.05048076923076923
2 0.22115384615384615 0.5168269230769231 0.016826923076923076 0.06009615384615385
2 0.8641826923076923 0.5084134615384616 0.021634615384615384 0.057692307692307696
2 0.6826923076923077 0.6418269230769231 0.016826923076923076 0.06490384615384616
2 0.40024038461538464 0.6550480769230769 0.026442307692307692 0.0625
0 0.4411057692307692 0.38341346153846156 0.007211538461538462 0.01201923076923077
3 0.22956730769230768 0.2800480769230769 0.01201923076923077 0.038461538461538464