2 0.6045673076923077 0.36658653846153844 0.016826923076923076 0.03365384615384615
2 0.5240384615384616 0.35336538461538464 0.016826923076923076 0.040865384615384616
2 0.6790865384615384 0.3701923076923077 0.016826923076923076 0.040865384615384616
2 0.22956730769230768 0.3858173076923077 0.016826923076923076 0.04326923076923077
2 0.28846153846153844 0.3401442307692308 0.019230769230769232 0.040865384615384616
3 0.47716346153846156 0.40625 0.014423076923076924 0.040865384615384616
2 0.42427884615384615 0.41346153846153844 0.016826923076923076 0.04807692307692308
2 0.390625 0.39783653846153844 0.019230769230769232 0.05048076923076923
2 0.6634615384615384 0.4411057692307692 0.019230769230769232 0.052884615384615384
2 0.18269230769230768 0.6117788461538461 0.026442307692307692 0.06971153846153846
2 0.7596153846153846 0.4411057692307692 0.016826923076923076 0.04807692307692308
2 0.13942307692307693 0.5072115384615384 0.02403846153846154 0.06490384615384616
2 0.7115384615384616 0.6057692307692307 0.02403846153846154 0.057692307692307696
2 0.25240384615384615 0.4807692307692308 0.021634615384615384 0.0625
2 0.5877403846153846 0.47475961538461536 0.021634615384615384 0.057692307692307696
2 0.1875 0.421875 0.019230769230769232 0.057692307692307696
2 0.5564903846153846 0.4651442307692308 0.021634615384615384 0.052884615384615384
2 0.20072115384615385 0.49278846153846156 0.02403846153846154 0.0625
2 0.8629807692307693 0.578125 0.03125 0.0625
2 0.6574519230769231 0.6862980769230769 0.028846153846153848 0.0673076923076923
2 0.36538461538461536 0.6598557692307693 0.038461538461538464 0.0673076923076923
0 0.44591346153846156 0.3870192307692308 0.007211538461538462 0.01201923076923077
3 0.2439903846153846 0.2512019230769231 0.019230769230769232 0.040865384615384616