2 0.6935096153846154 0.5372596153846154 0.04326923076923077 0.07451923076923077
2 0.703125 0.5444711538461539 0.038461538461538464 0.06490384615384616
2 0.07692307692307693 0.515625 0.038461538461538464 0.08413461538461539
2 0.5576923076923077 0.5685096153846154 0.036057692307692304 0.07451923076923077
2 0.36658653846153844 0.30528846153846156 0.02403846153846154 0.05048076923076923
2 0.2439903846153846 0.36899038461538464 0.036057692307692304 0.06009615384615385
2 0.640625 0.5853365384615384 0.04326923076923077 0.0673076923076923
2 0.7223557692307693 0.6526442307692307 0.04807692307692308 0.06971153846153846
2 0.5925480769230769 0.6706730769230769 0.036057692307692304 0.07451923076923077
2 0.7103365384615384 0.41225961538461536 0.03365384615384615 0.052884615384615384
2 0.3557692307692308 0.5456730769230769 0.03365384615384615 0.07211538461538461
2 0.6995192307692307 0.6346153846153846 0.038461538461538464 0.0673076923076923
2 0.0985576923076923 0.5420673076923077 0.03365384615384615 0.08173076923076923
2 0.6826923076923077 0.34975961538461536 0.03365384615384615 0.04807692307692308
2 0.15865384615384615 0.3713942307692308 0.028846153846153848 0.0673076923076923
2 0.23076923076923078 0.43509615384615385 0.03365384615384615 0.07211538461538461
2 0.5697115384615384 0.47836538461538464 0.036057692307692304 0.06490384615384616
3 0.5204326923076923 0.4098557692307692 0.03125 0.052884615384615384
2 0.3870192307692308 0.5060096153846154 0.038461538461538464 0.06971153846153846
2 0.4831730769230769 0.5649038461538461 0.040865384615384616 0.07692307692307693
2 0.17307692307692307 0.609375 0.04326923076923077 0.07451923076923077
3 0.6682692307692307 0.23317307692307693 0.019230769230769232 0.03365384615384615
0 0.7199519230769231 0.6754807692307693 0.009615384615384616 0.016826923076923076