2 0.28125 0.49158653846153844 0.040865384615384616 0.07692307692307693
2 0.2692307692307692 0.4951923076923077 0.036057692307692304 0.0673076923076923
2 0.8918269230769231 0.7127403846153846 0.03125 0.08653846153846154
2 0.4014423076923077 0.5757211538461539 0.03125 0.07692307692307693
2 0.6923076923076923 0.3942307692307692 0.019230769230769232 0.052884615384615384
2 0.7860576923076923 0.5048076923076923 0.03125 0.06490384615384616
2 0.3125 0.5576923076923077 0.040865384615384616 0.0673076923076923
2 0.20793269230769232 0.59375 0.04567307692307692 0.07211538461538461
2 0.328125 0.6610576923076923 0.028846153846153848 0.07932692307692307
2 0.3137019230769231 0.3629807692307692 0.03125 0.052884615384615384
2 0.6057692307692307 0.6322115384615384 0.028846153846153848 0.07451923076923077
2 0.23798076923076922 0.5853365384615384 0.03365384615384615 0.0673076923076923
2 0.8605769230769231 0.7319711538461539 0.026442307692307692 0.08653846153846154
2 0.36538461538461536 0.3125 0.03125 0.04807692307692308
2 0.8665865384615384 0.5408653846153846 0.02403846153846154 0.06971153846153846
2 0.7728365384615384 0.5733173076923077 0.028846153846153848 0.07692307692307693
2 0.42427884615384615 0.48197115384615385 0.03125 0.0673076923076923
3 0.5 0.4362980769230769 0.026442307692307692 0.055288461538461536
2 0.5925480769230769 0.5817307692307693 0.03365384615384615 0.07211538461538461
2 0.47475961538461536 0.6021634615384616 0.03365384615384615 0.07932692307692307
2 0.7596153846153846 0.7668269230769231 0.038461538461538464 0.07692307692307693
3 0.4254807692307692 0.20552884615384615 0.016826923076923076 0.036057692307692304
0 0.19951923076923078 0.6153846153846154 0.009615384615384616 0.014423076923076924