3 0.6814903846153846 0.22596153846153846 0.009615384615384616 0.03125
2 0.4098557692307692 0.35096153846153844 0.009615384615384616 0.04567307692307692
3 0.052884615384615384 0.9555288461538461 0.028846153846153848 0.0889423076923077
3 0.5348557692307693 0.38341346153846156 0.014423076923076924 0.04807692307692308
2 0.3233173076923077 0.6021634615384616 0.01201923076923077 0.057692307692307696
2 0.7151442307692307 0.3473557692307692 0.01201923076923077 0.04567307692307692
2 0.35096153846153844 0.5024038461538461 0.01201923076923077 0.06009615384615385
2 0.36899038461538464 0.41346153846153844 0.01201923076923077 0.05048076923076923
2 0.7752403846153846 0.578125 0.016826923076923076 0.06490384615384616
2 0.6911057692307693 0.3293269230769231 0.014423076923076924 0.04567307692307692
2 0.5817307692307693 0.47115384615384615 0.019230769230769232 0.052884615384615384
2 0.31009615384615385 0.5961538461538461 0.014423076923076924 0.06971153846153846
2 0.5288461538461539 0.43990384615384615 0.01201923076923077 0.055288461538461536
2 0.47115384615384615 0.5504807692307693 0.016826923076923076 0.06490384615384616
2 0.2848557692307692 0.4423076923076923 0.014423076923076924 0.06009615384615385
2 0.4987980769230769 0.5841346153846154 0.016826923076923076 0.06490384615384616
2 0.4891826923076923 0.625 0.019230769230769232 0.0673076923076923
2 0.7379807692307693 0.4579326923076923 0.019230769230769232 0.052884615384615384
2 0.546875 0.5300480769230769 0.019230769230769232 0.0625
2 0.23798076923076922 0.5757211538461539 0.021634615384615384 0.07211538461538461
2 0.8197115384615384 0.5252403846153846 0.026442307692307692 0.05048076923076923
2 0.421875 0.5252403846153846 0.021634615384615384 0.055288461538461536
2 0.6850961538461539 0.5949519230769231 0.021634615384615384 0.0673076923076923
0 0.7115384615384616 0.36658653846153844 0.004807692307692308 0.009615384615384616