2 0.8064903846153846 0.5480769230769231 0.013221153846153846 0.040865384615384616
2 0.796875 0.546875 0.016826923076923076 0.038461538461538464
2 0.7331730769230769 0.5012019230769231 0.015625 0.042067307692307696
2 0.6322115384615384 0.44711538461538464 0.007211538461538462 0.03485576923076923
1 0.8100961538461539 0.4567307692307692 0.015625 0.03485576923076923
2 0.6478365384615384 0.42788461538461536 0.008413461538461538 0.037259615384615384
3 0.5889423076923077 0.48197115384615385 0.015625 0.038461538461538464
2 0.7091346153846154 0.4735576923076923 0.010817307692307692 0.036057692307692304
2 0.5300480769230769 0.5444711538461539 0.010817307692307692 0.04567307692307692
2 0.5552884615384616 0.48677884615384615 0.008413461538461538 0.039663461538461536
2 0.31009615384615385 0.4483173076923077 0.007211538461538462 0.039663461538461536
2 0.6730769230769231 0.5144230769230769 0.016826923076923076 0.046875
2 0.16706730769230768 0.5432692307692307 0.010817307692307692 0.04927884615384615
2 0.5661057692307693 0.5552884615384616 0.013221153846153846 0.04927884615384615
2 0.6971153846153846 0.5661057692307693 0.016826923076923076 0.04927884615384615
2 0.4326923076923077 0.5889423076923077 0.009615384615384616 0.05048076923076923
2 0.09735576923076923 0.6959134615384616 0.010817307692307692 0.06370192307692307
2 0.17668269230769232 0.5745192307692307 0.01201923076923077 0.05048076923076923
2 0.12860576923076922 0.5516826923076923 0.010817307692307692 0.04927884615384615
2 0.26322115384615385 0.7091346153846154 0.015625 0.056490384615384616
2 0.4050480769230769 0.5997596153846154 0.014423076923076924 0.05048076923076923
2 0.109375 0.7139423076923077 0.021634615384615384 0.0673076923076923
3 0.5300480769230769 0.3389423076923077 0.007211538461538462 0.02283653846153846