2 0.3076923076923077 0.4855769230769231 0.038461538461538464 0.07451923076923077
2 0.296875 0.4891826923076923 0.03365384615384615 0.06490384615384616
2 0.8930288461538461 0.6983173076923077 0.03125 0.08413461538461539
2 0.4230769230769231 0.5673076923076923 0.028846153846153848 0.07211538461538461
2 0.7019230769230769 0.39302884615384615 0.019230769230769232 0.05048076923076923
2 0.7920673076923077 0.4987980769230769 0.028846153846153848 0.0625
2 0.33774038461538464 0.5492788461538461 0.038461538461538464 0.06490384615384616
2 0.23677884615384615 0.5829326923076923 0.04326923076923077 0.0673076923076923
2 0.35336538461538464 0.6478365384615384 0.028846153846153848 0.07451923076923077
2 0.3401442307692308 0.36177884615384615 0.028846153846153848 0.052884615384615384
2 0.6201923076923077 0.6201923076923077 0.028846153846153848 0.07211538461538461
2 0.2644230769230769 0.5745192307692307 0.03365384615384615 0.06490384615384616
2 0.8641826923076923 0.7163461538461539 0.026442307692307692 0.08413461538461539
2 0.38822115384615385 0.3137019230769231 0.028846153846153848 0.04807692307692308
2 0.8701923076923077 0.5324519230769231 0.02403846153846154 0.0673076923076923
2 0.7800480769230769 0.5649038461538461 0.028846153846153848 0.07211538461538461
2 0.44471153846153844 0.47596153846153844 0.03125 0.06490384615384616
3 0.5180288461538461 0.4326923076923077 0.026442307692307692 0.052884615384615384
2 0.6069711538461539 0.5721153846153846 0.03125 0.06971153846153846
2 0.49278846153846156 0.5913461538461539 0.03365384615384615 0.07692307692307693
2 0.7668269230769231 0.75 0.036057692307692304 0.07451923076923077
3 0.44711538461538464 0.21153846153846154 0.016826923076923076 0.03365384615384615
0 0.22956730769230768 0.6033653846153846 0.009615384615384616 0.014423076923076924