2 0.22596153846153846 0.46153846153846156 0.01201923076923077 0.04326923076923077
2 0.8834134615384616 0.8004807692307693 0.021634615384615384 0.040865384615384616
2 0.11778846153846154 0.5480769230769231 0.02403846153846154 0.028846153846153848
2 0.21394230769230768 0.43990384615384615 0.01201923076923077 0.04326923076923077
2 0.24639423076923078 0.47836538461538464 0.014423076923076924 0.04807692307692308
2 0.22716346153846154 0.5348557692307693 0.014423076923076924 0.04567307692307692
3 0.3269230769230769 0.5072115384615384 0.016826923076923076 0.04567307692307692
2 0.3870192307692308 0.5504807692307693 0.014423076923076924 0.055288461538461536
2 0.8221153846153846 0.6117788461538461 0.014423076923076924 0.05048076923076923
2 0.3605769230769231 0.5336538461538461 0.014423076923076924 0.04807692307692308
2 0.8028846153846154 0.6382211538461539 0.016826923076923076 0.057692307692307696
2 0.8617788461538461 0.6165865384615384 0.014423076923076924 0.055288461538461536
2 0.6298076923076923 0.4831730769230769 0.014423076923076924 0.038461538461538464
2 0.8557692307692307 0.7764423076923077 0.026442307692307692 0.07451923076923077
2 0.47596153846153844 0.5949519230769231 0.016826923076923076 0.052884615384615384
2 0.6658653846153846 0.7716346153846154 0.02403846153846154 0.0673076923076923
2 0.006009615384615385 0.5612980769230769 0.01201923076923077 0.04567307692307692
0 0.34615384615384615 0.41225961538461536 0.004807692307692308 0.01201923076923077
2 0.2548076923076923 0.44591346153846156 0.01201923076923077 0.038461538461538464
2 0.21634615384615385 0.46033653846153844 0.014423076923076924 0.04807692307692308
1 0.23677884615384615 0.4483173076923077 0.016826923076923076 0.03125
2 0.4074519230769231 0.4675480769230769 0.014423076923076924 0.040865384615384616
2 0.46274038461538464 0.5949519230769231 0.019230769230769232 0.057692307692307696
3 0.41346153846153844 0.3557692307692308 0.01201923076923077 0.036057692307692304