2 0.34615384615384615 0.33653846153846156 0.019230769230769232 0.03365384615384615
2 0.42788461538461536 0.3173076923076923 0.019230769230769232 0.040865384615384616
2 0.27283653846153844 0.3449519230769231 0.019230769230769232 0.04326923076923077
2 0.7319711538461539 0.3293269230769231 0.021634615384615384 0.04567307692307692
2 0.6694711538461539 0.2860576923076923 0.021634615384615384 0.040865384615384616
3 0.4795673076923077 0.36778846153846156 0.016826923076923076 0.04326923076923077
2 0.5348557692307693 0.37259615384615385 0.021634615384615384 0.04807692307692308
2 0.5685096153846154 0.35216346153846156 0.02403846153846154 0.052884615384615384
2 0.2920673076923077 0.41586538461538464 0.02403846153846154 0.052884615384615384
2 0.7956730769230769 0.5564903846153846 0.03125 0.07211538461538461
2 0.1935096153846154 0.42427884615384615 0.021634615384615384 0.04807692307692308
2 0.8329326923076923 0.44711538461538464 0.028846153846153848 0.06490384615384616
2 0.2548076923076923 0.5877403846153846 0.026442307692307692 0.057692307692307696
2 0.7151442307692307 0.42788461538461536 0.026442307692307692 0.0625
2 0.37259615384615385 0.44591346153846156 0.026442307692307692 0.06009615384615385
2 0.7776442307692307 0.3629807692307692 0.02403846153846154 0.06009615384615385
2 0.4026442307692308 0.4338942307692308 0.02403846153846154 0.055288461538461536
2 0.7692307692307693 0.4362980769230769 0.028846153846153848 0.06490384615384616
2 0.10096153846153846 0.5697115384615384 0.036057692307692304 0.06490384615384616
2 0.3161057692307692 0.6670673076923077 0.03365384615384615 0.06971153846153846
2 0.6141826923076923 0.6177884615384616 0.040865384615384616 0.06971153846153846
0 0.5096153846153846 0.34615384615384615 0.009615384615384616 0.014423076923076924
3 0.7079326923076923 0.19230769230769232 0.021634615384615384 0.04326923076923077