2 0.3425480769230769 0.43509615384615385 0.014423076923076924 0.04326923076923077
2 0.27403846153846156 0.5108173076923077 0.019230769230769232 0.052884615384615384
2 0.3473557692307692 0.4735576923076923 0.016826923076923076 0.052884615384615384
2 0.5600961538461539 0.4098557692307692 0.019230769230769232 0.04807692307692308
2 0.5901442307692307 0.40625 0.016826923076923076 0.04807692307692308
2 0.6935096153846154 0.5817307692307693 0.028846153846153848 0.06009615384615385
3 0.5480769230769231 0.4326923076923077 0.016826923076923076 0.05048076923076923
2 0.6117788461538461 0.5132211538461539 0.016826923076923076 0.052884615384615384
3 0.07211538461538461 0.8954326923076923 0.038461538461538464 0.07932692307692307
1 0.05889423076923077 0.45552884615384615 0.021634615384615384 0.05048076923076923
2 0.6971153846153846 0.6310096153846154 0.02403846153846154 0.0673076923076923
2 0.7151442307692307 0.49158653846153844 0.019230769230769232 0.057692307692307696
2 0.53125 0.5528846153846154 0.019230769230769232 0.057692307692307696
2 0.31490384615384615 0.5925480769230769 0.019230769230769232 0.0625
2 0.2692307692307692 0.5600961538461539 0.021634615384615384 0.0625
2 0.45913461538461536 0.5745192307692307 0.019230769230769232 0.06009615384615385
2 0.4423076923076923 0.5769230769230769 0.019230769230769232 0.06009615384615385
2 0.5516826923076923 0.5673076923076923 0.026442307692307692 0.057692307692307696
2 0.41466346153846156 0.6322115384615384 0.02403846153846154 0.06490384615384616
2 0.1971153846153846 0.6682692307692307 0.021634615384615384 0.057692307692307696
2 0.6069711538461539 0.640625 0.026442307692307692 0.0673076923076923
2 0.5793269230769231 0.6358173076923077 0.021634615384615384 0.06971153846153846
2 0.7463942307692307 0.5600961538461539 0.02403846153846154 0.057692307692307696
0 0.5252403846153846 0.39663461538461536 0.007211538461538462 0.01201923076923077
3 0.6706730769230769 0.24639423076923078 0.009615384615384616 0.03125