2 0.6875 0.48677884615384615 0.026442307692307692 0.0673076923076923
2 0.6983173076923077 0.49278846153846156 0.02403846153846154 0.057692307692307696
2 0.109375 0.609375 0.018028846153846152 0.078125
2 0.5685096153846154 0.5480769230769231 0.018028846153846152 0.0673076923076923
2 0.3293269230769231 0.3485576923076923 0.01201923076923077 0.046875
2 0.23197115384615385 0.43509615384615385 0.020432692307692308 0.055288461538461536
2 0.6502403846153846 0.5432692307692307 0.028846153846153848 0.057692307692307696
2 0.7415865384615384 0.5889423076923077 0.03245192307692308 0.06129807692307692
2 0.6237980769230769 0.6346153846153846 0.016826923076923076 0.06971153846153846
2 0.6742788461538461 0.36778846153846156 0.021634615384615384 0.046875
2 0.3762019230769231 0.5733173076923077 0.016826923076923076 0.0673076923076923
2 0.7151442307692307 0.5769230769230769 0.02283653846153846 0.05889423076923077
2 0.1346153846153846 0.6298076923076923 0.014423076923076924 0.078125
2 0.6346153846153846 0.31490384615384615 0.021634615384615384 0.042067307692307696
2 0.15264423076923078 0.4567307692307692 0.013221153846153846 0.0625
2 0.234375 0.5 0.016826923076923076 0.0673076923076923
2 0.5588942307692307 0.46153846153846156 0.020432692307692308 0.05889423076923077
3 0.4963942307692308 0.40865384615384615 0.018028846153846152 0.04807692307692308
2 0.39663461538461536 0.5300480769230769 0.021634615384615384 0.0625
2 0.4987980769230769 0.5625 0.021634615384615384 0.06971153846153846
2 0.21995192307692307 0.6754807692307693 0.025240384615384616 0.0673076923076923
3 0.59375 0.21153846153846154 0.01201923076923077 0.03125
0 0.7439903846153846 0.609375 0.007211538461538462 0.013221153846153846