3 0.6201923076923077 0.546875 0.014423076923076924 0.04326923076923077
2 0.7055288461538461 0.4254807692307692 0.01201923076923077 0.038461538461538464
2 0.31971153846153844 0.4266826923076923 0.009615384615384616 0.036057692307692304
2 0.6310096153846154 0.5853365384615384 0.014423076923076924 0.055288461538461536
2 0.5973557692307693 0.3786057692307692 0.009615384615384616 0.03365384615384615
1 0.8605769230769231 0.453125 0.014423076923076924 0.04326923076923077
2 0.7127403846153846 0.4411057692307692 0.014423076923076924 0.04326923076923077
2 0.6959134615384616 0.6262019230769231 0.026442307692307692 0.057692307692307696
2 0.8365384615384616 0.46875 0.01201923076923077 0.04326923076923077
2 0.28725961538461536 0.484375 0.014423076923076924 0.04567307692307692
2 0.5540865384615384 0.4855769230769231 0.014423076923076924 0.04567307692307692
2 0.9326923076923077 0.5492788461538461 0.014423076923076924 0.055288461538461536
2 0.36658653846153844 0.42427884615384615 0.01201923076923077 0.038461538461538464
2 0.5913461538461539 0.4423076923076923 0.014423076923076924 0.04326923076923077
2 0.4855769230769231 0.5060096153846154 0.014423076923076924 0.04326923076923077
2 0.6081730769230769 0.5697115384615384 0.021634615384615384 0.055288461538461536
2 0.8329326923076923 0.7091346153846154 0.019230769230769232 0.06971153846153846
2 0.3088942307692308 0.6045673076923077 0.016826923076923076 0.055288461538461536
2 0.6850961538461539 0.5204326923076923 0.014423076923076924 0.04807692307692308
2 0.7704326923076923 0.59375 0.016826923076923076 0.055288461538461536
3 0.28966346153846156 0.9663461538461539 0.03125 0.0673076923076923
2 0.5396634615384616 0.578125 0.019230769230769232 0.057692307692307696
2 0.5444711538461539 0.7103365384615384 0.026442307692307692 0.06490384615384616
0 0.8509615384615384 0.46634615384615385 0.004807692307692308 0.009615384615384616
3 0.6598557692307693 0.328125 0.009615384615384616 0.03125