1 0.14783653846153846 0.45072115384615385 0.009615384615384616 0.040865384615384616
2 0.05889423076923077 0.5204326923076923 0.014423076923076924 0.04326923076923077
2 0.4014423076923077 0.36778846153846156 0.007211538461538462 0.03365384615384615
2 0.6814903846153846 0.3161057692307692 0.004807692307692308 0.026442307692307692
2 0.4375 0.3713942307692308 0.009615384615384616 0.038461538461538464
2 0.7800480769230769 0.43028846153846156 0.009615384615384616 0.038461538461538464
2 0.3329326923076923 0.49399038461538464 0.009615384615384616 0.04807692307692308
2 0.7824519230769231 0.38461538461538464 0.009615384615384616 0.036057692307692304
2 0.24879807692307693 0.46033653846153844 0.009615384615384616 0.04326923076923077
2 0.14543269230769232 0.5048076923076923 0.009615384615384616 0.036057692307692304
2 0.7391826923076923 0.46875 0.009615384615384616 0.036057692307692304
2 0.5240384615384616 0.43028846153846156 0.009615384615384616 0.04326923076923077
2 0.3762019230769231 0.5108173076923077 0.009615384615384616 0.04807692307692308
2 0.4495192307692308 0.5144230769230769 0.014423076923076924 0.04807692307692308
2 0.7391826923076923 0.6478365384615384 0.014423076923076924 0.06009615384615385
2 0.7932692307692307 0.47115384615384615 0.016826923076923076 0.04326923076923077
2 0.5913461538461539 0.4362980769230769 0.014423076923076924 0.038461538461538464
2 0.39903846153846156 0.6790865384615384 0.009615384615384616 0.0625
2 0.37259615384615385 0.6959134615384616 0.014423076923076924 0.0673076923076923
2 0.6658653846153846 0.5889423076923077 0.009615384615384616 0.055288461538461536
3 0.8137019230769231 0.8605769230769231 0.019230769230769232 0.07692307692307693
3 0.5649038461538461 0.484375 0.014423076923076924 0.04807692307692308
2 0.7872596153846154 0.6466346153846154 0.009615384615384616 0.06009615384615385
3 0.4338942307692308 0.26802884615384615 0.007211538461538462 0.028846153846153848