1 0.15625 0.4495192307692308 0.008413461538461538 0.038461538461538464
2 0.07091346153846154 0.5180288461538461 0.014423076923076924 0.042067307692307696
2 0.39903846153846156 0.3713942307692308 0.007211538461538462 0.03365384615384615
2 0.6682692307692307 0.32091346153846156 0.006009615384615385 0.025240384615384616
2 0.4338942307692308 0.375 0.007211538461538462 0.036057692307692304
2 0.7620192307692307 0.43028846153846156 0.009615384615384616 0.036057692307692304
2 0.33413461538461536 0.49158653846153844 0.007211538461538462 0.046875
2 0.7644230769230769 0.3870192307692308 0.009615384615384616 0.03485576923076923
2 0.2536057692307692 0.45913461538461536 0.008413461538461538 0.040865384615384616
2 0.15384615384615385 0.5024038461538461 0.009615384615384616 0.03485576923076923
2 0.7235576923076923 0.4675480769230769 0.010817307692307692 0.03485576923076923
2 0.5168269230769231 0.43028846153846156 0.008413461538461538 0.039663461538461536
2 0.375 0.5084134615384616 0.010817307692307692 0.046875
2 0.44591346153846156 0.5108173076923077 0.01201923076923077 0.04447115384615385
2 0.7223557692307693 0.6394230769230769 0.013221153846153846 0.057692307692307696
2 0.7752403846153846 0.4699519230769231 0.015625 0.040865384615384616
2 0.5817307692307693 0.4375 0.013221153846153846 0.038461538461538464
2 0.39663461538461536 0.6682692307692307 0.010817307692307692 0.06129807692307692
2 0.3713942307692308 0.6850961538461539 0.013221153846153846 0.0625
2 0.6526442307692307 0.5829326923076923 0.008413461538461538 0.054086538461538464
3 0.7944711538461539 0.84375 0.019230769230769232 0.07451923076923077
3 0.5564903846153846 0.4831730769230769 0.01201923076923077 0.046875
2 0.7692307692307693 0.6382211538461539 0.010817307692307692 0.057692307692307696
3 0.43028846153846156 0.27524038461538464 0.007211538461538462 0.027644230769230768