3 0.30408653846153844 0.30408653846153844 0.009615384615384616 0.028846153846153848
0 0.9350961538461539 0.828125 0.01201923076923077 0.016826923076923076
2 0.5649038461538461 0.3786057692307692 0.01201923076923077 0.036057692307692304
2 0.3918269230769231 0.40865384615384615 0.01201923076923077 0.038461538461538464
2 0.515625 0.3762019230769231 0.009615384615384616 0.03365384615384615
2 0.8930288461538461 0.8473557692307693 0.02403846153846154 0.052884615384615384
2 0.48197115384615385 0.49759615384615385 0.016826923076923076 0.04807692307692308
2 0.5216346153846154 0.49158653846153844 0.016826923076923076 0.04567307692307692
2 0.14182692307692307 0.6730769230769231 0.02403846153846154 0.06009615384615385
2 0.7367788461538461 0.4879807692307692 0.021634615384615384 0.04567307692307692
2 0.3858173076923077 0.8377403846153846 0.019230769230769232 0.0673076923076923
3 0.5048076923076923 0.5432692307692307 0.016826923076923076 0.05048076923076923
2 0.41466346153846156 0.3605769230769231 0.01201923076923077 0.038461538461538464
2 0.28846153846153844 0.40865384615384615 0.014423076923076924 0.040865384615384616
3 0.9242788461538461 0.8966346153846154 0.040865384615384616 0.08173076923076923
2 0.7139423076923077 0.5600961538461539 0.019230769230769232 0.04807692307692308
2 0.6754807692307693 0.44591346153846156 0.016826923076923076 0.04567307692307692
2 0.24879807692307693 0.4879807692307692 0.019230769230769232 0.05048076923076923
2 0.21754807692307693 0.7560096153846154 0.019230769230769232 0.06490384615384616
2 0.27884615384615385 0.6189903846153846 0.021634615384615384 0.057692307692307696
2 0.8689903846153846 0.8365384615384616 0.03125 0.08173076923076923
2 0.13942307692307693 0.6262019230769231 0.021634615384615384 0.06490384615384616
2 0.8161057692307693 0.6334134615384616 0.019230769230769232 0.055288461538461536
2 0.4206730769230769 0.6334134615384616 0.026442307692307692 0.06009615384615385