3 0.7271634615384616 0.3401442307692308 0.009615384615384616 0.028846153846153848
0 0.03365384615384615 0.7512019230769231 0.01201923076923077 0.016826923076923076
2 0.46274038461538464 0.3713942307692308 0.01201923076923077 0.036057692307692304
2 0.6274038461538461 0.4266826923076923 0.01201923076923077 0.038461538461538464
2 0.5096153846153846 0.3762019230769231 0.009615384615384616 0.03365384615384615
2 0.0733173076923077 0.7764423076923077 0.026442307692307692 0.052884615384615384
2 0.5264423076923077 0.5 0.016826923076923076 0.04807692307692308
2 0.4891826923076923 0.4891826923076923 0.016826923076923076 0.04567307692307692
2 0.828125 0.7211538461538461 0.02403846153846154 0.06009615384615385
2 0.27884615384615385 0.4519230769230769 0.021634615384615384 0.04567307692307692
2 0.5649038461538461 0.8449519230769231 0.019230769230769232 0.0673076923076923
3 0.4951923076923077 0.5408653846153846 0.016826923076923076 0.05048076923076923
2 0.6105769230769231 0.37740384615384615 0.01201923076923077 0.038461538461538464
2 0.7283653846153846 0.44350961538461536 0.014423076923076924 0.040865384615384616
3 0.03485576923076923 0.8185096153846154 0.040865384615384616 0.08173076923076923
2 0.2920673076923077 0.5240384615384616 0.019230769230769232 0.04807692307692308
2 0.3449519230769231 0.4206730769230769 0.019230769230769232 0.04567307692307692
2 0.7536057692307693 0.5276442307692307 0.019230769230769232 0.05048076923076923
2 0.7427884615384616 0.7908653846153846 0.019230769230769232 0.06490384615384616
2 0.7043269230769231 0.6490384615384616 0.021634615384615384 0.057692307692307696
2 0.09735576923076923 0.7704326923076923 0.03125 0.08173076923076923
2 0.8377403846153846 0.6778846153846154 0.021634615384615384 0.0625
2 0.18028846153846154 0.5793269230769231 0.019230769230769232 0.055288461538461536
2 0.5637019230769231 0.640625 0.026442307692307692 0.06009615384615385