2 0.65625 0.30649038461538464 0.009615384615384616 0.028846153846153848
1 0.12740384615384615 0.40024038461538464 0.016826923076923076 0.04326923076923077
2 0.36177884615384615 0.35216346153846156 0.009615384615384616 0.038461538461538464
2 0.7067307692307693 0.4483173076923077 0.009615384615384616 0.04326923076923077
2 0.7524038461538461 0.38100961538461536 0.009615384615384616 0.038461538461538464
2 0.7415865384615384 0.4375 0.01201923076923077 0.04326923076923077
2 0.08173076923076923 0.5829326923076923 0.026442307692307692 0.055288461538461536
2 0.3004807692307692 0.7367788461538461 0.016826923076923076 0.0673076923076923
2 0.4206730769230769 0.3581730769230769 0.01201923076923077 0.036057692307692304
3 0.6081730769230769 0.47596153846153844 0.01201923076923077 0.05048076923076923
2 0.27403846153846156 0.46875 0.016826923076923076 0.05048076923076923
2 0.15865384615384615 0.6009615384615384 0.021634615384615384 0.05048076923076923
2 0.22355769230769232 0.4675480769230769 0.01201923076923077 0.04807692307692308
2 0.49158653846153844 0.4026442307692308 0.009615384615384616 0.040865384615384616
2 0.65625 0.4411057692307692 0.016826923076923076 0.040865384615384616
2 0.38221153846153844 0.5096153846153846 0.026442307692307692 0.04807692307692308
2 0.7536057692307693 0.4735576923076923 0.016826923076923076 0.05048076923076923
2 0.6502403846153846 0.6526442307692307 0.016826923076923076 0.0673076923076923
2 0.71875 0.6634615384615384 0.019230769230769232 0.06971153846153846
2 0.5985576923076923 0.5853365384615384 0.016826923076923076 0.06009615384615385
2 0.40384615384615385 0.5120192307692307 0.019230769230769232 0.05048076923076923
2 0.328125 0.7115384615384616 0.02403846153846154 0.06971153846153846
3 0.78125 0.8846153846153846 0.028846153846153848 0.08173076923076923
3 0.43990384615384615 0.25961538461538464 0.009615384615384616 0.026442307692307692
0 0.06610576923076923 0.5985576923076923 0.007211538461538462 0.01201923076923077