2 0.7055288461538461 0.5252403846153846 0.009615384615384616 0.040865384615384616
2 0.49038461538461536 0.4375 0.007211538461538462 0.028846153846153848
1 0.171875 0.5132211538461539 0.009615384615384616 0.04326923076923077
2 0.6658653846153846 0.4723557692307692 0.004807692307692308 0.028846153846153848
2 0.5889423076923077 0.5288461538461539 0.009615384615384616 0.040865384615384616
2 0.2704326923076923 0.6826923076923077 0.014423076923076924 0.052884615384615384
2 0.7439903846153846 0.5865384615384616 0.009615384615384616 0.04326923076923077
2 0.4326923076923077 0.53125 0.009615384615384616 0.038461538461538464
2 0.4879807692307692 0.6298076923076923 0.009615384615384616 0.05048076923076923
2 0.5925480769230769 0.5853365384615384 0.009615384615384616 0.04326923076923077
2 0.5372596153846154 0.6899038461538461 0.014423076923076924 0.052884615384615384
2 0.7680288461538461 0.6899038461538461 0.009615384615384616 0.052884615384615384
3 0.5649038461538461 0.5949519230769231 0.009615384615384616 0.04326923076923077
2 0.6790865384615384 0.5132211538461539 0.009615384615384616 0.038461538461538464
3 0.055288461538461536 0.8713942307692307 0.019230769230769232 0.0673076923076923
2 0.7199519230769231 0.5913461538461539 0.009615384615384616 0.04807692307692308
2 0.4735576923076923 0.53125 0.014423076923076924 0.03365384615384615
2 0.22956730769230768 0.6057692307692307 0.009615384615384616 0.04807692307692308
2 0.4110576923076923 0.7427884615384616 0.019230769230769232 0.0625
2 0.6911057692307693 0.6262019230769231 0.009615384615384616 0.04807692307692308
2 0.7283653846153846 0.78125 0.019230769230769232 0.057692307692307696
2 0.8882211538461539 0.8341346153846154 0.019230769230769232 0.0625
2 0.5697115384615384 0.9074519230769231 0.019230769230769232 0.07211538461538461
0 0.27524038461538464 0.6959134615384616 0.004807692307692308 0.009615384615384616
3 0.6610576923076923 0.4074519230769231 0.007211538461538462 0.028846153846153848