2 0.6129807692307693 0.1935096153846154 0.019230769230769232 0.038461538461538464
2 0.5697115384615384 0.29447115384615385 0.016826923076923076 0.04326923076923077
2 0.3473557692307692 0.21394230769230768 0.016826923076923076 0.04807692307692308
2 0.49399038461538464 0.28846153846153844 0.02403846153846154 0.04807692307692308
2 0.3954326923076923 0.3473557692307692 0.019230769230769232 0.057692307692307696
2 0.7872596153846154 0.2644230769230769 0.02403846153846154 0.040865384615384616
2 0.8257211538461539 0.4495192307692308 0.026442307692307692 0.07211538461538461
2 0.8028846153846154 0.2956730769230769 0.016826923076923076 0.052884615384615384
2 0.7427884615384616 0.24278846153846154 0.014423076923076924 0.04567307692307692
2 0.8112980769230769 0.46274038461538464 0.028846153846153848 0.0625
2 0.29447115384615385 0.32211538461538464 0.016826923076923076 0.057692307692307696
2 0.4639423076923077 0.24639423076923078 0.016826923076923076 0.04807692307692308
2 0.4050480769230769 0.6129807692307693 0.03125 0.07692307692307693
3 0.8990384615384616 0.9230769230769231 0.052884615384615384 0.10576923076923077
2 0.5925480769230769 0.29086538461538464 0.021634615384615384 0.04807692307692308
2 0.41947115384615385 0.3125 0.016826923076923076 0.055288461538461536
2 0.46153846153846156 0.36778846153846156 0.019230769230769232 0.055288461538461536
3 0.5060096153846154 0.3641826923076923 0.021634615384615384 0.06009615384615385
2 0.48197115384615385 0.4423076923076923 0.02403846153846154 0.0625
2 0.36899038461538464 0.38461538461538464 0.021634615384615384 0.0625
2 0.6021634615384616 0.5661057692307693 0.036057692307692304 0.07211538461538461
2 0.5757211538461539 0.2704326923076923 0.014423076923076924 0.04326923076923077
0 0.5865384615384616 0.2932692307692308 0.004807692307692308 0.009615384615384616
3 0.4375 0.12740384615384615 0.01201923076923077 0.03125