2 0.6189903846153846 0.3317307692307692 0.019230769230769232 0.038461538461538464
2 0.2848557692307692 0.4519230769230769 0.019230769230769232 0.038461538461538464
1 0.7752403846153846 0.2776442307692308 0.016826923076923076 0.036057692307692304
2 0.30528846153846156 0.36778846153846156 0.016826923076923076 0.03365384615384615
2 0.23677884615384615 0.47596153846153844 0.019230769230769232 0.04326923076923077
2 0.7596153846153846 0.2932692307692308 0.019230769230769232 0.036057692307692304
2 0.25240384615384615 0.5060096153846154 0.021634615384615384 0.04807692307692308
2 0.4807692307692308 0.39903846153846156 0.016826923076923076 0.036057692307692304
2 0.3701923076923077 0.3942307692307692 0.016826923076923076 0.03365384615384615
2 0.6105769230769231 0.3329326923076923 0.019230769230769232 0.038461538461538464
2 0.4807692307692308 0.4723557692307692 0.02403846153846154 0.04567307692307692
2 0.6730769230769231 0.4014423076923077 0.021634615384615384 0.04567307692307692
2 0.6009615384615384 0.7295673076923077 0.03365384615384615 0.07451923076923077
3 0.49158653846153844 0.42788461538461536 0.021634615384615384 0.04567307692307692
2 0.38221153846153844 0.5072115384615384 0.021634615384615384 0.04807692307692308
2 0.25721153846153844 0.421875 0.019230769230769232 0.038461538461538464
2 0.45072115384615385 0.4110576923076923 0.021634615384615384 0.040865384615384616
2 0.8617788461538461 0.47475961538461536 0.028846153846153848 0.06009615384615385
2 0.2439903846153846 0.5673076923076923 0.026442307692307692 0.055288461538461536
2 0.8064903846153846 0.5036057692307693 0.026442307692307692 0.057692307692307696
2 0.31850961538461536 0.6670673076923077 0.028846153846153848 0.0625
2 0.3954326923076923 0.6887019230769231 0.03365384615384615 0.0673076923076923
0 0.6802884615384616 0.25240384615384615 0.01201923076923077 0.014423076923076924
3 0.20673076923076922 0.38341346153846156 0.016826923076923076 0.03365384615384615