2 0.5012019230769231 0.25600961538461536 0.019230769230769232 0.057692307692307696
2 0.14903846153846154 0.28125 0.014423076923076924 0.052884615384615384
2 0.3701923076923077 0.16346153846153846 0.014423076923076924 0.040865384615384616
2 0.6490384615384616 0.20552884615384615 0.014423076923076924 0.05048076923076923
2 0.6502403846153846 0.3954326923076923 0.019230769230769232 0.0625
2 0.49278846153846156 0.2692307692307692 0.026442307692307692 0.040865384615384616
1 0.9447115384615384 0.23677884615384615 0.021634615384615384 0.052884615384615384
2 0.17668269230769232 0.25 0.014423076923076924 0.052884615384615384
2 0.7367788461538461 0.2692307692307692 0.016826923076923076 0.055288461538461536
2 0.6105769230769231 0.28966346153846156 0.016826923076923076 0.055288461538461536
2 0.6382211538461539 0.34134615384615385 0.021634615384615384 0.055288461538461536
2 0.4338942307692308 0.43028846153846156 0.021634615384615384 0.07451923076923077
2 0.13822115384615385 0.3016826923076923 0.016826923076923076 0.052884615384615384
2 0.7860576923076923 0.5901442307692307 0.036057692307692304 0.07692307692307693
3 0.5072115384615384 0.3798076923076923 0.021634615384615384 0.06009615384615385
2 0.4050480769230769 0.34375 0.019230769230769232 0.057692307692307696
3 0.15264423076923078 0.9122596153846154 0.04567307692307692 0.10576923076923077
2 0.6069711538461539 0.5024038461538461 0.03125 0.07211538461538461
2 0.7043269230769231 0.4098557692307692 0.03125 0.06971153846153846
2 0.6490384615384616 0.5877403846153846 0.04567307692307692 0.07932692307692307
2 0.18509615384615385 0.4831730769230769 0.026442307692307692 0.07692307692307693
2 0.2247596153846154 0.5036057692307693 0.026442307692307692 0.07211538461538461
3 0.5168269230769231 0.09014423076923077 0.014423076923076924 0.036057692307692304
0 0.5276442307692307 0.28725961538461536 0.007211538461538462 0.01201923076923077
2 0.5012019230769231 0.26802884615384615 0.016826923076923076 0.04567307692307692