2 0.49278846153846156 0.28725961538461536 0.019230769230769232 0.057692307692307696
2 0.859375 0.24759615384615385 0.014423076923076924 0.055288461538461536
2 0.6105769230769231 0.16826923076923078 0.014423076923076924 0.04326923076923077
2 0.33052884615384615 0.26322115384615385 0.014423076923076924 0.052884615384615384
2 0.36538461538461536 0.45552884615384615 0.021634615384615384 0.06490384615384616
2 0.5024038461538461 0.2980769230769231 0.026442307692307692 0.04326923076923077
1 0.03485576923076923 0.34615384615384615 0.021634615384615384 0.055288461538461536
2 0.8245192307692307 0.22235576923076922 0.014423076923076924 0.055288461538461536
2 0.2536057692307692 0.3425480769230769 0.016826923076923076 0.057692307692307696
2 0.3870192307692308 0.34134615384615385 0.019230769230769232 0.057692307692307696
2 0.36778846153846156 0.39903846153846156 0.021634615384615384 0.057692307692307696
2 0.59375 0.453125 0.021634615384615384 0.07932692307692307
2 0.8725961538461539 0.2668269230769231 0.016826923076923076 0.055288461538461536
2 0.25961538461538464 0.6802884615384616 0.038461538461538464 0.08173076923076923
3 0.5084134615384616 0.41466346153846156 0.021634615384615384 0.0625
2 0.6057692307692307 0.3605769230769231 0.019230769230769232 0.06009615384615385
3 0.9675480769230769 0.8966346153846154 0.04807692307692308 0.11057692307692307
2 0.42908653846153844 0.5588942307692307 0.03365384615384615 0.07451923076923077
2 0.3112980769230769 0.48197115384615385 0.03365384615384615 0.07211538461538461
2 0.4014423076923077 0.6538461538461539 0.04807692307692308 0.08173076923076923
2 0.8569711538461539 0.46274038461538464 0.026442307692307692 0.08173076923076923
2 0.8209134615384616 0.49038461538461536 0.026442307692307692 0.07451923076923077
3 0.44711538461538464 0.1201923076923077 0.014423076923076924 0.038461538461538464
0 0.4723557692307692 0.3233173076923077 0.007211538461538462 0.014423076923076924
2 0.49399038461538464 0.29927884615384615 0.016826923076923076 0.04807692307692308