3 0.3641826923076923 0.5444711538461539 0.019230769230769232 0.04326923076923077
2 0.2932692307692308 0.41466346153846156 0.016826923076923076 0.038461538461538464
2 0.6742788461538461 0.46153846153846156 0.014423076923076924 0.036057692307692304
2 0.3473557692307692 0.5805288461538461 0.021634615384615384 0.055288461538461536
2 0.4050480769230769 0.3798076923076923 0.01201923076923077 0.03365384615384615
1 0.13822115384615385 0.4230769230769231 0.019230769230769232 0.04326923076923077
2 0.28365384615384615 0.42908653846153844 0.019230769230769232 0.04326923076923077
2 0.27884615384615385 0.6129807692307693 0.03125 0.057692307692307696
2 0.15865384615384615 0.43990384615384615 0.016826923076923076 0.04326923076923077
2 0.6995192307692307 0.5228365384615384 0.019230769230769232 0.04567307692307692
2 0.4362980769230769 0.49158653846153844 0.019230769230769232 0.04567307692307692
2 0.054086538461538464 0.5084134615384616 0.021634615384615384 0.055288461538461536
2 0.6286057692307693 0.453125 0.016826923076923076 0.038461538461538464
2 0.4050480769230769 0.44471153846153844 0.019230769230769232 0.04326923076923077
2 0.5012019230769231 0.5192307692307693 0.019230769230769232 0.04326923076923077
2 0.3713942307692308 0.5685096153846154 0.028846153846153848 0.055288461538461536
2 0.13341346153846154 0.6790865384615384 0.028846153846153848 0.06971153846153846
2 0.6634615384615384 0.6394230769230769 0.02403846153846154 0.055288461538461536
2 0.30288461538461536 0.5108173076923077 0.019230769230769232 0.04807692307692308
2 0.2091346153846154 0.5721153846153846 0.02403846153846154 0.055288461538461536
3 0.6394230769230769 0.9819711538461539 0.038461538461538464 0.036057692307692304
2 0.4387019230769231 0.5853365384615384 0.02403846153846154 0.057692307692307696
2 0.41586538461538464 0.7139423076923077 0.03365384615384615 0.0673076923076923
0 0.14543269230769232 0.4375 0.007211538461538462 0.009615384615384616
3 0.35216346153846156 0.3233173076923077 0.01201923076923077 0.03125