3 0.37740384615384615 0.5901442307692307 0.01201923076923077 0.04326923076923077
2 0.27524038461538464 0.484375 0.009615384615384616 0.038461538461538464
2 0.6502403846153846 0.43149038461538464 0.009615384615384616 0.036057692307692304
2 0.3701923076923077 0.6298076923076923 0.01201923076923077 0.055288461538461536
2 0.375 0.4230769230769231 0.007211538461538462 0.03125
1 0.12980769230769232 0.53125 0.01201923076923077 0.040865384615384616
2 0.2704326923076923 0.5012019230769231 0.01201923076923077 0.04326923076923077
2 0.31490384615384615 0.6778846153846154 0.02403846153846154 0.055288461538461536
2 0.15264423076923078 0.5432692307692307 0.009615384615384616 0.04326923076923077
2 0.6923076923076923 0.484375 0.01201923076923077 0.04567307692307692
2 0.4326923076923077 0.5216346153846154 0.01201923076923077 0.04567307692307692
2 0.07091346153846154 0.6358173076923077 0.01201923076923077 0.055288461538461536
2 0.6057692307692307 0.4362980769230769 0.01201923076923077 0.036057692307692304
2 0.3894230769230769 0.484375 0.01201923076923077 0.04326923076923077
2 0.5 0.5324519230769231 0.01201923076923077 0.04326923076923077
2 0.3894230769230769 0.6117788461538461 0.019230769230769232 0.052884615384615384
2 0.19110576923076922 0.7776442307692307 0.016826923076923076 0.0673076923076923
2 0.6875 0.6045673076923077 0.014423076923076924 0.055288461538461536
2 0.3088942307692308 0.5733173076923077 0.01201923076923077 0.04567307692307692
2 0.23557692307692307 0.65625 0.016826923076923076 0.052884615384615384
3 0.7560096153846154 0.953125 0.026442307692307692 0.0673076923076923
2 0.45913461538461536 0.6105769230769231 0.014423076923076924 0.055288461538461536
2 0.4699519230769231 0.7403846153846154 0.02403846153846154 0.06490384615384616
0 0.140625 0.5444711538461539 0.004807692307692308 0.009615384615384616
3 0.3088942307692308 0.38221153846153844 0.007211538461538462 0.03125