2 0.3545673076923077 0.29086538461538464 0.009615384615384616 0.028846153846153848
1 0.8713942307692307 0.41947115384615385 0.016826923076923076 0.04326923076923077
2 0.6418269230769231 0.3557692307692308 0.009615384615384616 0.038461538461538464
2 0.2920673076923077 0.42788461538461536 0.009615384615384616 0.04326923076923077
2 0.2512019230769231 0.35697115384615385 0.007211538461538462 0.038461538461538464
2 0.25841346153846156 0.41466346153846156 0.009615384615384616 0.04326923076923077
2 0.9038461538461539 0.6045673076923077 0.02403846153846154 0.055288461538461536
2 0.6754807692307693 0.7427884615384616 0.014423076923076924 0.0673076923076923
2 0.5829326923076923 0.3581730769230769 0.009615384615384616 0.036057692307692304
3 0.38822115384615385 0.46033653846153844 0.009615384615384616 0.05048076923076923
2 0.7199519230769231 0.47836538461538464 0.014423076923076924 0.05048076923076923
2 0.8245192307692307 0.6177884615384616 0.019230769230769232 0.05048076923076923
2 0.7704326923076923 0.4807692307692308 0.009615384615384616 0.04807692307692308
2 0.5084134615384616 0.39663461538461536 0.009615384615384616 0.040865384615384616
2 0.34375 0.42427884615384615 0.014423076923076924 0.040865384615384616
2 0.6105769230769231 0.5120192307692307 0.021634615384615384 0.04807692307692308
2 0.24519230769230768 0.4495192307692308 0.014423076923076924 0.05048076923076923
2 0.33533653846153844 0.6346153846153846 0.014423076923076924 0.0673076923076923
2 0.2668269230769231 0.640625 0.016826923076923076 0.0673076923076923
2 0.390625 0.5709134615384616 0.014423076923076924 0.06009615384615385
2 0.5889423076923077 0.5120192307692307 0.016826923076923076 0.05048076923076923
2 0.6514423076923077 0.7151442307692307 0.021634615384615384 0.0673076923076923
3 0.18990384615384615 0.8557692307692307 0.026442307692307692 0.08173076923076923
3 0.5697115384615384 0.25961538461538464 0.009615384615384616 0.026442307692307692
0 0.9182692307692307 0.6213942307692307 0.007211538461538462 0.01201923076923077