3 0.3762019230769231 0.5697115384615384 0.009615384615384616 0.040865384615384616
2 0.28365384615384615 0.46153846153846156 0.008413461538461538 0.036057692307692304
2 0.6478365384615384 0.43028846153846156 0.007211538461538462 0.03365384615384615
2 0.36778846153846156 0.6069711538461539 0.009615384615384616 0.051682692307692304
2 0.38221153846153844 0.40865384615384615 0.006009615384615385 0.030048076923076924
1 0.140625 0.5 0.009615384615384616 0.039663461538461536
2 0.2776442307692308 0.47716346153846156 0.008413461538461538 0.040865384615384616
2 0.3112980769230769 0.6502403846153846 0.020432692307692308 0.051682692307692304
2 0.16346153846153846 0.5120192307692307 0.008413461538461538 0.040865384615384616
2 0.6838942307692307 0.4831730769230769 0.008413461538461538 0.04326923076923077
2 0.4326923076923077 0.5060096153846154 0.009615384615384616 0.042067307692307696
2 0.07932692307692307 0.5961538461538461 0.009615384615384616 0.052884615384615384
2 0.6045673076923077 0.4326923076923077 0.008413461538461538 0.03485576923076923
2 0.39302884615384615 0.4675480769230769 0.008413461538461538 0.040865384615384616
2 0.4987980769230769 0.5192307692307693 0.008413461538461538 0.040865384615384616
2 0.3870192307692308 0.5901442307692307 0.016826923076923076 0.05048076923076923
2 0.1875 0.7403846153846154 0.014423076923076924 0.06490384615384616
2 0.6730769230769231 0.5973557692307693 0.010817307692307692 0.051682692307692304
2 0.3112980769230769 0.5492788461538461 0.009615384615384616 0.04447115384615385
2 0.23677884615384615 0.625 0.013221153846153846 0.05048076923076923
3 0.7223557692307693 0.9459134615384616 0.02403846153846154 0.078125
2 0.453125 0.5925480769230769 0.01201923076923077 0.054086538461538464
2 0.45913461538461536 0.7175480769230769 0.020432692307692308 0.06129807692307692
0 0.1502403846153846 0.5132211538461539 0.004807692307692308 0.008413461538461538
3 0.31971153846153844 0.36538461538461536 0.006009615384615385 0.028846153846153848