2 0.6490384615384616 0.3076923076923077 0.007211538461538462 0.026442307692307692
1 0.14543269230769232 0.42427884615384615 0.014423076923076924 0.039663461538461536
2 0.36899038461538464 0.36658653846153844 0.008413461538461538 0.036057692307692304
2 0.7067307692307693 0.4423076923076923 0.008413461538461538 0.040865384615384616
2 0.7463942307692307 0.375 0.007211538461538462 0.037259615384615384
2 0.7379807692307693 0.43028846153846156 0.009615384615384616 0.040865384615384616
2 0.11057692307692307 0.6033653846153846 0.02283653846153846 0.052884615384615384
2 0.3293269230769231 0.7403846153846154 0.013221153846153846 0.06490384615384616
2 0.4254807692307692 0.3701923076923077 0.008413461538461538 0.03485576923076923
3 0.6129807692307693 0.4723557692307692 0.009615384615384616 0.046875
2 0.29086538461538464 0.484375 0.01201923076923077 0.04927884615384615
2 0.18629807692307693 0.6165865384615384 0.018028846153846152 0.04807692307692308
2 0.24278846153846154 0.484375 0.009615384615384616 0.046875
2 0.49759615384615385 0.40865384615384615 0.008413461538461538 0.039663461538461536
2 0.6574519230769231 0.4375 0.014423076923076924 0.039663461538461536
2 0.39663461538461536 0.5180288461538461 0.021634615384615384 0.04567307692307692
2 0.7524038461538461 0.4639423076923077 0.014423076923076924 0.046875
2 0.6610576923076923 0.6418269230769231 0.013221153846153846 0.06370192307692307
2 0.7283653846153846 0.6490384615384616 0.016826923076923076 0.06610576923076923
2 0.609375 0.5793269230769231 0.014423076923076924 0.057692307692307696
2 0.4182692307692308 0.5180288461538461 0.015625 0.04807692307692308
2 0.35336538461538464 0.7151442307692307 0.020432692307692308 0.06610576923076923
3 0.7992788461538461 0.8581730769230769 0.02403846153846154 0.078125
3 0.43990384615384615 0.27403846153846156 0.008413461538461538 0.025240384615384616
0 0.09615384615384616 0.6189903846153846 0.006009615384615385 0.009615384615384616