2 0.6201923076923077 0.19951923076923078 0.019230769230769232 0.040865384615384616
2 0.5769230769230769 0.30528846153846156 0.016826923076923076 0.04326923076923077
2 0.3425480769230769 0.22596153846153846 0.016826923076923076 0.05048076923076923
2 0.4987980769230769 0.29927884615384615 0.02403846153846154 0.05048076923076923
2 0.39663461538461536 0.3629807692307692 0.019230769230769232 0.057692307692307696
2 0.8028846153846154 0.2692307692307692 0.02403846153846154 0.04326923076923077
2 0.8473557692307693 0.46153846153846156 0.026442307692307692 0.07451923076923077
2 0.8197115384615384 0.30288461538461536 0.014423076923076924 0.055288461538461536
2 0.7572115384615384 0.24879807692307693 0.014423076923076924 0.04807692307692308
2 0.8317307692307693 0.47596153846153844 0.028846153846153848 0.06490384615384616
2 0.29086538461538464 0.3389423076923077 0.016826923076923076 0.06009615384615385
2 0.46634615384615385 0.25721153846153844 0.016826923076923076 0.05048076923076923
2 0.41225961538461536 0.640625 0.03125 0.07932692307692307
3 0.9314903846153846 0.9495192307692307 0.055288461538461536 0.10096153846153846
2 0.6009615384615384 0.3016826923076923 0.019230769230769232 0.05048076923076923
2 0.4206730769230769 0.3269230769230769 0.016826923076923076 0.057692307692307696
2 0.4651442307692308 0.38221153846153844 0.019230769230769232 0.057692307692307696
3 0.5120192307692307 0.3786057692307692 0.021634615384615384 0.0625
2 0.4879807692307692 0.46153846153846156 0.02403846153846154 0.06490384615384616
2 0.3701923076923077 0.4026442307692308 0.021634615384615384 0.06490384615384616
2 0.6153846153846154 0.5877403846153846 0.038461538461538464 0.07692307692307693
2 0.5829326923076923 0.27884615384615385 0.014423076923076924 0.04567307692307692
0 0.5961538461538461 0.30288461538461536 0.004807692307692308 0.009615384615384616
3 0.43509615384615385 0.13341346153846154 0.014423076923076924 0.03365384615384615