2 0.8064903846153846 0.2644230769230769 0.036057692307692304 0.06490384615384616
2 0.3088942307692308 0.140625 0.019230769230769232 0.040865384615384616
2 0.5973557692307693 0.15745192307692307 0.02403846153846154 0.055288461538461536
2 0.7776442307692307 0.3173076923076923 0.028846153846153848 0.0625
3 0.5228365384615384 0.3389423076923077 0.02403846153846154 0.0625
3 0.18269230769230768 0.9711538461538461 0.052884615384615384 0.057692307692307696
2 0.546875 0.17427884615384615 0.021634615384615384 0.04807692307692308
2 0.9819711538461539 0.48677884615384615 0.036057692307692304 0.08413461538461539
2 0.11298076923076923 0.3473557692307692 0.02403846153846154 0.06009615384615385
2 0.0733173076923077 0.41947115384615385 0.026442307692307692 0.06971153846153846
2 0.49278846153846156 0.23317307692307693 0.028846153846153848 0.055288461538461536
2 0.8173076923076923 0.19831730769230768 0.028846153846153848 0.057692307692307696
2 0.8125 0.30528846153846156 0.036057692307692304 0.0625
2 0.7920673076923077 0.3329326923076923 0.03125 0.06971153846153846
2 0.07211538461538461 0.3125 0.02403846153846154 0.055288461538461536
2 0.36538461538461536 0.3858173076923077 0.03125 0.0673076923076923
2 0.6610576923076923 0.5072115384615384 0.03125 0.07692307692307693
2 0.8882211538461539 0.484375 0.04567307692307692 0.07932692307692307
2 0.23798076923076922 0.5973557692307693 0.036057692307692304 0.09134615384615384
2 0.328125 0.36177884615384615 0.026442307692307692 0.0673076923076923
2 0.2956730769230769 0.5661057692307693 0.038461538461538464 0.08653846153846154
2 0.578125 0.484375 0.040865384615384616 0.07451923076923077
3 0.4483173076923077 0.06009615384615385 0.019230769230769232 0.036057692307692304
0 0.7788461538461539 0.28966346153846156 0.007211538461538462 0.009615384615384616