2 0.5769230769230769 0.18389423076923078 0.015625 0.037259615384615384
2 0.5444711538461539 0.28846153846153844 0.01201923076923077 0.042067307692307696
2 0.3161057692307692 0.23197115384615385 0.01201923076923077 0.046875
2 0.46875 0.28966346153846156 0.020432692307692308 0.046875
2 0.37740384615384615 0.3581730769230769 0.014423076923076924 0.055288461538461536
2 0.7560096153846154 0.23557692307692307 0.020432692307692308 0.039663461538461536
2 0.8137019230769231 0.41466346153846156 0.020432692307692308 0.06971153846153846
2 0.7752403846153846 0.265625 0.010817307692307692 0.052884615384615384
2 0.7115384615384616 0.21995192307692307 0.009615384615384616 0.04567307692307692
2 0.7992788461538461 0.43028846153846156 0.021634615384615384 0.06129807692307692
2 0.27524038461538464 0.34375 0.010817307692307692 0.056490384615384616
2 0.43509615384615385 0.2512019230769231 0.010817307692307692 0.046875
2 0.41466346153846156 0.6201923076923077 0.02403846153846154 0.07451923076923077
3 0.9350961538461539 0.875 0.04326923076923077 0.10096153846153846
2 0.5661057692307693 0.2824519230769231 0.015625 0.046875
2 0.39783653846153844 0.32211538461538464 0.010817307692307692 0.054086538461538464
2 0.44591346153846156 0.3713942307692308 0.013221153846153846 0.054086538461538464
3 0.4879807692307692 0.3629807692307692 0.015625 0.057692307692307696
2 0.4723557692307692 0.44350961538461536 0.016826923076923076 0.06129807692307692
2 0.3557692307692308 0.39783653846153844 0.015625 0.06009615384615385
2 0.6033653846153846 0.5540865384615384 0.030048076923076924 0.06971153846153846
2 0.5480769230769231 0.26322115384615385 0.010817307692307692 0.04326923076923077
0 0.5625 0.2848557692307692 0.004807692307692308 0.008413461538461538
3 0.39663461538461536 0.13701923076923078 0.009615384615384616 0.03125