2 0.23557692307692307 0.3125 0.03365384615384615 0.057692307692307696
2 0.6959134615384616 0.18990384615384615 0.016826923076923076 0.038461538461538464
1 0.10096153846153846 0.21875 0.021634615384615384 0.05048076923076923
2 0.42908653846153844 0.21033653846153846 0.021634615384615384 0.05048076923076923
2 0.26322115384615385 0.3605769230769231 0.026442307692307692 0.057692307692307696
3 0.4987980769230769 0.37740384615384615 0.021634615384615384 0.06009615384615385
3 0.8269230769230769 0.9651442307692307 0.04807692307692308 0.06971153846153846
2 0.47475961538461536 0.22596153846153846 0.019230769230769232 0.04567307692307692
2 0.0733173076923077 0.5228365384615384 0.03365384615384615 0.07692307692307693
2 0.8810096153846154 0.3786057692307692 0.021634615384615384 0.055288461538461536
2 0.9194711538461539 0.44471153846153844 0.021634615384615384 0.06490384615384616
2 0.5276442307692307 0.27884615384615385 0.026442307692307692 0.05048076923076923
2 0.22355769230769232 0.25240384615384615 0.026442307692307692 0.052884615384615384
2 0.23076923076923078 0.35096153846153844 0.03125 0.057692307692307696
2 0.25 0.3762019230769231 0.026442307692307692 0.06490384615384616
2 0.9194711538461539 0.34615384615384615 0.021634615384615384 0.05048076923076923
2 0.6478365384615384 0.4182692307692308 0.028846153846153848 0.0625
2 0.3737980769230769 0.5360576923076923 0.028846153846153848 0.07211538461538461
2 0.1622596153846154 0.5180288461538461 0.040865384615384616 0.07211538461538461
2 0.7704326923076923 0.6129807692307693 0.03125 0.08413461538461539
2 0.6814903846153846 0.3954326923076923 0.02403846153846154 0.0625
2 0.7139423076923077 0.5853365384615384 0.03365384615384615 0.07932692307692307
2 0.45072115384615385 0.5132211538461539 0.036057692307692304 0.0673076923076923
3 0.5649038461538461 0.11658653846153846 0.016826923076923076 0.03365384615384615
0 0.26322115384615385 0.33653846153846156 0.007211538461538462 0.009615384615384616