2 0.6550480769230769 0.3076923076923077 0.009615384615384616 0.028846153846153848
1 0.140625 0.40865384615384615 0.016826923076923076 0.040865384615384616
2 0.36899038461538464 0.35697115384615385 0.009615384615384616 0.036057692307692304
2 0.7079326923076923 0.44591346153846156 0.009615384615384616 0.040865384615384616
2 0.7512019230769231 0.3786057692307692 0.009615384615384616 0.038461538461538464
2 0.7403846153846154 0.43509615384615385 0.01201923076923077 0.040865384615384616
2 0.09975961538461539 0.5865384615384616 0.02403846153846154 0.052884615384615384
2 0.3161057692307692 0.7331730769230769 0.014423076923076924 0.0673076923076923
2 0.4266826923076923 0.3629807692307692 0.01201923076923077 0.036057692307692304
3 0.6117788461538461 0.4735576923076923 0.01201923076923077 0.04807692307692308
2 0.2860576923076923 0.4735576923076923 0.014423076923076924 0.05048076923076923
2 0.17668269230769232 0.6045673076923077 0.019230769230769232 0.04807692307692308
2 0.23677884615384615 0.4723557692307692 0.01201923076923077 0.04807692307692308
2 0.49759615384615385 0.4050480769230769 0.009615384615384616 0.040865384615384616
2 0.6574519230769231 0.43990384615384615 0.016826923076923076 0.040865384615384616
2 0.3918269230769231 0.5108173076923077 0.02403846153846154 0.04567307692307692
2 0.7536057692307693 0.46875 0.016826923076923076 0.04807692307692308
2 0.6550480769230769 0.6454326923076923 0.016826923076923076 0.06490384615384616
2 0.7223557692307693 0.6550480769230769 0.019230769230769232 0.0673076923076923
2 0.6057692307692307 0.5817307692307693 0.016826923076923076 0.06009615384615385
2 0.41346153846153844 0.5120192307692307 0.016826923076923076 0.04807692307692308
2 0.34134615384615385 0.7079326923076923 0.021634615384615384 0.0673076923076923
3 0.7860576923076923 0.8701923076923077 0.028846153846153848 0.07932692307692307
3 0.44471153846153844 0.2668269230769231 0.009615384615384616 0.026442307692307692
0 0.08533653846153846 0.6033653846153846 0.007211538461538462 0.01201923076923077