3 0.3125 0.3016826923076923 0.009615384615384616 0.026442307692307692
0 0.9122596153846154 0.8004807692307693 0.01201923076923077 0.016826923076923076
2 0.5612980769230769 0.3713942307692308 0.009615384615384616 0.03365384615384615
2 0.39663461538461536 0.40024038461538464 0.01201923076923077 0.038461538461538464
2 0.515625 0.3701923076923077 0.009615384615384616 0.03125
2 0.8713942307692307 0.8185096153846154 0.02403846153846154 0.05048076923076923
2 0.48197115384615385 0.4855769230769231 0.016826923076923076 0.04567307692307692
2 0.5192307692307693 0.4807692307692308 0.016826923076923076 0.04326923076923077
2 0.15865384615384615 0.6526442307692307 0.021634615384615384 0.057692307692307696
2 0.7247596153846154 0.47716346153846156 0.019230769230769232 0.04326923076923077
2 0.3918269230769231 0.8088942307692307 0.019230769230769232 0.06490384615384616
3 0.5036057692307693 0.5288461538461539 0.016826923076923076 0.04807692307692308
2 0.4182692307692308 0.3557692307692308 0.009615384615384616 0.038461538461538464
2 0.296875 0.4014423076923077 0.014423076923076924 0.038461538461538464
3 0.9026442307692307 0.8653846153846154 0.038461538461538464 0.07692307692307693
2 0.703125 0.5444711538461539 0.016826923076923076 0.04567307692307692
2 0.6670673076923077 0.4375 0.016826923076923076 0.04326923076923077
2 0.2608173076923077 0.47716346153846156 0.016826923076923076 0.04807692307692308
2 0.23076923076923078 0.7319711538461539 0.016826923076923076 0.0625
2 0.28846153846153844 0.6009615384615384 0.021634615384615384 0.055288461538461536
2 0.8509615384615384 0.8088942307692307 0.028846153846153848 0.07932692307692307
2 0.15625 0.6069711538461539 0.019230769230769232 0.06009615384615385
2 0.7992788461538461 0.6141826923076923 0.019230769230769232 0.052884615384615384
2 0.4230769230769231 0.6153846153846154 0.026442307692307692 0.057692307692307696