1 0.17427884615384615 0.3762019230769231 0.019230769230769232 0.040865384615384616
2 0.07451923076923077 0.42427884615384615 0.02403846153846154 0.04326923076923077
2 0.43028846153846156 0.3545673076923077 0.014423076923076924 0.03365384615384615
2 0.7067307692307693 0.36658653846153844 0.01201923076923077 0.026442307692307692
2 0.46274038461538464 0.36538461538461536 0.016826923076923076 0.036057692307692304
2 0.7740384615384616 0.4951923076923077 0.016826923076923076 0.038461538461538464
2 0.33774038461538464 0.45913461538461536 0.019230769230769232 0.04807692307692308
2 0.7860576923076923 0.453125 0.016826923076923076 0.036057692307692304
2 0.2668269230769231 0.4074519230769231 0.019230769230769232 0.040865384615384616
2 0.15865384615384615 0.42788461538461536 0.016826923076923076 0.036057692307692304
2 0.7283653846153846 0.5228365384615384 0.019230769230769232 0.036057692307692304
2 0.5336538461538461 0.43990384615384615 0.019230769230769232 0.040865384615384616
2 0.375 0.4831730769230769 0.021634615384615384 0.04807692307692308
2 0.44471153846153844 0.5036057692307693 0.021634615384615384 0.04567307692307692
2 0.6887019230769231 0.6911057692307693 0.026442307692307692 0.06009615384615385
2 0.7788461538461539 0.5372596153846154 0.02403846153846154 0.04326923076923077
2 0.5949519230769231 0.46033653846153844 0.021634615384615384 0.040865384615384616
2 0.3605769230769231 0.6466346153846154 0.02403846153846154 0.0625
2 0.3317307692307692 0.6574519230769231 0.028846153846153848 0.06490384615384616
2 0.6322115384615384 0.6201923076923077 0.021634615384615384 0.055288461538461536
3 0.7127403846153846 0.9098557692307693 0.036057692307692304 0.07692307692307693
3 0.5600961538461539 0.5 0.02403846153846154 0.04807692307692308
2 0.734375 0.7007211538461539 0.02403846153846154 0.057692307692307696
3 0.48197115384615385 0.26802884615384615 0.014423076923076924 0.028846153846153848