3 0.39302884615384615 0.5949519230769231 0.016826923076923076 0.04326923076923077
2 0.2800480769230769 0.4987980769230769 0.014423076923076924 0.038461538461538464
2 0.6538461538461539 0.40625 0.01201923076923077 0.036057692307692304
2 0.390625 0.6358173076923077 0.019230769230769232 0.055288461538461536
2 0.37259615384615385 0.4266826923076923 0.01201923076923077 0.03365384615384615
1 0.13701923076923078 0.5625 0.016826923076923076 0.04326923076923077
2 0.2764423076923077 0.515625 0.016826923076923076 0.04326923076923077
2 0.3389423076923077 0.6899038461538461 0.028846153846153848 0.057692307692307696
2 0.16346153846153846 0.5709134615384616 0.014423076923076924 0.04326923076923077
2 0.6995192307692307 0.4543269230769231 0.016826923076923076 0.04567307692307692
2 0.4423076923076923 0.5192307692307693 0.016826923076923076 0.04567307692307692
2 0.0889423076923077 0.671875 0.019230769230769232 0.055288461538461536
2 0.609375 0.41466346153846156 0.014423076923076924 0.038461538461538464
2 0.3954326923076923 0.4855769230769231 0.016826923076923076 0.04326923076923077
2 0.5120192307692307 0.5240384615384616 0.016826923076923076 0.04326923076923077
2 0.40865384615384615 0.6153846153846154 0.026442307692307692 0.055288461538461536
2 0.22596153846153846 0.8040865384615384 0.02403846153846154 0.06971153846153846
2 0.7079326923076923 0.5757211538461539 0.021634615384615384 0.055288461538461536
2 0.32211538461538464 0.5853365384615384 0.016826923076923076 0.04807692307692308
2 0.25721153846153844 0.6754807692307693 0.021634615384615384 0.055288461538461536
3 0.8149038461538461 0.921875 0.036057692307692304 0.06971153846153846
2 0.47836538461538464 0.6057692307692307 0.021634615384615384 0.057692307692307696
2 0.5048076923076923 0.7355769230769231 0.03125 0.0673076923076923
0 0.1502403846153846 0.5733173076923077 0.007211538461538462 0.009615384615384616
3 0.3016826923076923 0.3918269230769231 0.009615384615384616 0.03125