1 0.0985576923076923 0.4567307692307692 0.009615384615384616 0.04326923076923077
2 0.007211538461538462 0.5300480769230769 0.014423076923076924 0.04326923076923077
2 0.36177884615384615 0.3713942307692308 0.009615384615384616 0.036057692307692304
2 0.6538461538461539 0.3173076923076923 0.007211538461538462 0.028846153846153848
2 0.39903846153846156 0.375 0.009615384615384616 0.038461538461538464
2 0.7548076923076923 0.43509615384615385 0.009615384615384616 0.038461538461538464
2 0.29086538461538464 0.5024038461538461 0.009615384615384616 0.05048076923076923
2 0.7572115384615384 0.38822115384615385 0.009615384615384616 0.038461538461538464
2 0.20432692307692307 0.4675480769230769 0.009615384615384616 0.04326923076923077
2 0.09615384615384616 0.5132211538461539 0.009615384615384616 0.038461538461538464
2 0.7139423076923077 0.47596153846153844 0.01201923076923077 0.038461538461538464
2 0.4891826923076923 0.4362980769230769 0.009615384615384616 0.04326923076923077
2 0.33533653846153844 0.5204326923076923 0.01201923076923077 0.05048076923076923
2 0.41225961538461536 0.5228365384615384 0.014423076923076924 0.04807692307692308
2 0.7127403846153846 0.6610576923076923 0.014423076923076924 0.0625
2 0.7692307692307693 0.47836538461538464 0.016826923076923076 0.04326923076923077
2 0.5600961538461539 0.4423076923076923 0.014423076923076924 0.040865384615384616
2 0.359375 0.6935096153846154 0.01201923076923077 0.0673076923076923
2 0.3317307692307692 0.7115384615384616 0.014423076923076924 0.0673076923076923
2 0.6370192307692307 0.6009615384615384 0.009615384615384616 0.057692307692307696
3 0.7896634615384616 0.8834134615384616 0.019230769230769232 0.08173076923076923
3 0.5324519230769231 0.49158653846153844 0.014423076923076924 0.05048076923076923
2 0.7632211538461539 0.6610576923076923 0.01201923076923077 0.0625
3 0.3954326923076923 0.26802884615384615 0.007211538461538462 0.028846153846153848