3 0.6502403846153846 0.2860576923076923 0.01201923076923077 0.026442307692307692
0 0.1201923076923077 0.8485576923076923 0.014423076923076924 0.016826923076923076
2 0.41466346153846156 0.38461538461538464 0.014423076923076924 0.03365384615384615
2 0.5805288461538461 0.3918269230769231 0.016826923076923076 0.036057692307692304
2 0.46033653846153844 0.3762019230769231 0.01201923076923077 0.03125
2 0.16346153846153846 0.8605769230769231 0.028846153846153848 0.05048076923076923
2 0.5084134615384616 0.4855769230769231 0.021634615384615384 0.04567307692307692
2 0.4699519230769231 0.4855769230769231 0.021634615384615384 0.04567307692307692
2 0.8449519230769231 0.6105769230769231 0.028846153846153848 0.057692307692307696
2 0.26802884615384615 0.5072115384615384 0.02403846153846154 0.04567307692307692
2 0.6358173076923077 0.7932692307692307 0.026442307692307692 0.06490384615384616
3 0.49038461538461536 0.53125 0.021634615384615384 0.04807692307692308
2 0.5540865384615384 0.34975961538461536 0.014423076923076924 0.036057692307692304
2 0.6790865384615384 0.38100961538461536 0.016826923076923076 0.038461538461538464
3 0.140625 0.9098557692307693 0.04567307692307692 0.07932692307692307
2 0.296875 0.5697115384615384 0.021634615384615384 0.04567307692307692
2 0.31971153846153844 0.46033653846153844 0.021634615384615384 0.04567307692307692
2 0.7247596153846154 0.4519230769230769 0.02403846153846154 0.04807692307692308
2 0.7836538461538461 0.6971153846153846 0.02403846153846154 0.0625
2 0.7103365384615384 0.5769230769230769 0.026442307692307692 0.055288461538461536
2 0.18269230769230768 0.8485576923076923 0.038461538461538464 0.07932692307692307
2 0.8425480769230769 0.5673076923076923 0.026442307692307692 0.0625
2 0.2091346153846154 0.6502403846153846 0.02403846153846154 0.055288461538461536
2 0.5793269230769231 0.6057692307692307 0.03125 0.057692307692307696