2 0.48677884615384615 0.2848557692307692 0.01201923076923077 0.052884615384615384
2 0.8197115384615384 0.27884615384615385 0.009615384615384616 0.04927884615384615
2 0.6021634615384616 0.1875 0.009615384615384616 0.038461538461538464
2 0.34375 0.25 0.009615384615384616 0.04807692307692308
2 0.359375 0.4266826923076923 0.013221153846153846 0.057692307692307696
2 0.4951923076923077 0.2956730769230769 0.02283653846153846 0.038461538461538464
1 0.06971153846153846 0.30288461538461536 0.015625 0.04927884615384615
2 0.7908653846153846 0.25240384615384615 0.009615384615384616 0.04927884615384615
2 0.2668269230769231 0.3161057692307692 0.010817307692307692 0.05048076923076923
2 0.3870192307692308 0.32572115384615385 0.013221153846153846 0.051682692307692304
2 0.36538461538461536 0.3762019230769231 0.016826923076923076 0.05048076923076923
2 0.5649038461538461 0.4423076923076923 0.013221153846153846 0.06971153846153846
2 0.8305288461538461 0.296875 0.01201923076923077 0.04927884615384615
2 0.24519230769230768 0.6213942307692307 0.028846153846153848 0.07091346153846154
3 0.49038461538461536 0.4014423076923077 0.015625 0.055288461538461536
2 0.5829326923076923 0.359375 0.01201923076923077 0.055288461538461536
3 0.8665865384615384 0.8713942307692307 0.036057692307692304 0.09615384615384616
2 0.4074519230769231 0.5252403846153846 0.02403846153846154 0.06610576923076923
2 0.3088942307692308 0.44591346153846156 0.02403846153846154 0.0625
2 0.375 0.6081730769230769 0.037259615384615384 0.07211538461538461
2 0.8016826923076923 0.47115384615384615 0.018028846153846152 0.07091346153846154
2 0.7668269230769231 0.49399038461538464 0.019230769230769232 0.0673076923076923
3 0.45913461538461536 0.12980769230769232 0.009615384615384616 0.03365384615384615
0 0.4651442307692308 0.3173076923076923 0.006009615384615385 0.01201923076923077
2 0.48677884615384615 0.2956730769230769 0.010817307692307692 0.04326923076923077