2 0.5300480769230769 0.1622596153846154 0.021634615384615384 0.040865384615384616
2 0.5144230769230769 0.27283653846153844 0.019230769230769232 0.04567307692307692
2 0.27163461538461536 0.25240384615384615 0.019230769230769232 0.05048076923076923
2 0.4375 0.28725961538461536 0.028846153846153848 0.05048076923076923
2 0.3545673076923077 0.37259615384615385 0.02403846153846154 0.06009615384615385
2 0.7199519230769231 0.18509615384615385 0.028846153846153848 0.04326923076923077
2 0.8088942307692307 0.3581730769230769 0.03125 0.07451923076923077
2 0.7451923076923077 0.2127403846153846 0.019230769230769232 0.055288461538461536
2 0.6730769230769231 0.17548076923076922 0.016826923076923076 0.04807692307692308
2 0.796875 0.3762019230769231 0.03125 0.06490384615384616
2 0.24879807692307693 0.37259615384615385 0.021634615384615384 0.06009615384615385
2 0.39663461538461536 0.2536057692307692 0.019230769230769232 0.05048076923076923
2 0.4362980769230769 0.6334134615384616 0.036057692307692304 0.07932692307692307
3 0.9879807692307693 0.8076923076923077 0.02403846153846154 0.11057692307692307
2 0.5360576923076923 0.2644230769230769 0.02403846153846154 0.05048076923076923
2 0.3701923076923077 0.3317307692307692 0.019230769230769232 0.055288461538461536
2 0.4266826923076923 0.3737980769230769 0.021634615384615384 0.057692307692307696
3 0.46875 0.359375 0.026442307692307692 0.0625
2 0.4651442307692308 0.44350961538461536 0.026442307692307692 0.06490384615384616
2 0.3389423076923077 0.41586538461538464 0.02403846153846154 0.06490384615384616
2 0.6177884615384616 0.5336538461538461 0.040865384615384616 0.07692307692307693
2 0.5132211538461539 0.24759615384615385 0.016826923076923076 0.04567307692307692
0 0.53125 0.2668269230769231 0.007211538461538462 0.009615384615384616
3 0.3389423076923077 0.14182692307692307 0.014423076923076924 0.03365384615384615