2 0.7235576923076923 0.5288461538461539 0.016826923076923076 0.04326923076923077
2 0.5216346153846154 0.39663461538461536 0.014423076923076924 0.03125
1 0.18028846153846154 0.4098557692307692 0.019230769230769232 0.04807692307692308
2 0.6923076923076923 0.46634615384615385 0.01201923076923077 0.03125
2 0.6033653846153846 0.5096153846153846 0.016826923076923076 0.04326923076923077
2 0.24759615384615385 0.6021634615384616 0.02403846153846154 0.055288461538461536
2 0.7512019230769231 0.5985576923076923 0.019230769230769232 0.04567307692307692
2 0.44350961538461536 0.48197115384615385 0.014423076923076924 0.038461538461538464
2 0.4807692307692308 0.5925480769230769 0.019230769230769232 0.052884615384615384
2 0.5961538461538461 0.5673076923076923 0.019230769230769232 0.04567307692307692
2 0.5180288461538461 0.6634615384615384 0.02403846153846154 0.055288461538461536
2 0.7548076923076923 0.7103365384615384 0.019230769230769232 0.057692307692307696
3 0.5661057692307693 0.5721153846153846 0.019230769230769232 0.04567307692307692
2 0.6983173076923077 0.5120192307692307 0.016826923076923076 0.040865384615384616
3 0.003605769230769231 0.7524038461538461 0.007211538461538462 0.07211538461538461
2 0.7247596153846154 0.5985576923076923 0.019230769230769232 0.05048076923076923
2 0.4855769230769231 0.4879807692307692 0.021634615384615384 0.038461538461538464
2 0.22115384615384615 0.515625 0.019230769230769232 0.04807692307692308
2 0.3798076923076923 0.6923076923076923 0.03125 0.0673076923076923
2 0.6887019230769231 0.6298076923076923 0.021634615384615384 0.052884615384615384
2 0.6959134615384616 0.7956730769230769 0.03125 0.06490384615384616
2 0.8485576923076923 0.8798076923076923 0.03125 0.0673076923076923
2 0.5084134615384616 0.8918269230769231 0.03365384615384615 0.07451923076923077
0 0.25 0.6177884615384616 0.007211538461538462 0.009615384615384616
3 0.7019230769230769 0.40024038461538464 0.014423076923076924 0.028846153846153848