2 0.6514423076923077 0.41947115384615385 0.016826923076923076 0.040865384615384616
2 0.27283653846153844 0.3918269230769231 0.016826923076923076 0.040865384615384616
1 0.8269230769230769 0.4362980769230769 0.014423076923076924 0.036057692307692304
2 0.3293269230769231 0.31850961538461536 0.014423076923076924 0.036057692307692304
2 0.21514423076923078 0.3942307692307692 0.016826923076923076 0.04567307692307692
2 0.8052884615384616 0.44350961538461536 0.016826923076923076 0.038461538461538464
2 0.21754807692307693 0.4326923076923077 0.019230769230769232 0.05048076923076923
2 0.4855769230769231 0.4254807692307692 0.014423076923076924 0.036057692307692304
2 0.3798076923076923 0.37259615384615385 0.01201923076923077 0.036057692307692304
2 0.6430288461538461 0.4182692307692308 0.014423076923076924 0.040865384615384616
2 0.45552884615384615 0.49759615384615385 0.019230769230769232 0.04807692307692308
2 0.6730769230769231 0.5120192307692307 0.016826923076923076 0.05048076923076923
2 0.46033653846153844 0.8016826923076923 0.026442307692307692 0.07932692307692307
3 0.484375 0.45913461538461536 0.019230769230769232 0.04807692307692308
2 0.34375 0.4891826923076923 0.019230769230769232 0.05048076923076923
2 0.25961538461538464 0.34975961538461536 0.019230769230769232 0.040865384615384616
2 0.453125 0.42427884615384615 0.019230769230769232 0.04326923076923077
2 0.8269230769230769 0.6658653846153846 0.02403846153846154 0.06490384615384616
2 0.18389423076923078 0.48677884615384615 0.02403846153846154 0.06009615384615385
2 0.7608173076923077 0.6706730769230769 0.021634615384615384 0.0625
2 0.21153846153846154 0.6165865384615384 0.02403846153846154 0.0673076923076923
2 0.2764423076923077 0.671875 0.028846153846153848 0.07211538461538461
0 0.7451923076923077 0.3701923076923077 0.009615384615384616 0.014423076923076924
3 0.2247596153846154 0.29086538461538464 0.014423076923076924 0.036057692307692304