2 0.30408653846153844 0.5384615384615384 0.009615384615384616 0.040865384615384616
2 0.5084134615384616 0.4411057692307692 0.009615384615384616 0.028846153846153848
1 0.8245192307692307 0.49759615384615385 0.01201923076923077 0.04326923076923077
2 0.34134615384615385 0.4831730769230769 0.007211538461538462 0.028846153846153848
2 0.4182692307692308 0.5348557692307693 0.009615384615384616 0.040865384615384616
2 0.7391826923076923 0.6694711538461539 0.016826923076923076 0.05048076923076923
2 0.2704326923076923 0.5985576923076923 0.01201923076923077 0.04326923076923077
2 0.5721153846153846 0.5300480769230769 0.009615384615384616 0.038461538461538464
2 0.5228365384615384 0.6286057692307693 0.01201923076923077 0.05048076923076923
2 0.4182692307692308 0.5913461538461539 0.01201923076923077 0.04326923076923077
2 0.47716346153846156 0.6899038461538461 0.014423076923076924 0.05048076923076923
2 0.25240384615384615 0.7019230769230769 0.01201923076923077 0.052884615384615384
3 0.44591346153846156 0.5973557692307693 0.01201923076923077 0.04326923076923077
2 0.3293269230769231 0.5240384615384616 0.009615384615384616 0.038461538461538464
3 0.9555288461538461 0.8425480769230769 0.021634615384615384 0.06490384615384616
2 0.2932692307692308 0.6021634615384616 0.01201923076923077 0.04807692307692308
2 0.53125 0.53125 0.016826923076923076 0.03365384615384615
2 0.7740384615384616 0.5913461538461539 0.01201923076923077 0.04567307692307692
2 0.6033653846153846 0.7355769230769231 0.021634615384615384 0.06009615384615385
2 0.3245192307692308 0.6358173076923077 0.014423076923076924 0.04807692307692308
2 0.2956730769230769 0.7884615384615384 0.021634615384615384 0.057692307692307696
2 0.14182692307692307 0.8473557692307693 0.021634615384615384 0.06009615384615385
2 0.4579326923076923 0.9038461538461539 0.021634615384615384 0.06971153846153846
0 0.7331730769230769 0.6826923076923077 0.004807692307692308 0.009615384615384616
3 0.34134615384615385 0.4206730769230769 0.009615384615384616 0.028846153846153848