2 0.46033653846153844 0.26322115384615385 0.02403846153846154 0.057692307692307696
2 0.1141826923076923 0.3233173076923077 0.021634615384615384 0.052884615384615384
2 0.32091346153846156 0.18509615384615385 0.019230769230769232 0.040865384615384616
2 0.6009615384615384 0.1971153846153846 0.019230769230769232 0.05048076923076923
2 0.6201923076923077 0.38341346153846156 0.026442307692307692 0.0625
2 0.453125 0.27524038461538464 0.03125 0.04326923076923077
1 0.8954326923076923 0.1971153846153846 0.026442307692307692 0.052884615384615384
2 0.13822115384615385 0.28966346153846156 0.021634615384615384 0.052884615384615384
2 0.6935096153846154 0.25 0.021634615384615384 0.055288461538461536
2 0.5721153846153846 0.28365384615384615 0.02403846153846154 0.057692307692307696
2 0.6045673076923077 0.3317307692307692 0.028846153846153848 0.055288461538461536
2 0.4110576923076923 0.4411057692307692 0.028846153846153848 0.07692307692307693
2 0.10576923076923077 0.3449519230769231 0.02403846153846154 0.052884615384615384
2 0.7764423076923077 0.5612980769230769 0.04326923076923077 0.07932692307692307
3 0.47836538461538464 0.38461538461538464 0.028846153846153848 0.06009615384615385
2 0.375 0.359375 0.02403846153846154 0.06009615384615385
3 0.18389423076923078 0.9459134615384616 0.055288461538461536 0.10817307692307693
2 0.5901442307692307 0.4951923076923077 0.038461538461538464 0.07211538461538461
2 0.6766826923076923 0.39302884615384615 0.038461538461538464 0.06971153846153846
2 0.640625 0.5745192307692307 0.052884615384615384 0.08173076923076923
2 0.17067307692307693 0.5204326923076923 0.03365384615384615 0.07692307692307693
2 0.21153846153846154 0.5348557692307693 0.03125 0.07211538461538461
3 0.4579326923076923 0.09615384615384616 0.016826923076923076 0.038461538461538464
0 0.4891826923076923 0.2920673076923077 0.007211538461538462 0.01201923076923077
2 0.46033653846153844 0.27403846153846156 0.021634615384615384 0.04807692307692308