2 0.21995192307692307 0.35697115384615385 0.02403846153846154 0.057692307692307696
2 0.6574519230769231 0.14423076923076922 0.009615384615384616 0.040865384615384616
1 0.0673076923076923 0.28966346153846156 0.01201923076923077 0.05048076923076923
2 0.39302884615384615 0.21634615384615385 0.01201923076923077 0.05048076923076923
2 0.25600961538461536 0.40024038461538464 0.016826923076923076 0.057692307692307696
3 0.4963942307692308 0.3701923076923077 0.01201923076923077 0.06009615384615385
3 0.9435096153846154 0.9170673076923077 0.028846153846153848 0.11057692307692307
2 0.4423076923076923 0.22235576923076922 0.01201923076923077 0.04567307692307692
2 0.09975961538461539 0.5985576923076923 0.021634615384615384 0.07692307692307693
2 0.8798076923076923 0.2956730769230769 0.01201923076923077 0.057692307692307696
2 0.9314903846153846 0.3557692307692308 0.01201923076923077 0.06490384615384616
2 0.5048076923076923 0.265625 0.016826923076923076 0.05048076923076923
2 0.19591346153846154 0.2980769230769231 0.016826923076923076 0.052884615384615384
2 0.22235576923076922 0.39663461538461536 0.021634615384615384 0.055288461538461536
2 0.24639423076923078 0.4170673076923077 0.016826923076923076 0.06490384615384616
2 0.9122596153846154 0.25600961538461536 0.01201923076923077 0.05048076923076923
2 0.6538461538461539 0.38221153846153844 0.016826923076923076 0.0625
2 0.4026442307692308 0.5540865384615384 0.016826923076923076 0.07211538461538461
2 0.18629807692307693 0.5757211538461539 0.028846153846153848 0.07211538461538461
2 0.8137019230769231 0.5540865384615384 0.019230769230769232 0.08413461538461539
2 0.6838942307692307 0.35336538461538464 0.01201923076923077 0.06490384615384616
2 0.7536057692307693 0.5360576923076923 0.021634615384615384 0.07932692307692307
2 0.47475961538461536 0.515625 0.026442307692307692 0.0673076923076923
3 0.5132211538461539 0.09615384615384616 0.009615384615384616 0.03365384615384615
0 0.25240384615384615 0.375 0.007211538461538462 0.009615384615384616