1 0.140625 0.4579326923076923 0.009615384615384616 0.04326923076923077
2 0.05048076923076923 0.5336538461538461 0.014423076923076924 0.04567307692307692
2 0.39783653846153844 0.3701923076923077 0.009615384615384616 0.036057692307692304
2 0.6838942307692307 0.3112980769230769 0.007211538461538462 0.026442307692307692
2 0.43509615384615385 0.3737980769230769 0.009615384615384616 0.038461538461538464
2 0.7860576923076923 0.4266826923076923 0.009615384615384616 0.038461538461538464
2 0.33052884615384615 0.5 0.009615384615384616 0.05048076923076923
2 0.7872596153846154 0.3798076923076923 0.009615384615384616 0.038461538461538464
2 0.2439903846153846 0.4675480769230769 0.009615384615384616 0.04326923076923077
2 0.13942307692307693 0.5144230769230769 0.01201923076923077 0.038461538461538464
2 0.7463942307692307 0.46634615384615385 0.01201923076923077 0.038461538461538464
2 0.5252403846153846 0.43149038461538464 0.009615384615384616 0.04326923076923077
2 0.375 0.5168269230769231 0.01201923076923077 0.05048076923076923
2 0.45072115384615385 0.5192307692307693 0.014423076923076924 0.04807692307692308
2 0.7487980769230769 0.6490384615384616 0.014423076923076924 0.0625
2 0.8016826923076923 0.46875 0.016826923076923076 0.04326923076923077
2 0.59375 0.4375 0.014423076923076924 0.040865384615384616
2 0.4014423076923077 0.6875 0.01201923076923077 0.06490384615384616
2 0.375 0.7055288461538461 0.014423076923076924 0.0673076923076923
2 0.6730769230769231 0.5913461538461539 0.009615384615384616 0.057692307692307696
3 0.828125 0.8665865384615384 0.021634615384615384 0.07932692307692307
3 0.5685096153846154 0.4855769230769231 0.014423076923076924 0.05048076923076923
2 0.7980769230769231 0.6478365384615384 0.01201923076923077 0.0625
3 0.43028846153846156 0.26802884615384615 0.007211538461538462 0.03125