3 0.3004807692307692 0.296875 0.01201923076923077 0.028846153846153848
2 0.578125 0.31971153846153844 0.01201923076923077 0.038461538461538464
2 0.4098557692307692 0.38341346153846156 0.014423076923076924 0.040865384615384616
2 0.5300480769230769 0.3269230769230769 0.01201923076923077 0.03365384615384615
2 0.9927884615384616 0.7295673076923077 0.014423076923076924 0.055288461538461536
2 0.5180288461538461 0.4579326923076923 0.019230769230769232 0.05048076923076923
2 0.5576923076923077 0.44471153846153844 0.019230769230769232 0.04807692307692308
2 0.21033653846153846 0.7007211538461539 0.026442307692307692 0.0625
2 0.7740384615384616 0.39783653846153844 0.02403846153846154 0.04807692307692308
2 0.4879807692307692 0.8197115384615384 0.02403846153846154 0.07211538461538461
3 0.5516826923076923 0.4987980769230769 0.021634615384615384 0.052884615384615384
2 0.4230769230769231 0.3317307692307692 0.01201923076923077 0.040865384615384616
2 0.30408653846153844 0.4050480769230769 0.016826923076923076 0.040865384615384616
2 0.7644230769230769 0.4735576923076923 0.021634615384615384 0.05048076923076923
2 0.7043269230769231 0.36658653846153844 0.021634615384615384 0.04807692307692308
2 0.28125 0.49399038461538464 0.021634615384615384 0.052884615384615384
2 0.3016826923076923 0.7704326923076923 0.021634615384615384 0.06971153846153846
2 0.33653846153846156 0.6189903846153846 0.02403846153846154 0.06009615384615385
2 0.9771634615384616 0.7247596153846154 0.036057692307692304 0.08653846153846154
2 0.19831730769230768 0.6550480769230769 0.02403846153846154 0.0673076923076923
2 0.8822115384615384 0.5276442307692307 0.021634615384615384 0.06009615384615385
2 0.4831730769230769 0.6057692307692307 0.028846153846153848 0.0625