2 0.6550480769230769 0.3137019230769231 0.019230769230769232 0.040865384615384616
2 0.296875 0.43028846153846156 0.016826923076923076 0.038461538461538464
1 0.8245192307692307 0.26322115384615385 0.016826923076923076 0.038461538461538464
2 0.32211538461538464 0.34134615384615385 0.016826923076923076 0.036057692307692304
2 0.24519230769230768 0.453125 0.021634615384615384 0.04807692307692308
2 0.8064903846153846 0.27884615384615385 0.019230769230769232 0.038461538461538464
2 0.25961538461538464 0.48677884615384615 0.021634615384615384 0.05048076923076923
2 0.5060096153846154 0.3798076923076923 0.016826923076923076 0.038461538461538464
2 0.3894230769230769 0.3713942307692308 0.014423076923076924 0.036057692307692304
2 0.6478365384615384 0.31490384615384615 0.016826923076923076 0.040865384615384616
2 0.5036057692307693 0.4579326923076923 0.021634615384615384 0.04807692307692308
2 0.7103365384615384 0.3894230769230769 0.021634615384615384 0.05048076923076923
2 0.6225961538461539 0.7355769230769231 0.03125 0.07692307692307693
3 0.5168269230769231 0.41225961538461536 0.021634615384615384 0.04807692307692308
2 0.39783653846153844 0.49158653846153844 0.021634615384615384 0.05048076923076923
2 0.2692307692307692 0.3954326923076923 0.019230769230769232 0.040865384615384616
2 0.47475961538461536 0.3918269230769231 0.021634615384615384 0.04326923076923077
2 0.9086538461538461 0.47596153846153844 0.028846153846153848 0.06490384615384616
2 0.24879807692307693 0.5492788461538461 0.026442307692307692 0.06009615384615385
2 0.8485576923076923 0.5036057692307693 0.026442307692307692 0.06009615384615385
2 0.3245192307692308 0.6586538461538461 0.028846153846153848 0.0673076923076923
2 0.4050480769230769 0.6850961538461539 0.03365384615384615 0.07211538461538461
0 0.7235576923076923 0.23317307692307693 0.01201923076923077 0.016826923076923076
3 0.21634615384615385 0.35336538461538464 0.016826923076923076 0.036057692307692304