2 0.5661057692307693 0.1814903846153846 0.016826923076923076 0.038461538461538464
2 0.5372596153846154 0.28725961538461536 0.014423076923076924 0.04326923076923077
2 0.30649038461538464 0.23798076923076922 0.014423076923076924 0.04807692307692308
2 0.46153846153846156 0.29086538461538464 0.021634615384615384 0.04807692307692308
2 0.37259615384615385 0.3629807692307692 0.016826923076923076 0.055288461538461536
2 0.7463942307692307 0.22716346153846154 0.021634615384615384 0.040865384615384616
2 0.8100961538461539 0.40384615384615385 0.02403846153846154 0.06971153846153846
2 0.7668269230769231 0.25600961538461536 0.01201923076923077 0.052884615384615384
2 0.7019230769230769 0.2127403846153846 0.01201923076923077 0.04567307692307692
2 0.796875 0.41947115384615385 0.02403846153846154 0.0625
2 0.2704326923076923 0.35216346153846156 0.01201923076923077 0.057692307692307696
2 0.4266826923076923 0.2536057692307692 0.01201923076923077 0.04807692307692308
2 0.41947115384615385 0.6225961538461539 0.026442307692307692 0.07451923076923077
3 0.9483173076923077 0.859375 0.04567307692307692 0.10336538461538461
2 0.5588942307692307 0.2800480769230769 0.016826923076923076 0.04807692307692308
2 0.3918269230769231 0.32572115384615385 0.01201923076923077 0.055288461538461536
2 0.4411057692307692 0.3737980769230769 0.014423076923076924 0.055288461538461536
3 0.4831730769230769 0.3629807692307692 0.016826923076923076 0.057692307692307696
2 0.4699519230769231 0.44471153846153844 0.019230769230769232 0.0625
2 0.35216346153846156 0.4026442307692308 0.016826923076923076 0.06009615384615385
2 0.6057692307692307 0.5504807692307693 0.03365384615384615 0.06971153846153846
2 0.5396634615384616 0.2620192307692308 0.01201923076923077 0.04326923076923077
0 0.5552884615384616 0.2824519230769231 0.004807692307692308 0.009615384615384616
3 0.38461538461538464 0.140625 0.009615384615384616 0.03125