3 0.3112980769230769 0.31490384615384615 0.007211538461538462 0.025240384615384616
0 0.9314903846153846 0.7608173076923077 0.010817307692307692 0.014423076923076924
2 0.5576923076923077 0.36658653846153844 0.007211538461538462 0.03365384615384615
2 0.39903846153846156 0.4050480769230769 0.008413461538461538 0.036057692307692304
2 0.5132211538461539 0.36778846153846156 0.007211538461538462 0.030048076923076924
2 0.8918269230769231 0.78125 0.020432692307692308 0.04807692307692308
2 0.4879807692307692 0.4831730769230769 0.01201923076923077 0.04447115384615385
2 0.5252403846153846 0.47596153846153844 0.01201923076923077 0.042067307692307696
2 0.18509615384615385 0.6670673076923077 0.018028846153846152 0.055288461538461536
2 0.7247596153846154 0.4579326923076923 0.016826923076923076 0.042067307692307696
2 0.421875 0.8052884615384616 0.013221153846153846 0.0625
3 0.5132211538461539 0.5240384615384616 0.013221153846153846 0.046875
2 0.4170673076923077 0.3605769230769231 0.007211538461538462 0.036057692307692304
2 0.30288461538461536 0.41346153846153844 0.010817307692307692 0.037259615384615384
3 0.9254807692307693 0.8257211538461539 0.03245192307692308 0.07451923076923077
2 0.7079326923076923 0.5252403846153846 0.014423076923076924 0.04447115384615385
2 0.6658653846153846 0.4230769230769231 0.013221153846153846 0.042067307692307696
2 0.27163461538461536 0.49038461538461536 0.014423076923076924 0.046875
2 0.25961538461538464 0.7403846153846154 0.013221153846153846 0.06129807692307692
2 0.3076923076923077 0.609375 0.015625 0.052884615384615384
2 0.8701923076923077 0.7740384615384616 0.02403846153846154 0.07451923076923077
2 0.17908653846153846 0.625 0.015625 0.05889423076923077
2 0.8076923076923077 0.5865384615384616 0.013221153846153846 0.051682692307692304
2 0.43990384615384615 0.6129807692307693 0.020432692307692308 0.055288461538461536