2 0.48197115384615385 0.296875 0.014423076923076924 0.057692307692307696
2 0.8413461538461539 0.296875 0.01201923076923077 0.052884615384615384
2 0.6081730769230769 0.1935096153846154 0.01201923076923077 0.040865384615384616
2 0.3293269230769231 0.25600961538461536 0.01201923076923077 0.052884615384615384
2 0.3425480769230769 0.4483173076923077 0.014423076923076924 0.0625
2 0.49158653846153844 0.3088942307692308 0.02403846153846154 0.040865384615384616
1 0.03245192307692308 0.3076923076923077 0.016826923076923076 0.052884615384615384
2 0.8112980769230769 0.2668269230769231 0.01201923076923077 0.052884615384615384
2 0.2439903846153846 0.32572115384615385 0.01201923076923077 0.055288461538461536
2 0.3737980769230769 0.3389423076923077 0.014423076923076924 0.057692307692307696
2 0.35096153846153844 0.39302884615384615 0.019230769230769232 0.055288461538461536
2 0.5625 0.46875 0.016826923076923076 0.07692307692307693
2 0.8545673076923077 0.3173076923076923 0.014423076923076924 0.052884615384615384
2 0.21634615384615385 0.6550480769230769 0.03365384615384615 0.07692307692307693
3 0.484375 0.4230769230769231 0.016826923076923076 0.06009615384615385
2 0.5853365384615384 0.3786057692307692 0.014423076923076924 0.06009615384615385
3 0.8822115384615384 0.9375 0.040865384615384616 0.10576923076923077
2 0.39302884615384615 0.5540865384615384 0.026442307692307692 0.07211538461538461
2 0.2860576923076923 0.4675480769230769 0.026442307692307692 0.0673076923076923
2 0.3557692307692308 0.6442307692307693 0.04326923076923077 0.07932692307692307
2 0.8197115384615384 0.5048076923076923 0.021634615384615384 0.07692307692307693
2 0.78125 0.5276442307692307 0.021634615384615384 0.07211538461538461
3 0.4543269230769231 0.12980769230769232 0.01201923076923077 0.038461538461538464
0 0.4579326923076923 0.33052884615384615 0.007211538461538462 0.014423076923076924
2 0.4831730769230769 0.3088942307692308 0.01201923076923077 0.04807692307692308