2 0.5144230769230769 0.2848557692307692 0.01201923076923077 0.052884615384615384
2 0.18028846153846154 0.27884615384615385 0.009615384615384616 0.04927884615384615
2 0.39783653846153844 0.1875 0.009615384615384616 0.038461538461538464
2 0.65625 0.25 0.009615384615384616 0.04807692307692308
2 0.640625 0.4266826923076923 0.013221153846153846 0.057692307692307696
2 0.5048076923076923 0.2956730769230769 0.02283653846153846 0.038461538461538464
1 0.9314903846153846 0.30288461538461536 0.015625 0.04927884615384615
2 0.2091346153846154 0.25240384615384615 0.009615384615384616 0.04927884615384615
2 0.7331730769230769 0.3161057692307692 0.010817307692307692 0.05048076923076923
2 0.6129807692307693 0.32572115384615385 0.013221153846153846 0.051682692307692304
2 0.6346153846153846 0.3762019230769231 0.016826923076923076 0.05048076923076923
2 0.4362980769230769 0.4423076923076923 0.013221153846153846 0.06971153846153846
2 0.16947115384615385 0.296875 0.01201923076923077 0.04927884615384615
2 0.7536057692307693 0.6213942307692307 0.028846153846153848 0.07091346153846154
3 0.5096153846153846 0.4014423076923077 0.015625 0.055288461538461536
2 0.41586538461538464 0.359375 0.01201923076923077 0.055288461538461536
3 0.13221153846153846 0.8713942307692307 0.036057692307692304 0.09615384615384616
2 0.5913461538461539 0.5252403846153846 0.02403846153846154 0.06610576923076923
2 0.6911057692307693 0.44591346153846156 0.02403846153846154 0.0625
2 0.625 0.6081730769230769 0.037259615384615384 0.07211538461538461
2 0.19831730769230768 0.47115384615384615 0.018028846153846152 0.07091346153846154
2 0.23317307692307693 0.49399038461538464 0.019230769230769232 0.0673076923076923
3 0.5420673076923077 0.12980769230769232 0.009615384615384616 0.03365384615384615
0 0.5348557692307693 0.3173076923076923 0.006009615384615385 0.01201923076923077
2 0.5132211538461539 0.2956730769230769 0.010817307692307692 0.04326923076923077