2 0.5985576923076923 0.18990384615384615 0.019230769230769232 0.038461538461538464
2 0.5588942307692307 0.2920673076923077 0.014423076923076924 0.04326923076923077
2 0.33533653846153844 0.21995192307692307 0.014423076923076924 0.04807692307692308
2 0.4831730769230769 0.28846153846153844 0.02403846153846154 0.04807692307692308
2 0.3870192307692308 0.34975961538461536 0.019230769230769232 0.055288461538461536
2 0.7740384615384616 0.2536057692307692 0.02403846153846154 0.040865384615384616
2 0.8185096153846154 0.4362980769230769 0.026442307692307692 0.07211538461538461
2 0.7908653846153846 0.2848557692307692 0.014423076923076924 0.052884615384615384
2 0.7307692307692307 0.23557692307692307 0.01201923076923077 0.04567307692307692
2 0.8028846153846154 0.4519230769230769 0.026442307692307692 0.0625
2 0.28725961538461536 0.328125 0.014423076923076924 0.057692307692307696
2 0.453125 0.24759615384615385 0.014423076923076924 0.04807692307692308
2 0.40625 0.6141826923076923 0.028846153846153848 0.07692307692307693
3 0.9074519230769231 0.9038461538461539 0.05048076923076923 0.10336538461538461
2 0.5805288461538461 0.28725961538461536 0.019230769230769232 0.04807692307692308
2 0.4110576923076923 0.31490384615384615 0.014423076923076924 0.055288461538461536
2 0.45552884615384615 0.36778846153846156 0.016826923076923076 0.055288461538461536
3 0.49759615384615385 0.3629807692307692 0.019230769230769232 0.057692307692307696
2 0.47596153846153844 0.4423076923076923 0.021634615384615384 0.0625
2 0.3629807692307692 0.38822115384615385 0.019230769230769232 0.06009615384615385
2 0.5997596153846154 0.5612980769230769 0.03365384615384615 0.07211538461538461
2 0.5649038461538461 0.2668269230769231 0.014423076923076924 0.04326923076923077
0 0.5769230769230769 0.28966346153846156 0.004807692307692308 0.009615384615384616
3 0.421875 0.1310096153846154 0.01201923076923077 0.03125