2 0.7271634615384616 0.5036057692307693 0.016826923076923076 0.04326923076923077
2 0.4855769230769231 0.45552884615384615 0.014423076923076924 0.03125
1 0.16706730769230768 0.5985576923076923 0.019230769230769232 0.04807692307692308
2 0.6754807692307693 0.4567307692307692 0.01201923076923077 0.03125
2 0.6069711538461539 0.53125 0.016826923076923076 0.04326923076923077
2 0.30408653846153844 0.7560096153846154 0.02403846153846154 0.057692307692307696
2 0.7800480769230769 0.5600961538461539 0.019230769230769232 0.04807692307692308
2 0.44350961538461536 0.5661057692307693 0.016826923076923076 0.040865384615384616
2 0.5216346153846154 0.6574519230769231 0.021634615384615384 0.052884615384615384
2 0.6213942307692307 0.5901442307692307 0.019230769230769232 0.04807692307692308
2 0.5853365384615384 0.7103365384615384 0.02403846153846154 0.057692307692307696
2 0.8269230769230769 0.6634615384615384 0.021634615384615384 0.057692307692307696
3 0.59375 0.6057692307692307 0.019230769230769232 0.04807692307692308
2 0.6983173076923077 0.49759615384615385 0.016826923076923076 0.040865384615384616
3 0.11778846153846154 0.9795673076923077 0.03365384615384615 0.040865384615384616
2 0.7548076923076923 0.5697115384615384 0.021634615384615384 0.052884615384615384
2 0.48677884615384615 0.5564903846153846 0.021634615384615384 0.038461538461538464
2 0.24519230769230768 0.6838942307692307 0.019230769230769232 0.05048076923076923
2 0.4639423076923077 0.7908653846153846 0.03125 0.0673076923076923
2 0.7319711538461539 0.6129807692307693 0.021634615384615384 0.055288461538461536
2 0.8028846153846154 0.7668269230769231 0.03125 0.06490384615384616
2 0.9795673076923077 0.7884615384615384 0.03365384615384615 0.06971153846153846
2 0.6622596153846154 0.9314903846153846 0.03365384615384615 0.07692307692307693
0 0.3125 0.7692307692307693 0.007211538461538462 0.009615384615384616
3 0.6574519230769231 0.38822115384615385 0.014423076923076924 0.03125