2 0.5793269230769231 0.3545673076923077 0.01201923076923077 0.03365384615384615
1 0.9675480769230769 0.40024038461538464 0.019230769230769232 0.052884615384615384
2 0.33774038461538464 0.35697115384615385 0.009615384615384616 0.03365384615384615
2 0.38822115384615385 0.34615384615384615 0.009615384615384616 0.036057692307692304
3 0.12980769230769232 0.3629807692307692 0.009615384615384616 0.036057692307692304
2 0.3701923076923077 0.39903846153846156 0.01201923076923077 0.05048076923076923
2 0.5276442307692307 0.38461538461538464 0.009615384615384616 0.04567307692307692
2 0.484375 0.4074519230769231 0.01201923076923077 0.04567307692307692
2 0.953125 0.5084134615384616 0.016826923076923076 0.0625
2 0.5853365384615384 0.41586538461538464 0.01201923076923077 0.05048076923076923
2 0.4723557692307692 0.49158653846153844 0.01201923076923077 0.06009615384615385
2 0.7560096153846154 0.4050480769230769 0.01201923076923077 0.04807692307692308
2 0.7379807692307693 0.41346153846153844 0.014423076923076924 0.04326923076923077
2 0.453125 0.4795673076923077 0.01201923076923077 0.055288461538461536
2 0.12259615384615384 0.4699519230769231 0.014423076923076924 0.06009615384615385
2 0.22355769230769232 0.4170673076923077 0.01201923076923077 0.05048076923076923
2 0.10576923076923077 0.4675480769230769 0.014423076923076924 0.055288461538461536
3 0.4951923076923077 0.4375 0.014423076923076924 0.05048076923076923
2 0.6322115384615384 0.5264423076923077 0.02403846153846154 0.06490384615384616
2 0.1502403846153846 0.5444711538461539 0.014423076923076924 0.06490384615384616
2 0.3449519230769231 0.5673076923076923 0.019230769230769232 0.0673076923076923
2 0.32091346153846156 0.6670673076923077 0.026442307692307692 0.07211538461538461
2 0.8112980769230769 0.8197115384615384 0.03125 0.11057692307692307
0 0.8509615384615384 0.48677884615384615 0.007211538461538462 0.014423076923076924