0 0.1622596153846154 0.7295673076923077 0.009615384615384616 0.014423076923076924
1 0.10096153846153846 0.5060096153846154 0.019230769230769232 0.04567307692307692
3 0.8353365384615384 0.29927884615384615 0.01201923076923077 0.03125
2 0.6574519230769231 0.33774038461538464 0.01201923076923077 0.03125
2 0.7283653846153846 0.33413461538461536 0.019230769230769232 0.036057692307692304
2 0.2980769230769231 0.4651442307692308 0.016826923076923076 0.04567307692307692
2 0.4579326923076923 0.38341346153846156 0.014423076923076924 0.03365384615384615
2 0.4831730769230769 0.41225961538461536 0.016826923076923076 0.04326923076923077
2 0.41947115384615385 0.4879807692307692 0.019230769230769232 0.04807692307692308
2 0.23557692307692307 0.6286057692307693 0.02403846153846154 0.06971153846153846
2 0.8545673076923077 0.41466346153846156 0.02403846153846154 0.052884615384615384
2 0.6370192307692307 0.4026442307692308 0.019230769230769232 0.04567307692307692
2 0.3641826923076923 0.48197115384615385 0.019230769230769232 0.04807692307692308
2 0.5997596153846154 0.42788461538461536 0.019230769230769232 0.04807692307692308
2 0.8233173076923077 0.38822115384615385 0.019230769230769232 0.04807692307692308
2 0.11778846153846154 0.6382211538461539 0.036057692307692304 0.0673076923076923
2 0.5661057692307693 0.5216346153846154 0.02403846153846154 0.06009615384615385
3 0.5576923076923077 0.4735576923076923 0.021634615384615384 0.055288461538461536
2 0.3786057692307692 0.71875 0.026442307692307692 0.07211538461538461
2 0.5685096153846154 0.6442307692307693 0.026442307692307692 0.07211538461538461
2 0.640625 0.5012019230769231 0.02403846153846154 0.06009615384615385
2 0.8990384615384616 0.44471153846153844 0.02403846153846154 0.0625
2 0.7728365384615384 0.5889423076923077 0.03365384615384615 0.07932692307692307
2 0.18509615384615385 0.7908653846153846 0.036057692307692304 0.08653846153846154