0 0.09495192307692307 0.6310096153846154 0.009615384615384616 0.016826923076923076
1 0.11899038461538461 0.37740384615384615 0.019230769230769232 0.05048076923076923
3 0.9543269230769231 0.4543269230769231 0.01201923076923077 0.03365384615384615
2 0.7548076923076923 0.4230769230769231 0.01201923076923077 0.03365384615384615
2 0.8305288461538461 0.4483173076923077 0.021634615384615384 0.040865384615384616
2 0.33774038461538464 0.41466346153846156 0.019230769230769232 0.05048076923076923
2 0.5324519230769231 0.39302884615384615 0.014423076923076924 0.036057692307692304
2 0.546875 0.4326923076923077 0.016826923076923076 0.04567307692307692
2 0.453125 0.484375 0.019230769230769232 0.05048076923076923
2 0.2091346153846154 0.5564903846153846 0.02403846153846154 0.07451923076923077
2 0.9278846153846154 0.5817307692307693 0.026442307692307692 0.057692307692307696
2 0.7091346153846154 0.4831730769230769 0.019230769230769232 0.05048076923076923
2 0.39783653846153844 0.4579326923076923 0.019230769230769232 0.052884615384615384
2 0.6622596153846154 0.49399038461538464 0.021634615384615384 0.052884615384615384
2 0.90625 0.5420673076923077 0.019230769230769232 0.05048076923076923
2 0.08533653846153846 0.5204326923076923 0.038461538461538464 0.07451923076923077
2 0.5901442307692307 0.5769230769230769 0.026442307692307692 0.06490384615384616
3 0.5997596153846154 0.5252403846153846 0.021634615384615384 0.06009615384615385
2 0.31971153846153844 0.7055288461538461 0.026442307692307692 0.07932692307692307
2 0.5444711538461539 0.7043269230769231 0.026442307692307692 0.07932692307692307
2 0.6754807692307693 0.5841346153846154 0.026442307692307692 0.06490384615384616
2 0.9615384615384616 0.6286057692307693 0.02403846153846154 0.06971153846153846
2 0.7764423076923077 0.7283653846153846 0.03365384615384615 0.08653846153846154
2 0.09375 0.7043269230769231 0.038461538461538464 0.09615384615384616