3 0.5949519230769231 0.15985576923076922 0.016826923076923076 0.0673076923076923
2 0.20072115384615385 0.3485576923076923 0.02403846153846154 0.09375
2 0.18870192307692307 0.35697115384615385 0.028846153846153848 0.08653846153846154
2 0.5072115384615384 0.20673076923076922 0.021634615384615384 0.07211538461538461
2 0.453125 0.3076923076923077 0.019230769230769232 0.07451923076923077
2 0.4795673076923077 0.3401442307692308 0.026442307692307692 0.0889423076923077
2 0.5528846153846154 0.2776442307692308 0.03365384615384615 0.08173076923076923
2 0.5985576923076923 0.23918269230769232 0.021634615384615384 0.08413461538461539
2 0.10576923076923077 0.26802884615384615 0.028846153846153848 0.07932692307692307
2 0.14182692307692307 0.27283653846153844 0.026442307692307692 0.06971153846153846
2 0.35096153846153844 0.22716346153846154 0.019230769230769232 0.08413461538461539
2 0.5396634615384616 0.3425480769230769 0.028846153846153848 0.09615384615384616
2 0.7391826923076923 0.28846153846153844 0.02403846153846154 0.0889423076923077
2 0.7139423076923077 0.3016826923076923 0.021634615384615384 0.10096153846153846
2 0.6778846153846154 0.3713942307692308 0.021634615384615384 0.10096153846153846
2 0.6947115384615384 0.2512019230769231 0.026442307692307692 0.0889423076923077
3 0.46875 0.38341346153846156 0.026442307692307692 0.11057692307692307
2 0.2091346153846154 0.4326923076923077 0.028846153846153848 0.125
2 0.8798076923076923 0.3954326923076923 0.026442307692307692 0.11298076923076923
2 0.03125 0.4423076923076923 0.03125 0.1201923076923077
2 0.7920673076923077 0.6213942307692307 0.03125 0.13701923076923078
2 0.21033653846153846 0.6358173076923077 0.04567307692307692 0.13942307692307693
0 0.1971153846153846 0.3954326923076923 0.009615384615384616 0.016826923076923076