2 0.8052884615384616 0.33413461538461536 0.021634615384615384 0.057692307692307696
3 0.45552884615384615 0.22115384615384615 0.016826923076923076 0.04807692307692308
2 0.4543269230769231 0.27163461538461536 0.019230769230769232 0.052884615384615384
2 0.7463942307692307 0.3269230769230769 0.021634615384615384 0.057692307692307696
2 0.5637019230769231 0.2800480769230769 0.02403846153846154 0.052884615384615384
2 0.9002403846153846 0.49399038461538464 0.03125 0.08413461538461539
2 0.21875 0.2620192307692308 0.02403846153846154 0.06009615384615385
2 0.4254807692307692 0.27524038461538464 0.02403846153846154 0.06490384615384616
2 0.6165865384615384 0.30408653846153844 0.03365384615384615 0.052884615384615384
2 0.8533653846153846 0.39663461538461536 0.026442307692307692 0.0673076923076923
2 0.5612980769230769 0.3233173076923077 0.02403846153846154 0.06490384615384616
2 0.2536057692307692 0.3641826923076923 0.03125 0.08413461538461539
2 0.5372596153846154 0.3076923076923077 0.026442307692307692 0.052884615384615384
2 0.8112980769230769 0.3918269230769231 0.02403846153846154 0.07211538461538461
2 0.32572115384615385 0.29927884615384615 0.026442307692307692 0.07211538461538461
3 0.5120192307692307 0.36658653846153844 0.026442307692307692 0.07211538461538461
2 0.5336538461538461 0.3629807692307692 0.026442307692307692 0.06971153846153846
2 0.671875 0.38341346153846156 0.026442307692307692 0.06971153846153846
2 0.7199519230769231 0.6105769230769231 0.036057692307692304 0.10336538461538461
2 0.421875 0.6502403846153846 0.040865384615384616 0.11298076923076923
2 0.34615384615384615 0.36658653846153844 0.026442307692307692 0.07692307692307693
2 0.765625 0.5192307692307693 0.038461538461538464 0.09615384615384616
0 0.625 0.1658653846153846 0.007211538461538462 0.01201923076923077