2 0.16706730769230768 0.33413461538461536 0.019230769230769232 0.06009615384615385
3 0.5408653846153846 0.2283653846153846 0.016826923076923076 0.05048076923076923
2 0.5384615384615384 0.28125 0.019230769230769232 0.055288461538461536
2 0.22956730769230768 0.3293269230769231 0.021634615384615384 0.06009615384615385
2 0.4254807692307692 0.2860576923076923 0.021634615384615384 0.055288461538461536
2 0.0625 0.4987980769230769 0.03125 0.0889423076923077
2 0.7896634615384616 0.2800480769230769 0.021634615384615384 0.0625
2 0.5685096153846154 0.28725961538461536 0.02403846153846154 0.0673076923076923
2 0.36658653846153844 0.31009615384615385 0.03365384615384615 0.055288461538461536
2 0.11538461538461539 0.39783653846153844 0.02403846153846154 0.06971153846153846
2 0.42427884615384615 0.33052884615384615 0.021634615384615384 0.0673076923076923
2 0.7475961538461539 0.38461538461538464 0.028846153846153848 0.08653846153846154
2 0.45072115384615385 0.3161057692307692 0.026442307692307692 0.052884615384615384
2 0.15865384615384615 0.3942307692307692 0.02403846153846154 0.07451923076923077
2 0.6742788461538461 0.31490384615384615 0.02403846153846154 0.07451923076923077
3 0.47475961538461536 0.3786057692307692 0.02403846153846154 0.07451923076923077
2 0.45072115384615385 0.375 0.026442307692307692 0.07451923076923077
2 0.30528846153846156 0.3918269230769231 0.026442307692307692 0.07451923076923077
2 0.24879807692307693 0.6274038461538461 0.036057692307692304 0.10817307692307693
2 0.5576923076923077 0.6802884615384616 0.038461538461538464 0.1201923076923077
2 0.6490384615384616 0.38461538461538464 0.026442307692307692 0.08173076923076923
2 0.20432692307692307 0.5288461538461539 0.036057692307692304 0.10096153846153846
0 0.3641826923076923 0.1622596153846154 0.007211538461538462 0.01201923076923077