3 0.6165865384615384 0.23918269230769232 0.013221153846153846 0.06009615384615385
2 0.25600961538461536 0.3954326923076923 0.019230769230769232 0.0829326923076923
2 0.24519230769230768 0.4026442307692308 0.02283653846153846 0.078125
2 0.5372596153846154 0.2776442307692308 0.015625 0.06370192307692307
2 0.484375 0.36778846153846156 0.015625 0.0673076923076923
2 0.5072115384615384 0.39783653846153844 0.020432692307692308 0.07932692307692307
2 0.5745192307692307 0.34375 0.027644230769230768 0.07211538461538461
2 0.6177884615384616 0.31009615384615385 0.016826923076923076 0.07572115384615384
2 0.17307692307692307 0.31971153846153844 0.02283653846153846 0.06971153846153846
2 0.20552884615384615 0.32572115384615385 0.021634615384615384 0.0625
2 0.3942307692307692 0.29086538461538464 0.015625 0.07451923076923077
2 0.5625 0.40024038461538464 0.02283653846153846 0.08533653846153846
2 0.7427884615384616 0.359375 0.019230769230769232 0.08052884615384616
2 0.71875 0.36899038461538464 0.018028846153846152 0.09014423076923077
2 0.6850961538461539 0.43028846153846156 0.016826923076923076 0.09014423076923077
2 0.703125 0.3233173076923077 0.020432692307692308 0.08052884615384616
3 0.4951923076923077 0.43509615384615385 0.020432692307692308 0.09975961538461539
2 0.2608173076923077 0.4723557692307692 0.02283653846153846 0.11177884615384616
2 0.8653846153846154 0.45913461538461536 0.019230769230769232 0.10216346153846154
2 0.10096153846153846 0.47475961538461536 0.025240384615384616 0.10697115384615384
2 0.7788461538461539 0.6586538461538461 0.02403846153846154 0.12259615384615384
2 0.2548076923076923 0.6550480769230769 0.038461538461538464 0.12259615384615384
0 0.2512019230769231 0.4375 0.007211538461538462 0.014423076923076924