3 0.43149038461538464 0.22235576923076922 0.021634615384615384 0.06490384615384616
2 0.7728365384615384 0.4411057692307692 0.03125 0.08653846153846154
2 0.7848557692307693 0.45072115384615385 0.036057692307692304 0.08413461538461539
2 0.5060096153846154 0.27524038461538464 0.026442307692307692 0.0673076923076923
2 0.5456730769230769 0.375 0.026442307692307692 0.07211538461538461
2 0.5180288461538461 0.4014423076923077 0.03365384615384615 0.08413461538461539
2 0.45913461538461536 0.33653846153846156 0.040865384615384616 0.07692307692307693
2 0.41947115384615385 0.29447115384615385 0.028846153846153848 0.07932692307692307
2 0.8701923076923077 0.37740384615384615 0.036057692307692304 0.07451923076923077
2 0.8377403846153846 0.3786057692307692 0.03125 0.0673076923076923
2 0.6502403846153846 0.3125 0.026442307692307692 0.07932692307692307
2 0.46153846153846156 0.39663461538461536 0.036057692307692304 0.09134615384615384
2 0.2848557692307692 0.3245192307692308 0.03125 0.08413461538461539
2 0.30649038461538464 0.3389423076923077 0.03125 0.09375
2 0.33052884615384615 0.4074519230769231 0.03125 0.09375
2 0.3293269230769231 0.2956730769230769 0.03365384615384615 0.08413461538461539
3 0.5240384615384616 0.4423076923076923 0.038461538461538464 0.10336538461538461
2 0.7560096153846154 0.5192307692307693 0.040865384615384616 0.11778846153846154
2 0.14182692307692307 0.4074519230769231 0.036057692307692304 0.10817307692307693
2 0.9194711538461539 0.5456730769230769 0.04326923076923077 0.11298076923076923
2 0.19951923076923078 0.625 0.04567307692307692 0.12980769230769232
2 0.7331730769230769 0.7055288461538461 0.06009615384615385 0.13221153846153846
0 0.7716346153846154 0.484375 0.009615384615384616 0.014423076923076924