2 0.23798076923076922 0.2920673076923077 0.009615384615384616 0.057692307692307696
3 0.6021634615384616 0.2403846153846154 0.009615384615384616 0.04807692307692308
2 0.5925480769230769 0.28966346153846156 0.009615384615384616 0.052884615384615384
2 0.296875 0.29447115384615385 0.014423076923076924 0.055288461538461536
2 0.4855769230769231 0.2800480769230769 0.014423076923076924 0.05048076923076923
2 0.11778846153846154 0.43149038461538464 0.019230769230769232 0.08173076923076923
2 0.828125 0.32211538461538464 0.014423076923076924 0.057692307692307696
2 0.6201923076923077 0.3004807692307692 0.014423076923076924 0.0625
2 0.42788461538461536 0.29447115384615385 0.02403846153846154 0.04807692307692308
2 0.17908653846153846 0.34375 0.014423076923076924 0.06490384615384616
2 0.47836538461538464 0.32211538461538464 0.01201923076923077 0.0625
2 0.7752403846153846 0.41586538461538464 0.016826923076923076 0.08173076923076923
2 0.5060096153846154 0.3112980769230769 0.019230769230769232 0.04807692307692308
2 0.22115384615384615 0.34615384615384615 0.014423076923076924 0.06971153846153846
2 0.7163461538461539 0.3401442307692308 0.014423076923076924 0.07211538461538461
3 0.5192307692307693 0.3737980769230769 0.014423076923076924 0.07211538461538461
2 0.4987980769230769 0.36658653846153844 0.014423076923076924 0.0673076923076923
2 0.359375 0.3629807692307692 0.014423076923076924 0.0673076923076923
2 0.27403846153846156 0.578125 0.019230769230769232 0.10096153846153846
2 0.5588942307692307 0.6682692307692307 0.021634615384615384 0.11057692307692307
2 0.6826923076923077 0.4026442307692308 0.014423076923076924 0.07692307692307693
2 0.24639423076923078 0.4795673076923077 0.021634615384615384 0.09615384615384616
0 0.44350961538461536 0.15625 0.004807692307692308 0.009615384615384616