2 0.4170673076923077 0.37740384615384615 0.009615384615384616 0.038461538461538464
2 0.46875 0.3581730769230769 0.014423076923076924 0.038461538461538464
3 0.2932692307692308 0.33413461538461536 0.01201923076923077 0.036057692307692304
2 0.3449519230769231 0.39302884615384615 0.01201923076923077 0.038461538461538464
2 0.33533653846153844 0.3918269230769231 0.014423076923076924 0.040865384615384616
2 0.3786057692307692 0.34975961538461536 0.01201923076923077 0.036057692307692304
2 0.546875 0.375 0.009615384615384616 0.040865384615384616
2 0.5673076923076923 0.3786057692307692 0.01201923076923077 0.04326923076923077
2 0.6586538461538461 0.4110576923076923 0.01201923076923077 0.05048076923076923
2 0.4254807692307692 0.39783653846153844 0.009615384615384616 0.04326923076923077
2 0.6790865384615384 0.4050480769230769 0.014423076923076924 0.04567307692307692
2 0.44350961538461536 0.39903846153846156 0.01201923076923077 0.04567307692307692
3 0.5420673076923077 0.4182692307692308 0.016826923076923076 0.052884615384615384
2 0.7932692307692307 0.5168269230769231 0.016826923076923076 0.0673076923076923
2 0.5300480769230769 0.453125 0.016826923076923076 0.055288461538461536
2 0.8858173076923077 0.59375 0.016826923076923076 0.07451923076923077
2 0.4098557692307692 0.515625 0.01201923076923077 0.06490384615384616
2 0.47716346153846156 0.4579326923076923 0.01201923076923077 0.06009615384615385
2 0.17427884615384615 0.4543269230769231 0.016826923076923076 0.06009615384615385
2 0.7115384615384616 0.46634615384615385 0.01201923076923077 0.06490384615384616
2 0.6778846153846154 0.7439903846153846 0.028846153846153848 0.09375
2 0.12259615384615384 0.6021634615384616 0.021634615384615384 0.08173076923076923
0 0.3317307692307692 0.39783653846153844 0.004807692307692308 0.01201923076923077