0 0.8774038461538461 0.7776442307692307 0.009615384615384616 0.016826923076923076
1 0.953125 0.5408653846153846 0.021634615384615384 0.05048076923076923
3 0.17067307692307693 0.28966346153846156 0.014423076923076924 0.03365384615384615
2 0.36177884615384615 0.33774038461538464 0.01201923076923077 0.03365384615384615
2 0.2848557692307692 0.3317307692307692 0.021634615384615384 0.038461538461538464
2 0.7415865384615384 0.4891826923076923 0.019230769230769232 0.04807692307692308
2 0.5745192307692307 0.3954326923076923 0.016826923076923076 0.036057692307692304
2 0.5456730769230769 0.4254807692307692 0.019230769230769232 0.04567307692307692
2 0.6117788461538461 0.5084134615384616 0.021634615384615384 0.05048076923076923
2 0.8028846153846154 0.6658653846153846 0.028846153846153848 0.07451923076923077
2 0.1466346153846154 0.41466346153846156 0.028846153846153848 0.057692307692307696
2 0.38221153846153844 0.40865384615384615 0.021634615384615384 0.04807692307692308
2 0.6706730769230769 0.5048076923076923 0.021634615384615384 0.052884615384615384
2 0.41947115384615385 0.4375 0.021634615384615384 0.05048076923076923
2 0.18028846153846154 0.3870192307692308 0.021634615384615384 0.05048076923076923
2 0.9278846153846154 0.6814903846153846 0.040865384615384616 0.07451923076923077
2 0.453125 0.5396634615384616 0.028846153846153848 0.06490384615384616
3 0.46274038461538464 0.4879807692307692 0.02403846153846154 0.06009615384615385
2 0.6478365384615384 0.7572115384615384 0.03125 0.07692307692307693
2 0.44591346153846156 0.6706730769230769 0.03125 0.07692307692307693
2 0.3737980769230769 0.5144230769230769 0.028846153846153848 0.0625
2 0.0985576923076923 0.44471153846153844 0.026442307692307692 0.0673076923076923
2 0.22716346153846154 0.6033653846153846 0.038461538461538464 0.08413461538461539
2 0.8509615384615384 0.84375 0.040865384615384616 0.09375