2 0.39302884615384615 0.4074519230769231 0.009615384615384616 0.04326923076923077
2 0.45552884615384615 0.3293269230769231 0.009615384615384616 0.036057692307692304
2 0.18389423076923078 0.36177884615384615 0.016826923076923076 0.040865384615384616
3 0.06009615384615385 0.9951923076923077 0.02403846153846154 0.009615384615384616
2 0.4266826923076923 0.3786057692307692 0.01201923076923077 0.05048076923076923
3 0.5685096153846154 0.28725961538461536 0.01201923076923077 0.038461538461538464
2 0.4266826923076923 0.33533653846153844 0.01201923076923077 0.040865384615384616
2 0.5889423076923077 0.31971153846153844 0.01201923076923077 0.040865384615384616
2 0.4951923076923077 0.3485576923076923 0.014423076923076924 0.04807692307692308
2 0.17427884615384615 0.4170673076923077 0.01201923076923077 0.055288461538461536
2 0.47836538461538464 0.3629807692307692 0.01201923076923077 0.04807692307692308
2 0.7980769230769231 0.328125 0.014423076923076924 0.04567307692307692
2 0.21153846153846154 0.34615384615384615 0.01201923076923077 0.04326923076923077
2 0.18389423076923078 0.4206730769230769 0.016826923076923076 0.057692307692307696
2 0.39783653846153844 0.4182692307692308 0.014423076923076924 0.06009615384615385
1 0.8725961538461539 0.3233173076923077 0.021634615384615384 0.04567307692307692
3 0.4891826923076923 0.39302884615384615 0.016826923076923076 0.057692307692307696
2 0.15745192307692307 0.49399038461538464 0.014423076923076924 0.06971153846153846
2 0.6274038461538461 0.4254807692307692 0.014423076923076924 0.0625
2 0.7043269230769231 0.36778846153846156 0.021634615384615384 0.055288461538461536
2 0.18269230769230768 0.6009615384615384 0.026442307692307692 0.08413461538461539
2 0.734375 0.46274038461538464 0.019230769230769232 0.07211538461538461
2 0.20793269230769232 0.5324519230769231 0.02403846153846154 0.07692307692307693
2 0.33533653846153844 0.7355769230769231 0.03125 0.10336538461538461
0 0.6274038461538461 0.039663461538461536 0.004807692307692308 0.009615384615384616