3 0.8245192307692307 0.28725961538461536 0.014423076923076924 0.028846153846153848
2 0.4387019230769231 0.4411057692307692 0.019230769230769232 0.040865384615384616
2 0.29086538461538464 0.4891826923076923 0.019230769230769232 0.04326923076923077
2 0.48197115384615385 0.390625 0.016826923076923076 0.036057692307692304
2 0.6742788461538461 0.3329326923076923 0.016826923076923076 0.03365384615384615
2 0.6322115384615384 0.40865384615384615 0.019230769230769232 0.04326923076923077
2 0.3894230769230769 0.515625 0.02403846153846154 0.05048076923076923
2 0.12379807692307693 0.6201923076923077 0.03365384615384615 0.057692307692307696
2 0.10096153846153846 0.6394230769230769 0.03365384615384615 0.055288461538461536
2 0.7908653846153846 0.3293269230769231 0.019230769230769232 0.040865384615384616
2 0.6995192307692307 0.53125 0.026442307692307692 0.06490384615384616
3 0.5240384615384616 0.4951923076923077 0.021634615384615384 0.052884615384615384
2 0.6502403846153846 0.46153846153846156 0.02403846153846154 0.055288461538461536
2 0.8341346153846154 0.4266826923076923 0.026442307692307692 0.052884615384615384
2 0.8413461538461539 0.39903846153846156 0.02403846153846154 0.052884615384615384
2 0.3425480769230769 0.5685096153846154 0.028846153846153848 0.057692307692307696
2 0.2848557692307692 0.6875 0.036057692307692304 0.06971153846153846
2 0.4795673076923077 0.7391826923076923 0.04326923076923077 0.08653846153846154
2 0.8521634615384616 0.4723557692307692 0.03125 0.07211538461538461
2 0.39783653846153844 0.5673076923076923 0.03365384615384615 0.057692307692307696
2 0.20673076923076922 0.7283653846153846 0.03125 0.07211538461538461
2 0.6286057692307693 0.6670673076923077 0.040865384615384616 0.08173076923076923
0 0.10096153846153846 0.6225961538461539 0.009615384615384616 0.014423076923076924
1 0.12259615384615384 0.5432692307692307 0.026442307692307692 0.04807692307692308