2 0.7548076923076923 0.3112980769230769 0.010817307692307692 0.054086538461538464
3 0.40625 0.26322115384615385 0.008413461538461538 0.04447115384615385
2 0.41586538461538464 0.31009615384615385 0.009615384615384616 0.05048076923076923
2 0.6983173076923077 0.31490384615384615 0.01201923076923077 0.052884615384615384
2 0.5180288461538461 0.3004807692307692 0.014423076923076924 0.04807692307692308
2 0.8689903846153846 0.44471153846153844 0.016826923076923076 0.078125
2 0.19110576923076922 0.34134615384615385 0.01201923076923077 0.055288461538461536
2 0.3894230769230769 0.31971153846153844 0.013221153846153846 0.05889423076923077
2 0.5721153846153846 0.3137019230769231 0.02403846153846154 0.046875
2 0.8100961538461539 0.36177884615384615 0.014423076923076924 0.0625
2 0.5240384615384616 0.34134615384615385 0.010817307692307692 0.06009615384615385
2 0.2403846153846154 0.43028846153846156 0.015625 0.078125
2 0.4987980769230769 0.33052884615384615 0.018028846153846152 0.046875
2 0.7692307692307693 0.3641826923076923 0.013221153846153846 0.0673076923076923
2 0.2980769230769231 0.3581730769230769 0.01201923076923077 0.0673076923076923
3 0.484375 0.390625 0.01201923076923077 0.0673076923076923
2 0.5048076923076923 0.38341346153846156 0.014423076923076924 0.06490384615384616
2 0.6382211538461539 0.3798076923076923 0.014423076923076924 0.06610576923076923
2 0.71875 0.5841346153846154 0.018028846153846152 0.09735576923076923
2 0.44711538461538464 0.6706730769230769 0.020432692307692308 0.10697115384615384
2 0.3293269230769231 0.4170673076923077 0.013221153846153846 0.0733173076923077
2 0.7463942307692307 0.49038461538461536 0.020432692307692308 0.09014423076923077
0 0.5564903846153846 0.18269230769230768 0.004807692307692308 0.009615384615384616