3 0.6310096153846154 0.18629807692307693 0.019230769230769232 0.06490384615384616
2 0.25841346153846156 0.38822115384615385 0.028846153846153848 0.09134615384615384
2 0.24639423076923078 0.39783653846153844 0.03125 0.08653846153846154
2 0.5492788461538461 0.23557692307692307 0.02403846153846154 0.06971153846153846
2 0.5012019230769231 0.33653846153846156 0.02403846153846154 0.07451923076923077
2 0.5288461538461539 0.36658653846153844 0.028846153846153848 0.0889423076923077
2 0.5949519230769231 0.3016826923076923 0.036057692307692304 0.07932692307692307
2 0.6394230769230769 0.2620192307692308 0.02403846153846154 0.08413461538461539
2 0.1622596153846154 0.3161057692307692 0.03125 0.07692307692307693
2 0.1971153846153846 0.31850961538461536 0.028846153846153848 0.06971153846153846
2 0.39783653846153844 0.2644230769230769 0.02403846153846154 0.08173076923076923
2 0.5865384615384616 0.3641826923076923 0.03125 0.09375
2 0.7776442307692307 0.30288461538461536 0.028846153846153848 0.0889423076923077
2 0.7524038461538461 0.3161057692307692 0.026442307692307692 0.0985576923076923
2 0.7223557692307693 0.3858173076923077 0.026442307692307692 0.0985576923076923
2 0.7319711538461539 0.2692307692307692 0.03125 0.0889423076923077
3 0.5192307692307693 0.40865384615384615 0.03125 0.10817307692307693
2 0.2704326923076923 0.47115384615384615 0.036057692307692304 0.12259615384615384
2 0.9182692307692307 0.40024038461538464 0.028846153846153848 0.11298076923076923
2 0.0985576923076923 0.4879807692307692 0.038461538461538464 0.11778846153846154
2 0.8449519230769231 0.6225961538461539 0.038461538461538464 0.1346153846153846
2 0.28125 0.6670673076923077 0.052884615384615384 0.1346153846153846
0 0.25600961538461536 0.4338942307692308 0.009615384615384616 0.016826923076923076