2 0.41947115384615385 0.45552884615384615 0.019230769230769232 0.040865384615384616
2 0.46634615384615385 0.4230769230769231 0.02403846153846154 0.040865384615384616
3 0.2860576923076923 0.44350961538461536 0.019230769230769232 0.038461538461538464
2 0.35336538461538464 0.4891826923076923 0.021634615384615384 0.040865384615384616
2 0.3425480769230769 0.49158653846153844 0.026442307692307692 0.04326923076923077
2 0.3737980769230769 0.4362980769230769 0.021634615384615384 0.038461538461538464
2 0.5492788461538461 0.4206730769230769 0.021634615384615384 0.04326923076923077
2 0.5709134615384616 0.41947115384615385 0.021634615384615384 0.04567307692307692
2 0.6682692307692307 0.42908653846153844 0.02403846153846154 0.052884615384615384
2 0.4338942307692308 0.47475961538461536 0.021634615384615384 0.04567307692307692
2 0.6875 0.4182692307692308 0.02403846153846154 0.04807692307692308
2 0.45072115384615385 0.47115384615384615 0.02403846153846154 0.04807692307692308
3 0.5540865384615384 0.4651442307692308 0.03125 0.057692307692307696
2 0.8305288461538461 0.5012019230769231 0.03365384615384615 0.06971153846153846
2 0.5516826923076923 0.5024038461538461 0.03125 0.06009615384615385
2 0.9423076923076923 0.5552884615384616 0.036057692307692304 0.07932692307692307
2 0.44711538461538464 0.5961538461538461 0.028846153846153848 0.0673076923076923
2 0.5012019230769231 0.5204326923076923 0.026442307692307692 0.06009615384615385
2 0.1971153846153846 0.5925480769230769 0.03365384615384615 0.0625
2 0.734375 0.47115384615384615 0.028846153846153848 0.0673076923076923
2 0.7716346153846154 0.7572115384615384 0.05048076923076923 0.0985576923076923
2 0.18269230769230768 0.7536057692307693 0.040865384615384616 0.08653846153846154
0 0.3389423076923077 0.49759615384615385 0.007211538461538462 0.01201923076923077