3 0.17307692307692307 0.3245192307692308 0.014423076923076924 0.03125
2 0.5829326923076923 0.4795673076923077 0.016826923076923076 0.04326923076923077
2 0.7391826923076923 0.5264423076923077 0.019230769230769232 0.04567307692307692
2 0.5360576923076923 0.4266826923076923 0.016826923076923076 0.038461538461538464
2 0.3329326923076923 0.3701923076923077 0.016826923076923076 0.036057692307692304
2 0.37740384615384615 0.4495192307692308 0.019230769230769232 0.04567307692307692
2 0.6346153846153846 0.5564903846153846 0.02403846153846154 0.052884615384615384
2 0.9182692307692307 0.6622596153846154 0.036057692307692304 0.0625
2 0.9411057692307693 0.6826923076923077 0.03365384615384615 0.057692307692307696
2 0.2091346153846154 0.36899038461538464 0.019230769230769232 0.04326923076923077
2 0.3088942307692308 0.578125 0.026442307692307692 0.0673076923076923
3 0.49278846153846156 0.5372596153846154 0.021634615384615384 0.055288461538461536
2 0.359375 0.5048076923076923 0.02403846153846154 0.057692307692307696
2 0.16466346153846154 0.4723557692307692 0.026442307692307692 0.055288461538461536
2 0.15865384615384615 0.4423076923076923 0.02403846153846154 0.057692307692307696
2 0.6875 0.6129807692307693 0.028846153846153848 0.06009615384615385
2 0.7475961538461539 0.7355769230769231 0.036057692307692304 0.07211538461538461
2 0.5456730769230769 0.7944711538461539 0.04326923076923077 0.09134615384615384
2 0.14783653846153846 0.5204326923076923 0.03125 0.07451923076923077
2 0.6274038461538461 0.6117788461538461 0.036057692307692304 0.0625
2 0.8329326923076923 0.7776442307692307 0.03125 0.07692307692307693
2 0.3870192307692308 0.7223557692307693 0.04326923076923077 0.08653846153846154
0 0.9423076923076923 0.6646634615384616 0.009615384615384616 0.016826923076923076
1 0.9158653846153846 0.5805288461538461 0.026442307692307692 0.052884615384615384