2 0.2512019230769231 0.29927884615384615 0.014423076923076924 0.055288461538461536
3 0.6117788461538461 0.2692307692307692 0.01201923076923077 0.04567307692307692
2 0.5997596153846154 0.3161057692307692 0.01201923076923077 0.052884615384615384
2 0.31009615384615385 0.30649038461538464 0.014423076923076924 0.055288461538461536
2 0.4951923076923077 0.3016826923076923 0.016826923076923076 0.05048076923076923
2 0.12740384615384615 0.43028846153846156 0.021634615384615384 0.08173076923076923
2 0.828125 0.359375 0.014423076923076924 0.057692307692307696
2 0.6262019230769231 0.3269230769230769 0.016826923076923076 0.0625
2 0.4375 0.3125 0.028846153846153848 0.05048076923076923
2 0.19230769230769232 0.3473557692307692 0.016826923076923076 0.06490384615384616
2 0.48677884615384615 0.34134615384615385 0.014423076923076924 0.0625
2 0.7728365384615384 0.4495192307692308 0.021634615384615384 0.07932692307692307
2 0.5144230769230769 0.3329326923076923 0.021634615384615384 0.04807692307692308
2 0.23317307692307693 0.35216346153846156 0.016826923076923076 0.06971153846153846
2 0.71875 0.3713942307692308 0.016826923076923076 0.06971153846153846
3 0.5240384615384616 0.3942307692307692 0.016826923076923076 0.06971153846153846
2 0.5036057692307693 0.3870192307692308 0.016826923076923076 0.0673076923076923
2 0.36778846153846156 0.3762019230769231 0.016826923076923076 0.0673076923076923
2 0.27403846153846156 0.5817307692307693 0.02403846153846154 0.10096153846153846
2 0.546875 0.6838942307692307 0.026442307692307692 0.11057692307692307
2 0.6814903846153846 0.43028846153846156 0.016826923076923076 0.07451923076923077
2 0.25 0.4831730769230769 0.026442307692307692 0.09375
0 0.46153846153846156 0.1778846153846154 0.004807692307692308 0.009615384615384616