3 0.8365384615384616 0.33533653846153844 0.014423076923076924 0.028846153846153848
2 0.4423076923076923 0.46875 0.016826923076923076 0.040865384615384616
2 0.2920673076923077 0.5084134615384616 0.016826923076923076 0.04326923076923077
2 0.4879807692307692 0.421875 0.014423076923076924 0.036057692307692304
2 0.6826923076923077 0.37259615384615385 0.014423076923076924 0.03365384615384615
2 0.6382211538461539 0.44591346153846156 0.016826923076923076 0.04326923076923077
2 0.390625 0.5408653846153846 0.021634615384615384 0.05048076923076923
2 0.11899038461538461 0.6310096153846154 0.03125 0.057692307692307696
2 0.09615384615384616 0.6490384615384616 0.03125 0.055288461538461536
2 0.8004807692307693 0.375 0.016826923076923076 0.040865384615384616
2 0.6983173076923077 0.5721153846153846 0.021634615384615384 0.06490384615384616
3 0.5252403846153846 0.5264423076923077 0.019230769230769232 0.052884615384615384
2 0.6526442307692307 0.5 0.021634615384615384 0.055288461538461536
2 0.8389423076923077 0.47475961538461536 0.02403846153846154 0.052884615384615384
2 0.8473557692307693 0.44711538461538464 0.021634615384615384 0.052884615384615384
2 0.3401442307692308 0.5925480769230769 0.026442307692307692 0.057692307692307696
2 0.2764423076923077 0.7067307692307693 0.03365384615384615 0.06971153846153846
2 0.4675480769230769 0.7680288461538461 0.038461538461538464 0.08653846153846154
2 0.8545673076923077 0.5228365384615384 0.028846153846153848 0.07211538461538461
2 0.3954326923076923 0.5925480769230769 0.03125 0.057692307692307696
2 0.19591346153846154 0.7439903846153846 0.026442307692307692 0.07211538461538461
2 0.6201923076923077 0.7055288461538461 0.038461538461538464 0.08173076923076923
0 0.09615384615384616 0.6322115384615384 0.009615384615384616 0.014423076923076924
1 0.12259615384615384 0.5552884615384616 0.02403846153846154 0.04807692307692308