2 0.625 0.34615384615384615 0.01201923076923077 0.03365384615384615
1 0.9963942307692307 0.4254807692307692 0.007211538461538462 0.052884615384615384
2 0.3858173076923077 0.328125 0.01201923076923077 0.03365384615384615
2 0.4375 0.32211538461538464 0.009615384615384616 0.036057692307692304
3 0.18028846153846154 0.31490384615384615 0.009615384615384616 0.036057692307692304
2 0.41346153846153844 0.3713942307692308 0.01201923076923077 0.04807692307692308
2 0.5697115384615384 0.3713942307692308 0.009615384615384616 0.04326923076923077
2 0.5264423076923077 0.390625 0.01201923076923077 0.04326923076923077
2 0.9807692307692307 0.5300480769230769 0.019230769230769232 0.0625
2 0.625 0.4074519230769231 0.014423076923076924 0.05048076923076923
2 0.5072115384615384 0.47115384615384615 0.014423076923076924 0.06009615384615385
2 0.7944711538461539 0.4110576923076923 0.014423076923076924 0.04807692307692308
2 0.7752403846153846 0.4182692307692308 0.014423076923076924 0.04326923076923077
2 0.4891826923076923 0.4579326923076923 0.01201923076923077 0.055288461538461536
2 0.16346153846153846 0.4206730769230769 0.014423076923076924 0.06009615384615385
2 0.26802884615384615 0.37740384615384615 0.014423076923076924 0.04807692307692308
2 0.1466346153846154 0.4182692307692308 0.014423076923076924 0.052884615384615384
3 0.5336538461538461 0.4206730769230769 0.016826923076923076 0.05048076923076923
2 0.6622596153846154 0.5204326923076923 0.026442307692307692 0.06490384615384616
2 0.18509615384615385 0.49759615384615385 0.016826923076923076 0.06490384615384616
2 0.375 0.5360576923076923 0.019230769230769232 0.0673076923076923
2 0.34134615384615385 0.6322115384615384 0.028846153846153848 0.07211538461538461
2 0.8125 0.8257211538461539 0.03125 0.11057692307692307
0 0.8798076923076923 0.5 0.007211538461538462 0.014423076923076924