3 0.609375 0.23197115384615385 0.014423076923076924 0.0625
2 0.2512019230769231 0.4026442307692308 0.021634615384615384 0.08413461538461539
2 0.23918269230769232 0.4110576923076923 0.026442307692307692 0.07932692307692307
2 0.5300480769230769 0.27403846153846156 0.016826923076923076 0.06490384615384616
2 0.4807692307692308 0.36538461538461536 0.016826923076923076 0.06971153846153846
2 0.5048076923076923 0.39663461538461536 0.02403846153846154 0.08173076923076923
2 0.5697115384615384 0.3389423076923077 0.03125 0.07451923076923077
2 0.6129807692307693 0.30408653846153844 0.019230769230769232 0.07692307692307693
2 0.16466346153846154 0.33052884615384615 0.026442307692307692 0.07211538461538461
2 0.1971153846153846 0.33533653846153844 0.02403846153846154 0.06490384615384616
2 0.3870192307692308 0.2932692307692308 0.019230769230769232 0.07692307692307693
2 0.5600961538461539 0.39663461538461536 0.026442307692307692 0.08653846153846154
2 0.7415865384615384 0.3485576923076923 0.021634615384615384 0.08173076923076923
2 0.7175480769230769 0.3605769230769231 0.021634615384615384 0.09134615384615384
2 0.6850961538461539 0.42427884615384615 0.019230769230769232 0.09134615384615384
2 0.7007211538461539 0.31490384615384615 0.02403846153846154 0.08173076923076923
3 0.49399038461538464 0.43509615384615385 0.02403846153846154 0.10096153846153846
2 0.25721153846153844 0.4807692307692308 0.026442307692307692 0.11298076923076923
2 0.8689903846153846 0.44591346153846156 0.021634615384615384 0.10336538461538461
2 0.09615384615384616 0.4879807692307692 0.028846153846153848 0.10817307692307693
2 0.7884615384615384 0.6514423076923077 0.028846153846153848 0.125
2 0.25841346153846156 0.6658653846153846 0.04326923076923077 0.12740384615384615
0 0.24759615384615385 0.44471153846153844 0.007211538461538462 0.014423076923076924