2 0.4879807692307692 0.38461538461538464 0.016826923076923076 0.038461538461538464
2 0.5444711538461539 0.3798076923076923 0.02403846153846154 0.040865384615384616
3 0.37740384615384615 0.3125 0.019230769230769232 0.036057692307692304
2 0.41466346153846156 0.38341346153846156 0.019230769230769232 0.038461538461538464
2 0.40625 0.3798076923076923 0.02403846153846154 0.040865384615384616
2 0.4579326923076923 0.3473557692307692 0.019230769230769232 0.036057692307692304
2 0.6165865384615384 0.41346153846153844 0.019230769230769232 0.04326923076923077
2 0.6358173076923077 0.4230769230769231 0.019230769230769232 0.04326923076923077
2 0.7163461538461539 0.47596153846153844 0.02403846153846154 0.052884615384615384
2 0.49158653846153844 0.4074519230769231 0.019230769230769232 0.04326923076923077
2 0.7367788461538461 0.47596153846153844 0.02403846153846154 0.04807692307692308
2 0.5084134615384616 0.41225961538461536 0.021634615384615384 0.04807692307692308
3 0.6009615384615384 0.45552884615384615 0.028846153846153848 0.055288461538461536
2 0.8221153846153846 0.6117788461538461 0.03125 0.0673076923076923
2 0.5805288461538461 0.4855769230769231 0.028846153846153848 0.057692307692307696
2 0.8930288461538461 0.7103365384615384 0.03125 0.07692307692307693
2 0.44711538461538464 0.5192307692307693 0.026442307692307692 0.06490384615384616
2 0.5288461538461539 0.47836538461538464 0.02403846153846154 0.06009615384615385
2 0.234375 0.40024038461538464 0.028846153846153848 0.06009615384615385
2 0.7536057692307693 0.5420673076923077 0.026442307692307692 0.06490384615384616
2 0.6538461538461539 0.8064903846153846 0.04567307692307692 0.09615384615384616
2 0.1466346153846154 0.5324519230769231 0.038461538461538464 0.08413461538461539
0 0.40024038461538464 0.38461538461538464 0.007211538461538462 0.01201923076923077