2 0.5841346153846154 0.4206730769230769 0.01201923076923077 0.04326923076923077
2 0.5276442307692307 0.34134615384615385 0.01201923076923077 0.03365384615384615
2 0.7896634615384616 0.38341346153846156 0.016826923076923076 0.038461538461538464
2 0.5528846153846154 0.390625 0.014423076923076924 0.04807692307692308
3 0.41586538461538464 0.296875 0.01201923076923077 0.038461538461538464
2 0.5540865384615384 0.34975961538461536 0.014423076923076924 0.040865384615384616
2 0.3954326923076923 0.328125 0.014423076923076924 0.038461538461538464
2 0.48677884615384615 0.36177884615384615 0.014423076923076924 0.04807692307692308
2 0.796875 0.4387019230769231 0.014423076923076924 0.055288461538461536
2 0.5024038461538461 0.375 0.01201923076923077 0.04807692307692308
2 0.18990384615384615 0.3293269230769231 0.016826923076923076 0.04326923076923077
2 0.7620192307692307 0.36778846153846156 0.014423076923076924 0.04326923076923077
2 0.7884615384615384 0.4423076923076923 0.016826923076923076 0.055288461538461536
2 0.578125 0.43149038461538464 0.016826923076923076 0.06009615384615385
1 0.11899038461538461 0.32211538461538464 0.02403846153846154 0.04807692307692308
3 0.49038461538461536 0.4050480769230769 0.019230769230769232 0.057692307692307696
2 0.8112980769230769 0.5144230769230769 0.016826923076923076 0.0673076923076923
2 0.3545673076923077 0.43149038461538464 0.016826923076923076 0.06009615384615385
2 0.2800480769230769 0.37259615384615385 0.02403846153846154 0.055288461538461536
2 0.7824519230769231 0.6177884615384616 0.026442307692307692 0.08413461538461539
2 0.25 0.4639423076923077 0.021634615384615384 0.06971153846153846
2 0.7608173076923077 0.5504807692307693 0.026442307692307692 0.07692307692307693
2 0.6286057692307693 0.7451923076923077 0.03365384615384615 0.10096153846153846
0 0.36778846153846156 0.052884615384615384 0.004807692307692308 0.009615384615384616