3 0.18990384615384615 0.3125 0.014423076923076924 0.028846153846153848
2 0.5661057692307693 0.44711538461538464 0.014423076923076924 0.040865384615384616
2 0.7115384615384616 0.4879807692307692 0.014423076923076924 0.040865384615384616
2 0.5240384615384616 0.40024038461538464 0.014423076923076924 0.03365384615384615
2 0.33653846153846156 0.35096153846153844 0.014423076923076924 0.03365384615384615
2 0.3786057692307692 0.4230769230769231 0.016826923076923076 0.040865384615384616
2 0.6153846153846154 0.5168269230769231 0.019230769230769232 0.04807692307692308
2 0.875 0.6081730769230769 0.03125 0.055288461538461536
2 0.8978365384615384 0.6262019230769231 0.028846153846153848 0.052884615384615384
2 0.2247596153846154 0.35216346153846156 0.016826923076923076 0.038461538461538464
2 0.31850961538461536 0.5420673076923077 0.02403846153846154 0.0625
3 0.4855769230769231 0.5024038461538461 0.019230769230769232 0.05048076923076923
2 0.3629807692307692 0.4735576923076923 0.021634615384615384 0.052884615384615384
2 0.18629807692307693 0.44711538461538464 0.02403846153846154 0.05048076923076923
2 0.1778846153846154 0.41947115384615385 0.021634615384615384 0.05048076923076923
2 0.6634615384615384 0.5685096153846154 0.026442307692307692 0.055288461538461536
2 0.7211538461538461 0.6790865384615384 0.03125 0.0673076923076923
2 0.5372596153846154 0.7355769230769231 0.038461538461538464 0.08173076923076923
2 0.16826923076923078 0.49278846153846156 0.028846153846153848 0.0673076923076923
2 0.609375 0.5673076923076923 0.03125 0.057692307692307696
2 0.8004807692307693 0.7163461538461539 0.026442307692307692 0.07211538461538461
2 0.3918269230769231 0.671875 0.036057692307692304 0.07932692307692307
0 0.8978365384615384 0.6105769230769231 0.009615384615384616 0.014423076923076924
1 0.8737980769230769 0.5348557692307693 0.02403846153846154 0.04807692307692308