2 0.5829326923076923 0.41466346153846156 0.007211538461538462 0.042067307692307696
2 0.5192307692307693 0.34375 0.007211538461538462 0.03365384615384615
2 0.78125 0.3605769230769231 0.014423076923076924 0.038461538461538464
3 0.9326923076923077 0.9795673076923077 0.021634615384615384 0.039663461538461536
2 0.5492788461538461 0.3894230769230769 0.008413461538461538 0.046875
3 0.4074519230769231 0.3088942307692308 0.009615384615384616 0.037259615384615384
2 0.5480769230769231 0.3485576923076923 0.010817307692307692 0.038461538461538464
2 0.3894230769230769 0.34134615384615385 0.010817307692307692 0.038461538461538464
2 0.48197115384615385 0.3641826923076923 0.010817307692307692 0.046875
2 0.7932692307692307 0.41466346153846156 0.009615384615384616 0.054086538461538464
2 0.4987980769230769 0.37740384615384615 0.007211538461538462 0.046875
2 0.18870192307692307 0.359375 0.010817307692307692 0.042067307692307696
2 0.7536057692307693 0.3473557692307692 0.008413461538461538 0.042067307692307696
2 0.7848557692307693 0.4182692307692308 0.01201923076923077 0.055288461538461536
2 0.578125 0.4266826923076923 0.010817307692307692 0.057692307692307696
1 0.11778846153846154 0.3581730769230769 0.019230769230769232 0.04447115384615385
3 0.49038461538461536 0.4074519230769231 0.01201923076923077 0.055288461538461536
2 0.8125 0.48677884615384615 0.01201923076923077 0.06610576923076923
2 0.3581730769230769 0.44471153846153844 0.010817307692307692 0.05889423076923077
2 0.2800480769230769 0.39302884615384615 0.018028846153846152 0.054086538461538464
2 0.7944711538461539 0.5913461538461539 0.020432692307692308 0.08173076923076923
2 0.25841346153846156 0.4855769230769231 0.014423076923076924 0.06850961538461539
2 0.7680288461538461 0.5264423076923077 0.020432692307692308 0.07451923076923077
2 0.6538461538461539 0.7295673076923077 0.025240384615384616 0.09735576923076923
0 0.3389423076923077 0.0733173076923077 0.004807692307692308 0.008413461538461538