2 0.6454326923076923 0.3473557692307692 0.016826923076923076 0.036057692307692304
2 0.4074519230769231 0.29086538461538464 0.016826923076923076 0.036057692307692304
2 0.46153846153846156 0.29447115384615385 0.014423076923076924 0.036057692307692304
3 0.20192307692307693 0.24639423076923078 0.014423076923076924 0.038461538461538464
2 0.42908653846153844 0.34134615384615385 0.019230769230769232 0.05048076923076923
2 0.5865384615384616 0.36538461538461536 0.016826923076923076 0.04567307692307692
2 0.5396634615384616 0.3786057692307692 0.019230769230769232 0.04567307692307692
2 0.9759615384615384 0.5913461538461539 0.028846153846153848 0.06490384615384616
2 0.6370192307692307 0.4110576923076923 0.021634615384615384 0.05048076923076923
2 0.5072115384615384 0.45552884615384615 0.02403846153846154 0.06009615384615385
2 0.8076923076923077 0.4411057692307692 0.021634615384615384 0.04807692307692308
2 0.7872596153846154 0.44591346153846156 0.021634615384615384 0.04567307692307692
2 0.49158653846153844 0.43990384615384615 0.021634615384615384 0.055288461538461536
2 0.16947115384615385 0.34975961538461536 0.02403846153846154 0.06009615384615385
2 0.2824519230769231 0.3233173076923077 0.021634615384615384 0.05048076923076923
2 0.15264423076923078 0.34375 0.02403846153846154 0.055288461538461536
3 0.5420673076923077 0.4098557692307692 0.02403846153846154 0.052884615384615384
2 0.65625 0.5300480769230769 0.036057692307692304 0.0673076923076923
2 0.1778846153846154 0.43028846153846156 0.026442307692307692 0.0673076923076923
2 0.3641826923076923 0.4987980769230769 0.03125 0.06971153846153846
2 0.31490384615384615 0.5925480769230769 0.038461538461538464 0.07451923076923077
2 0.7596153846153846 0.8629807692307693 0.05048076923076923 0.11538461538461539
0 0.8798076923076923 0.5456730769230769 0.009615384615384616 0.014423076923076924