3 0.8341346153846154 0.38341346153846156 0.007211538461538462 0.026442307692307692
2 0.44350961538461536 0.43509615384615385 0.007211538461538462 0.038461538461538464
2 0.296875 0.44591346153846156 0.007211538461538462 0.039663461538461536
2 0.49399038461538464 0.39903846153846156 0.007211538461538462 0.03365384615384615
2 0.6850961538461539 0.390625 0.008413461538461538 0.03125
2 0.6286057692307693 0.45072115384615385 0.008413461538461538 0.039663461538461536
2 0.38221153846153844 0.49278846153846156 0.010817307692307692 0.046875
2 0.11298076923076923 0.5276442307692307 0.020432692307692308 0.051682692307692304
2 0.08774038461538461 0.5408653846153846 0.019230769230769232 0.05048076923076923
2 0.7932692307692307 0.41346153846153844 0.009615384615384616 0.037259615384615384
2 0.6634615384615384 0.578125 0.010817307692307692 0.06009615384615385
3 0.5096153846153846 0.5048076923076923 0.008413461538461538 0.04927884615384615
2 0.6334134615384616 0.5024038461538461 0.010817307692307692 0.05048076923076923
2 0.8112980769230769 0.5132211538461539 0.014423076923076924 0.04807692307692308
2 0.8245192307692307 0.4891826923076923 0.010817307692307692 0.04927884615384615
2 0.32572115384615385 0.53125 0.015625 0.051682692307692304
2 0.24639423076923078 0.6262019230769231 0.019230769230769232 0.0625
2 0.41346153846153844 0.71875 0.02283653846153846 0.078125
2 0.8173076923076923 0.5600961538461539 0.014423076923076924 0.06610576923076923
2 0.37740384615384615 0.5432692307692307 0.020432692307692308 0.052884615384615384
2 0.16346153846153846 0.6466346153846154 0.01201923076923077 0.06850961538461539
2 0.5661057692307693 0.6875 0.021634615384615384 0.07451923076923077
0 0.09134615384615384 0.5252403846153846 0.007211538461538462 0.01201923076923077
1 0.12980769230769232 0.4579326923076923 0.013221153846153846 0.04447115384615385