2 0.5997596153846154 0.35336538461538464 0.009615384615384616 0.03245192307692308
1 0.9663461538461539 0.4098557692307692 0.015625 0.05048076923076923
2 0.3701923076923077 0.3473557692307692 0.009615384615384616 0.03125
2 0.41947115384615385 0.3389423076923077 0.007211538461538462 0.03365384615384615
3 0.17307692307692307 0.3449519230769231 0.007211538461538462 0.03485576923076923
2 0.40024038461538464 0.38822115384615385 0.008413461538461538 0.046875
2 0.5480769230769231 0.3798076923076923 0.008413461538461538 0.042067307692307696
2 0.5072115384615384 0.40024038461538464 0.009615384615384616 0.042067307692307696
2 0.9495192307692307 0.5108173076923077 0.014423076923076924 0.05889423076923077
2 0.6033653846153846 0.41225961538461536 0.010817307692307692 0.046875
2 0.49399038461538464 0.4795673076923077 0.010817307692307692 0.056490384615384616
2 0.765625 0.40625 0.010817307692307692 0.04567307692307692
2 0.7475961538461539 0.41346153846153844 0.01201923076923077 0.040865384615384616
2 0.47596153846153844 0.4675480769230769 0.009615384615384616 0.051682692307692304
2 0.1622596153846154 0.44711538461538464 0.010817307692307692 0.056490384615384616
2 0.2608173076923077 0.40024038461538464 0.010817307692307692 0.046875
2 0.1466346153846154 0.44471153846153844 0.010817307692307692 0.05048076923076923
3 0.5168269230769231 0.42908653846153844 0.01201923076923077 0.04807692307692308
2 0.6442307692307693 0.5180288461538461 0.021634615384615384 0.06129807692307692
2 0.1875 0.5192307692307693 0.013221153846153846 0.06129807692307692
2 0.3701923076923077 0.5456730769230769 0.015625 0.06370192307692307
2 0.34375 0.640625 0.02283653846153846 0.0673076923076923
2 0.8040865384615384 0.8016826923076923 0.025240384615384616 0.1045673076923077
0 0.8521634615384616 0.48677884615384615 0.006009615384615385 0.013221153846153846