2 0.34975961538461536 0.40384615384615385 0.016826923076923076 0.036057692307692304
2 0.3425480769230769 0.4098557692307692 0.014423076923076924 0.03125
2 0.5264423076923077 0.3545673076923077 0.016826923076923076 0.028846153846153848
2 0.5480769230769231 0.34975961538461536 0.02403846153846154 0.03365384615384615
2 0.4699519230769231 0.39783653846153844 0.019230769230769232 0.038461538461538464
2 0.6334134615384616 0.3485576923076923 0.019230769230769232 0.036057692307692304
2 0.4375 0.4639423076923077 0.02403846153846154 0.052884615384615384
2 0.5096153846153846 0.38461538461538464 0.019230769230769232 0.04326923076923077
2 0.4879807692307692 0.4074519230769231 0.019230769230769232 0.04326923076923077
2 0.19110576923076922 0.6814903846153846 0.03365384615384615 0.07211538461538461
1 0.8894230769230769 0.31009615384615385 0.016826923076923076 0.04326923076923077
2 0.23197115384615385 0.5408653846153846 0.02403846153846154 0.055288461538461536
2 0.2548076923076923 0.47836538461538464 0.019230769230769232 0.04567307692307692
2 0.6887019230769231 0.38221153846153844 0.021634615384615384 0.04807692307692308
2 0.28125 0.47475961538461536 0.02403846153846154 0.04807692307692308
2 0.22235576923076922 0.5973557692307693 0.028846153846153848 0.06490384615384616
2 0.6117788461538461 0.46274038461538464 0.026442307692307692 0.057692307692307696
2 0.7740384615384616 0.47475961538461536 0.03125 0.06971153846153846
2 0.3641826923076923 0.78125 0.04326923076923077 0.09134615384615384
0 0.6141826923076923 0.35336538461538464 0.007211538461538462 0.009615384615384616
3 0.5697115384615384 0.328125 0.014423076923076924 0.036057692307692304
3 0.43028846153846156 0.44591346153846156 0.02403846153846154 0.04567307692307692