3 0.8605769230769231 0.41466346153846156 0.01201923076923077 0.028846153846153848
2 0.4375 0.41947115384615385 0.014423076923076924 0.04326923076923077
2 0.2800480769230769 0.4110576923076923 0.014423076923076924 0.04326923076923077
2 0.4951923076923077 0.38822115384615385 0.01201923076923077 0.036057692307692304
2 0.6995192307692307 0.40384615384615385 0.01201923076923077 0.03365384615384615
2 0.6334134615384616 0.46033653846153844 0.014423076923076924 0.04326923076923077
2 0.3641826923076923 0.4723557692307692 0.019230769230769232 0.05048076923076923
2 0.07211538461538461 0.47475961538461536 0.028846153846153848 0.057692307692307696
2 0.04447115384615385 0.4855769230769231 0.026442307692307692 0.055288461538461536
2 0.8137019230769231 0.4423076923076923 0.014423076923076924 0.040865384615384616
2 0.6526442307692307 0.5997596153846154 0.019230769230769232 0.06490384615384616
3 0.4987980769230769 0.5024038461538461 0.016826923076923076 0.052884615384615384
2 0.6310096153846154 0.515625 0.019230769230769232 0.055288461538461536
2 0.8197115384615384 0.5516826923076923 0.021634615384615384 0.052884615384615384
2 0.8353365384615384 0.5264423076923077 0.019230769230769232 0.052884615384615384
2 0.29927884615384615 0.5072115384615384 0.02403846153846154 0.057692307692307696
2 0.20192307692307693 0.5973557692307693 0.028846153846153848 0.06971153846153846
2 0.36778846153846156 0.71875 0.036057692307692304 0.08653846153846154
2 0.8197115384615384 0.6021634615384616 0.02403846153846154 0.07211538461538461
2 0.35216346153846156 0.5252403846153846 0.028846153846153848 0.057692307692307696
2 0.11177884615384616 0.6081730769230769 0.021634615384615384 0.07451923076923077
2 0.5348557692307693 0.7055288461538461 0.03365384615384615 0.08173076923076923
0 0.04927884615384615 0.46875 0.009615384615384616 0.014423076923076924
1 0.09975961538461539 0.4026442307692308 0.019230769230769232 0.05048076923076923