2 0.3762019230769231 0.3701923076923077 0.009615384615384616 0.03365384615384615
2 0.36899038461538464 0.375 0.007211538461538462 0.03125
2 0.5588942307692307 0.3629807692307692 0.010817307692307692 0.027644230769230768
2 0.5805288461538461 0.3629807692307692 0.016826923076923076 0.030048076923076924
2 0.4951923076923077 0.3918269230769231 0.01201923076923077 0.037259615384615384
2 0.6634615384615384 0.38100961538461536 0.01201923076923077 0.03365384615384615
2 0.4483173076923077 0.4483173076923077 0.013221153846153846 0.051682692307692304
2 0.5348557692307693 0.38822115384615385 0.010817307692307692 0.040865384615384616
2 0.5096153846153846 0.4050480769230769 0.010817307692307692 0.042067307692307696
2 0.1622596153846154 0.6045673076923077 0.019230769230769232 0.0673076923076923
1 0.9206730769230769 0.4014423076923077 0.008413461538461538 0.042067307692307696
2 0.23197115384615385 0.47716346153846156 0.013221153846153846 0.052884615384615384
2 0.26802884615384615 0.421875 0.008413461538461538 0.04447115384615385
2 0.7091346153846154 0.4254807692307692 0.010817307692307692 0.046875
2 0.29447115384615385 0.4254807692307692 0.013221153846153846 0.04567307692307692
2 0.21153846153846154 0.5300480769230769 0.015625 0.0625
2 0.6177884615384616 0.48677884615384615 0.014423076923076924 0.055288461538461536
2 0.7716346153846154 0.5348557692307693 0.016826923076923076 0.0673076923076923
2 0.30649038461538464 0.7403846153846154 0.02403846153846154 0.08653846153846154
0 0.6442307692307693 0.3798076923076923 0.004807692307692308 0.008413461538461538
3 0.6081730769230769 0.3473557692307692 0.007211538461538462 0.03485576923076923
3 0.44591346153846156 0.43028846153846156 0.015625 0.040865384615384616