2 0.2668269230769231 0.24519230769230768 0.02403846153846154 0.06009615384615385
3 0.6430288461538461 0.28365384615384615 0.021634615384615384 0.04807692307692308
2 0.6213942307692307 0.33052884615384615 0.021634615384615384 0.055288461538461536
2 0.3245192307692308 0.2620192307692308 0.026442307692307692 0.057692307692307696
2 0.5168269230769231 0.29447115384615385 0.028846153846153848 0.052884615384615384
2 0.11177884615384616 0.35336538461538464 0.038461538461538464 0.08653846153846154
2 0.8485576923076923 0.421875 0.026442307692307692 0.0625
2 0.6454326923076923 0.3485576923076923 0.028846153846153848 0.06490384615384616
2 0.45552884615384615 0.29447115384615385 0.038461538461538464 0.055288461538461536
2 0.19471153846153846 0.28125 0.03125 0.06971153846153846
2 0.5 0.33533653846153844 0.026442307692307692 0.06490384615384616
2 0.7716346153846154 0.5024038461538461 0.036057692307692304 0.08653846153846154
2 0.5300480769230769 0.3317307692307692 0.03125 0.052884615384615384
2 0.23677884615384615 0.2956730769230769 0.03125 0.07451923076923077
2 0.7319711538461539 0.41225961538461536 0.03125 0.07451923076923077
3 0.5276442307692307 0.39663461538461536 0.03125 0.07451923076923077
2 0.5072115384615384 0.38461538461538464 0.03125 0.07211538461538461
2 0.3701923076923077 0.34615384615384615 0.03125 0.07211538461538461
2 0.23076923076923078 0.5396634615384616 0.04326923076923077 0.10576923076923077
2 0.49399038461538464 0.7007211538461539 0.04807692307692308 0.11778846153846154
2 0.6838942307692307 0.4651442307692308 0.03365384615384615 0.07932692307692307
2 0.2283653846153846 0.4338942307692308 0.04567307692307692 0.0985576923076923
0 0.5072115384615384 0.15985576923076922 0.007211538461538462 0.01201923076923077