2 0.3701923076923077 0.3269230769230769 0.016826923076923076 0.036057692307692304
2 0.36177884615384615 0.33052884615384615 0.01201923076923077 0.03365384615384615
2 0.5649038461538461 0.34615384615384615 0.014423076923076924 0.03125
2 0.5889423076923077 0.34975961538461536 0.021634615384615384 0.03365384615384615
2 0.49278846153846156 0.36778846153846156 0.019230769230769232 0.04326923076923077
2 0.6742788461538461 0.38100961538461536 0.019230769230769232 0.038461538461538464
2 0.43509615384615385 0.4206730769230769 0.021634615384615384 0.057692307692307696
2 0.5360576923076923 0.36899038461538464 0.016826923076923076 0.04567307692307692
2 0.5060096153846154 0.38461538461538464 0.019230769230769232 0.04567307692307692
2 0.10697115384615384 0.5432692307692307 0.03125 0.07451923076923077
1 0.9435096153846154 0.4411057692307692 0.014423076923076924 0.04567307692307692
2 0.20072115384615385 0.41947115384615385 0.021634615384615384 0.057692307692307696
2 0.24759615384615385 0.36538461538461536 0.016826923076923076 0.04807692307692308
2 0.7151442307692307 0.43509615384615385 0.019230769230769232 0.05048076923076923
2 0.27403846153846156 0.37259615384615385 0.021634615384615384 0.05048076923076923
2 0.17067307692307693 0.4723557692307692 0.026442307692307692 0.06971153846153846
2 0.609375 0.48677884615384615 0.02403846153846154 0.06009615384615385
2 0.765625 0.5600961538461539 0.028846153846153848 0.07451923076923077
2 0.2403846153846154 0.7103365384615384 0.038461538461538464 0.09615384615384616
0 0.6526442307692307 0.37740384615384615 0.007211538461538462 0.009615384615384616
3 0.6189903846153846 0.33653846153846156 0.014423076923076924 0.038461538461538464
3 0.43509615384615385 0.4014423076923077 0.02403846153846154 0.04567307692307692