2 0.41346153846153844 0.3942307692307692 0.016826923076923076 0.038461538461538464
2 0.46033653846153844 0.36778846153846156 0.021634615384615384 0.040865384615384616
3 0.2860576923076923 0.3713942307692308 0.014423076923076924 0.036057692307692304
2 0.34615384615384615 0.4206730769230769 0.019230769230769232 0.038461538461538464
2 0.33653846153846156 0.421875 0.021634615384615384 0.040865384615384616
2 0.3701923076923077 0.37259615384615385 0.016826923076923076 0.036057692307692304
2 0.5396634615384616 0.37259615384615385 0.016826923076923076 0.040865384615384616
2 0.5600961538461539 0.37259615384615385 0.016826923076923076 0.04326923076923077
2 0.6526442307692307 0.390625 0.019230769230769232 0.05048076923076923
2 0.42427884615384615 0.41466346153846156 0.016826923076923076 0.04326923076923077
2 0.6706730769230769 0.38221153846153844 0.021634615384615384 0.04807692307692308
2 0.4411057692307692 0.4110576923076923 0.019230769230769232 0.04807692307692308
3 0.5396634615384616 0.41586538461538464 0.02403846153846154 0.052884615384615384
2 0.8004807692307693 0.47115384615384615 0.028846153846153848 0.0673076923076923
2 0.5348557692307693 0.4495192307692308 0.026442307692307692 0.055288461538461536
2 0.9026442307692307 0.5336538461538461 0.028846153846153848 0.07451923076923077
2 0.42788461538461536 0.53125 0.021634615384615384 0.0625
2 0.4855769230769231 0.4639423076923077 0.021634615384615384 0.06009615384615385
2 0.18990384615384615 0.5060096153846154 0.026442307692307692 0.06009615384615385
2 0.7115384615384616 0.4362980769230769 0.021634615384615384 0.0625
2 0.7223557692307693 0.7103365384615384 0.040865384615384616 0.09375
2 0.1622596153846154 0.6586538461538461 0.03365384615384615 0.08173076923076923
0 0.3329326923076923 0.42788461538461536 0.007211538461538462 0.01201923076923077