0 0.125 0.6610576923076923 0.007211538461538462 0.014423076923076924
1 0.10697115384615384 0.43028846153846156 0.010817307692307692 0.04447115384615385
3 0.8677884615384616 0.36658653846153844 0.007211538461538462 0.030048076923076924
2 0.6850961538461539 0.3701923076923077 0.006009615384615385 0.030048076923076924
2 0.7560096153846154 0.38100961538461536 0.013221153846153846 0.03485576923076923
2 0.3088942307692308 0.42788461538461536 0.009615384615384616 0.04447115384615385
2 0.4807692307692308 0.37740384615384615 0.007211538461538462 0.03245192307692308
2 0.5 0.4110576923076923 0.008413461538461538 0.042067307692307696
2 0.4230769230769231 0.4723557692307692 0.010817307692307692 0.04567307692307692
2 0.21634615384615385 0.5757211538461539 0.010817307692307692 0.06850961538461539
2 0.8641826923076923 0.484375 0.015625 0.051682692307692304
2 0.6526442307692307 0.43028846153846156 0.009615384615384616 0.04567307692307692
2 0.3701923076923077 0.4567307692307692 0.009615384615384616 0.04807692307692308
2 0.6117788461538461 0.4483173076923077 0.010817307692307692 0.046875
2 0.8389423076923077 0.4519230769230769 0.009615384615384616 0.046875
2 0.0985576923076923 0.5625 0.02403846153846154 0.06490384615384616
2 0.5612980769230769 0.5336538461538461 0.013221153846153846 0.057692307692307696
3 0.5612980769230769 0.4855769230769231 0.010817307692307692 0.054086538461538464
2 0.3389423076923077 0.6911057692307693 0.01201923076923077 0.07091346153846154
2 0.5396634615384616 0.6550480769230769 0.013221153846153846 0.06971153846153846
2 0.6382211538461539 0.5276442307692307 0.014423076923076924 0.057692307692307696
2 0.9026442307692307 0.5216346153846154 0.01201923076923077 0.06129807692307692
2 0.7512019230769231 0.6394230769230769 0.018028846153846152 0.078125
2 0.13581730769230768 0.7259615384615384 0.020432692307692308 0.08533653846153846