2 0.4483173076923077 0.40024038461538464 0.009615384615384616 0.03485576923076923
2 0.49759615384615385 0.38341346153846156 0.013221153846153846 0.037259615384615384
3 0.3317307692307692 0.35697115384615385 0.009615384615384616 0.03365384615384615
2 0.38100961538461536 0.41466346153846156 0.010817307692307692 0.03485576923076923
2 0.3713942307692308 0.41346153846153844 0.014423076923076924 0.037259615384615384
2 0.41225961538461536 0.37259615384615385 0.010817307692307692 0.03365384615384615
2 0.5709134615384616 0.40024038461538464 0.009615384615384616 0.038461538461538464
2 0.5901442307692307 0.40384615384615385 0.010817307692307692 0.039663461538461536
2 0.6754807692307693 0.43509615384615385 0.010817307692307692 0.046875
2 0.45552884615384615 0.4206730769230769 0.008413461538461538 0.040865384615384616
2 0.6935096153846154 0.43149038461538464 0.01201923076923077 0.04326923076923077
2 0.4723557692307692 0.4206730769230769 0.010817307692307692 0.04326923076923077
3 0.5649038461538461 0.4411057692307692 0.015625 0.04927884615384615
2 0.8004807692307693 0.5372596153846154 0.015625 0.0625
2 0.5540865384615384 0.4723557692307692 0.015625 0.051682692307692304
2 0.8858173076923077 0.6129807692307693 0.014423076923076924 0.06971153846153846
2 0.4387019230769231 0.53125 0.010817307692307692 0.06009615384615385
2 0.5036057692307693 0.47716346153846156 0.010817307692307692 0.055288461538461536
2 0.21875 0.46875 0.015625 0.055288461538461536
2 0.7235576923076923 0.4891826923076923 0.010817307692307692 0.06009615384615385
2 0.6875 0.75 0.025240384615384616 0.08653846153846154
2 0.16706730769230768 0.6069711538461539 0.019230769230769232 0.07692307692307693
0 0.36658653846153844 0.4182692307692308 0.004807692307692308 0.009615384615384616