2 0.5865384615384616 0.42427884615384615 0.016826923076923076 0.04567307692307692
2 0.5372596153846154 0.3317307692307692 0.016826923076923076 0.036057692307692304
2 0.8112980769230769 0.41586538461538464 0.02403846153846154 0.04326923076923077
2 0.5576923076923077 0.38822115384615385 0.021634615384615384 0.052884615384615384
3 0.4266826923076923 0.26802884615384615 0.019230769230769232 0.04326923076923077
2 0.5649038461538461 0.3449519230769231 0.021634615384615384 0.04326923076923077
2 0.40024038461538464 0.2980769230769231 0.021634615384615384 0.04326923076923077
2 0.49158653846153844 0.34615384615384615 0.02403846153846154 0.052884615384615384
2 0.8112980769230769 0.47596153846153844 0.02403846153846154 0.06009615384615385
2 0.5072115384615384 0.3629807692307692 0.019230769230769232 0.05048076923076923
2 0.1814903846153846 0.26802884615384615 0.021634615384615384 0.04807692307692308
2 0.7848557692307693 0.3942307692307692 0.019230769230769232 0.04567307692307692
2 0.8016826923076923 0.47716346153846156 0.026442307692307692 0.0625
2 0.578125 0.4362980769230769 0.026442307692307692 0.0625
1 0.10576923076923077 0.25 0.03125 0.05048076923076923
3 0.49038461538461536 0.3942307692307692 0.026442307692307692 0.0625
2 0.8137019230769231 0.5576923076923077 0.028846153846153848 0.07211538461538461
2 0.3401442307692308 0.4014423076923077 0.026442307692307692 0.06490384615384616
2 0.2692307692307692 0.3269230769230769 0.03365384615384615 0.0625
2 0.7680288461538461 0.6646634615384616 0.040865384615384616 0.09134615384615384
2 0.22355769230769232 0.4206730769230769 0.03125 0.07692307692307693
2 0.7560096153846154 0.5889423076923077 0.038461538461538464 0.08413461538461539
2 0.5853365384615384 0.7764423076923077 0.05048076923076923 0.10817307692307693
0 0.4098557692307692 0.002403846153846154 0.007211538461538462 0.004807692307692308