2 0.6454326923076923 0.3713942307692308 0.01201923076923077 0.036057692307692304
2 0.6550480769230769 0.375 0.009615384615384616 0.03365384615384615
2 0.4543269230769231 0.3605769230769231 0.01201923076923077 0.028846153846153848
2 0.43028846153846156 0.359375 0.019230769230769232 0.03365384615384615
2 0.5216346153846154 0.3918269230769231 0.014423076923076924 0.040865384615384616
2 0.34375 0.37740384615384615 0.014423076923076924 0.036057692307692304
2 0.5709134615384616 0.4519230769230769 0.014423076923076924 0.055288461538461536
2 0.4807692307692308 0.38822115384615385 0.01201923076923077 0.04326923076923077
2 0.5048076923076923 0.4050480769230769 0.01201923076923077 0.04326923076923077
2 0.8653846153846154 0.6201923076923077 0.021634615384615384 0.07211538461538461
1 0.07451923076923077 0.3942307692307692 0.009615384615384616 0.04567307692307692
2 0.7956730769230769 0.4855769230769231 0.014423076923076924 0.055288461538461536
2 0.7596153846153846 0.42788461538461536 0.009615384615384616 0.04807692307692308
2 0.2956730769230769 0.4230769230769231 0.01201923076923077 0.05048076923076923
2 0.7307692307692307 0.43028846153846156 0.014423076923076924 0.04807692307692308
2 0.8173076923076923 0.5420673076923077 0.016826923076923076 0.0673076923076923
2 0.390625 0.4879807692307692 0.014423076923076924 0.057692307692307696
2 0.22716346153846154 0.5372596153846154 0.019230769230769232 0.06971153846153846
2 0.7127403846153846 0.7608173076923077 0.026442307692307692 0.09134615384615384
0 0.36658653846153844 0.37740384615384615 0.004807692307692308 0.009615384615384616
3 0.40384615384615385 0.34375 0.007211538461538462 0.038461538461538464
3 0.5721153846153846 0.4326923076923077 0.016826923076923076 0.04326923076923077