2 0.5685096153846154 0.44591346153846156 0.016826923076923076 0.04807692307692308
2 0.48197115384615385 0.38461538461538464 0.016826923076923076 0.038461538461538464
2 0.7716346153846154 0.33774038461538464 0.02403846153846154 0.04567307692307692
2 0.5264423076923077 0.42788461538461536 0.021634615384615384 0.052884615384615384
3 0.35096153846153844 0.3737980769230769 0.019230769230769232 0.04326923076923077
2 0.5132211538461539 0.38341346153846156 0.021634615384615384 0.04567307692307692
2 0.34134615384615385 0.41466346153846156 0.021634615384615384 0.04326923076923077
2 0.44591346153846156 0.4170673076923077 0.02403846153846154 0.052884615384615384
2 0.7992788461538461 0.39302884615384615 0.02403846153846154 0.06009615384615385
2 0.4675480769230769 0.4254807692307692 0.019230769230769232 0.052884615384615384
2 0.125 0.4855769230769231 0.02403846153846154 0.05048076923076923
2 0.7379807692307693 0.33052884615384615 0.019230769230769232 0.04807692307692308
2 0.7908653846153846 0.39783653846153844 0.028846153846153848 0.0625
2 0.5661057692307693 0.46153846153846156 0.026442307692307692 0.06490384615384616
1 0.04807692307692308 0.5024038461538461 0.03125 0.052884615384615384
3 0.46634615384615385 0.46153846153846156 0.028846153846153848 0.06490384615384616
2 0.8389423076923077 0.46634615384615385 0.028846153846153848 0.07451923076923077
2 0.3317307692307692 0.5360576923076923 0.026442307692307692 0.0673076923076923
2 0.234375 0.4987980769230769 0.03365384615384615 0.0625
2 0.84375 0.5853365384615384 0.04326923076923077 0.09375
2 0.23317307692307693 0.6045673076923077 0.03365384615384615 0.07932692307692307
2 0.7992788461538461 0.5228365384615384 0.040865384615384616 0.08653846153846154
2 0.7271634615384616 0.7704326923076923 0.052884615384615384 0.11298076923076923
0 0.21754807692307693 0.1346153846153846 0.007211538461538462 0.009615384615384616