3 0.6454326923076923 0.23557692307692307 0.028846153846153848 0.06971153846153846
2 0.21394230769230768 0.3233173076923077 0.038461538461538464 0.09375
2 0.20072115384615385 0.3293269230769231 0.04326923076923077 0.0889423076923077
2 0.5492788461538461 0.25961538461538464 0.03365384615384615 0.07451923076923077
2 0.47115384615384615 0.3449519230769231 0.03125 0.07692307692307693
2 0.49038461538461536 0.38461538461538464 0.040865384615384616 0.09134615384615384
2 0.5745192307692307 0.3401442307692308 0.04807692307692308 0.08413461538461539
2 0.6310096153846154 0.3137019230769231 0.036057692307692304 0.08653846153846154
2 0.14182692307692307 0.22235576923076922 0.040865384615384616 0.08173076923076923
2 0.17548076923076922 0.23557692307692307 0.038461538461538464 0.07451923076923077
2 0.390625 0.24158653846153846 0.03365384615384615 0.08653846153846154
2 0.5480769230769231 0.40024038461538464 0.04326923076923077 0.0985576923076923
2 0.7548076923076923 0.39663461538461536 0.040865384615384616 0.09375
2 0.7271634615384616 0.4026442307692308 0.040865384615384616 0.10336538461538461
2 0.6766826923076923 0.46274038461538464 0.040865384615384616 0.10336538461538461
2 0.7211538461538461 0.34975961538461536 0.040865384615384616 0.09375
3 0.4675480769230769 0.4230769230769231 0.04567307692307692 0.11298076923076923
2 0.20192307692307693 0.40865384615384615 0.05048076923076923 0.12740384615384615
2 0.8665865384615384 0.5348557692307693 0.04567307692307692 0.11538461538461539
2 0.027644230769230768 0.3737980769230769 0.04807692307692308 0.1201923076923077
2 0.7259615384615384 0.7331730769230769 0.055288461538461536 0.14182692307692307
2 0.15264423076923078 0.6069711538461539 0.06971153846153846 0.14423076923076922
0 0.19951923076923078 0.36899038461538464 0.01201923076923077 0.016826923076923076