2 0.6274038461538461 0.3713942307692308 0.01201923076923077 0.03365384615384615
1 0.9927884615384616 0.46875 0.014423076923076924 0.052884615384615384
2 0.3942307692307692 0.34134615384615385 0.01201923076923077 0.03365384615384615
2 0.44591346153846156 0.3389423076923077 0.009615384615384616 0.03365384615384615
3 0.19230769230769232 0.3173076923076923 0.009615384615384616 0.036057692307692304
2 0.4206730769230769 0.3870192307692308 0.014423076923076924 0.04807692307692308
2 0.5733173076923077 0.3942307692307692 0.01201923076923077 0.04326923076923077
2 0.5288461538461539 0.4110576923076923 0.014423076923076924 0.04326923076923077
2 0.9675480769230769 0.5709134615384616 0.021634615384615384 0.0625
2 0.6237980769230769 0.4326923076923077 0.016826923076923076 0.04807692307692308
2 0.5060096153846154 0.4891826923076923 0.016826923076923076 0.057692307692307696
2 0.7908653846153846 0.44471153846153844 0.016826923076923076 0.04807692307692308
2 0.7728365384615384 0.4495192307692308 0.016826923076923076 0.04326923076923077
2 0.4891826923076923 0.47596153846153844 0.014423076923076924 0.052884615384615384
2 0.17067307692307693 0.4206730769230769 0.016826923076923076 0.057692307692307696
2 0.2764423076923077 0.38461538461538464 0.016826923076923076 0.04807692307692308
2 0.15504807692307693 0.4182692307692308 0.016826923076923076 0.052884615384615384
3 0.5348557692307693 0.4411057692307692 0.019230769230769232 0.05048076923076923
2 0.65625 0.5456730769230769 0.028846153846153848 0.06490384615384616
2 0.18870192307692307 0.49759615384615385 0.019230769230769232 0.0625
2 0.3737980769230769 0.5444711538461539 0.021634615384615384 0.0673076923076923
2 0.33533653846153844 0.6382211538461539 0.03125 0.07211538461538461
2 0.7884615384615384 0.8521634615384616 0.038461538461538464 0.10817307692307693
0 0.8713942307692307 0.5360576923076923 0.007211538461538462 0.014423076923076924