2 0.46634615384615385 0.4050480769230769 0.01201923076923077 0.036057692307692304
2 0.5168269230769231 0.3918269230769231 0.016826923076923076 0.038461538461538464
3 0.35096153846153844 0.35096153846153844 0.01201923076923077 0.03365384615384615
2 0.3954326923076923 0.41346153846153844 0.014423076923076924 0.036057692307692304
2 0.3858173076923077 0.4110576923076923 0.016826923076923076 0.038461538461538464
2 0.43149038461538464 0.375 0.014423076923076924 0.03365384615384615
2 0.5901442307692307 0.41586538461538464 0.01201923076923077 0.040865384615384616
2 0.609375 0.421875 0.014423076923076924 0.040865384615384616
2 0.6923076923076923 0.46153846153846156 0.016826923076923076 0.04807692307692308
2 0.47115384615384615 0.4266826923076923 0.014423076923076924 0.04326923076923077
2 0.7127403846153846 0.4579326923076923 0.016826923076923076 0.04567307692307692
2 0.4879807692307692 0.42788461538461536 0.016826923076923076 0.04567307692307692
3 0.5805288461538461 0.4579326923076923 0.019230769230769232 0.05048076923076923
2 0.8125 0.5757211538461539 0.021634615384615384 0.06490384615384616
2 0.5673076923076923 0.4891826923076923 0.021634615384615384 0.055288461538461536
2 0.8930288461538461 0.6598557692307693 0.021634615384615384 0.07211538461538461
2 0.44471153846153844 0.5372596153846154 0.016826923076923076 0.0625
2 0.515625 0.4891826923076923 0.016826923076923076 0.057692307692307696
2 0.22596153846153846 0.4543269230769231 0.021634615384615384 0.057692307692307696
2 0.7379807692307693 0.5192307692307693 0.016826923076923076 0.0625
2 0.6778846153846154 0.7824519230769231 0.03365384615384615 0.09134615384615384
2 0.16105769230769232 0.5913461538461539 0.026442307692307692 0.07932692307692307
0 0.38100961538461536 0.41586538461538464 0.004807692307692308 0.01201923076923077