0 0.0985576923076923 0.6105769230769231 0.009615384615384616 0.016826923076923076
1 0.10336538461538461 0.359375 0.016826923076923076 0.04807692307692308
3 0.9290865384615384 0.37740384615384615 0.009615384615384616 0.03365384615384615
2 0.7307692307692307 0.359375 0.009615384615384616 0.03365384615384615
2 0.8064903846153846 0.3798076923076923 0.019230769230769232 0.040865384615384616
2 0.32211538461538464 0.3798076923076923 0.014423076923076924 0.04807692307692308
2 0.5120192307692307 0.3449519230769231 0.01201923076923077 0.036057692307692304
2 0.5288461538461539 0.38341346153846156 0.01201923076923077 0.04567307692307692
2 0.43990384615384615 0.4411057692307692 0.016826923076923076 0.05048076923076923
2 0.20432692307692307 0.5276442307692307 0.019230769230769232 0.07451923076923077
2 0.9110576923076923 0.5036057692307693 0.021634615384615384 0.057692307692307696
2 0.6899038461538461 0.421875 0.016826923076923076 0.05048076923076923
2 0.38341346153846156 0.4170673076923077 0.016826923076923076 0.052884615384615384
2 0.6442307692307693 0.4362980769230769 0.016826923076923076 0.05048076923076923
2 0.8882211538461539 0.46634615384615385 0.014423076923076924 0.05048076923076923
2 0.08052884615384616 0.5024038461538461 0.03365384615384615 0.07211538461538461
2 0.5793269230769231 0.5216346153846154 0.021634615384615384 0.0625
3 0.5853365384615384 0.4699519230769231 0.016826923076923076 0.057692307692307696
2 0.3245192307692308 0.6658653846153846 0.021634615384615384 0.07692307692307693
2 0.5432692307692307 0.6502403846153846 0.021634615384615384 0.07692307692307693
2 0.6634615384615384 0.5228365384615384 0.021634615384615384 0.06490384615384616
2 0.9483173076923077 0.5480769230769231 0.019230769230769232 0.0673076923076923
2 0.7728365384615384 0.65625 0.028846153846153848 0.08653846153846154
2 0.10096153846153846 0.6802884615384616 0.03125 0.09375