2 0.8689903846153846 0.5228365384615384 0.019230769230769232 0.040865384615384616
1 0.8918269230769231 0.4110576923076923 0.019230769230769232 0.038461538461538464
2 0.6838942307692307 0.3329326923076923 0.014423076923076924 0.03125
2 0.6862980769230769 0.4375 0.019230769230769232 0.04567307692307692
2 0.7331730769230769 0.37740384615384615 0.016826923076923076 0.040865384615384616
2 0.8341346153846154 0.5252403846153846 0.02403846153846154 0.05048076923076923
2 0.7331730769230769 0.5012019230769231 0.026442307692307692 0.05048076923076923
2 0.3713942307692308 0.2860576923076923 0.016826923076923076 0.036057692307692304
2 0.22716346153846154 0.2860576923076923 0.016826923076923076 0.04326923076923077
2 0.6442307692307693 0.4170673076923077 0.019230769230769232 0.04567307692307692
2 0.3581730769230769 0.36778846153846156 0.016826923076923076 0.038461538461538464
2 0.43990384615384615 0.4795673076923077 0.021634615384615384 0.04326923076923077
2 0.24639423076923078 0.36658653846153844 0.019230769230769232 0.04807692307692308
2 0.6670673076923077 0.47836538461538464 0.019230769230769232 0.04567307692307692
2 0.7427884615384616 0.5564903846153846 0.02403846153846154 0.052884615384615384
3 0.6189903846153846 0.46875 0.019230769230769232 0.04807692307692308
2 0.20432692307692307 0.4807692307692308 0.02403846153846154 0.052884615384615384
2 0.21153846153846154 0.29927884615384615 0.019230769230769232 0.04326923076923077
2 0.7524038461538461 0.49759615384615385 0.026442307692307692 0.05048076923076923
2 0.21153846153846154 0.4050480769230769 0.026442307692307692 0.057692307692307696
2 0.47716346153846156 0.5360576923076923 0.02403846153846154 0.0625
3 0.025240384615384616 0.7776442307692307 0.04567307692307692 0.0889423076923077
2 0.4170673076923077 0.265625 0.016826923076923076 0.03125
3 0.6430288461538461 0.23557692307692307 0.014423076923076924 0.03125
0 0.6622596153846154 0.5492788461538461 0.009615384615384616 0.014423076923076924