1 0.8425480769230769 0.22235576923076922 0.016826923076923076 0.03125
2 0.4170673076923077 0.21634615384615385 0.009615384615384616 0.03365384615384615
2 0.24639423076923078 0.3112980769230769 0.009615384615384616 0.036057692307692304
2 0.6153846153846154 0.26802884615384615 0.014423076923076924 0.04326923076923077
2 0.2692307692307692 0.25721153846153844 0.009615384615384616 0.03125
2 0.24759615384615385 0.3401442307692308 0.014423076923076924 0.04326923076923077
2 0.42427884615384615 0.27403846153846156 0.009615384615384616 0.040865384615384616
2 0.6959134615384616 0.19591346153846154 0.01201923076923077 0.03365384615384615
2 0.8100961538461539 0.30528846153846156 0.014423076923076924 0.038461538461538464
2 0.5697115384615384 0.3545673076923077 0.014423076923076924 0.04326923076923077
2 0.7740384615384616 0.29927884615384615 0.014423076923076924 0.04807692307692308
2 0.23798076923076922 0.5444711538461539 0.016826923076923076 0.057692307692307696
2 0.44591346153846156 0.2668269230769231 0.01201923076923077 0.038461538461538464
2 0.22716346153846154 0.6826923076923077 0.019230769230769232 0.06490384615384616
3 0.3473557692307692 0.35697115384615385 0.014423076923076924 0.04567307692307692
2 0.6418269230769231 0.5733173076923077 0.028846153846153848 0.06971153846153846
2 0.6526442307692307 0.34375 0.019230769230769232 0.04567307692307692
2 0.22716346153846154 0.41586538461538464 0.01201923076923077 0.055288461538461536
2 0.3016826923076923 0.47716346153846156 0.016826923076923076 0.057692307692307696
2 0.5564903846153846 0.47475961538461536 0.019230769230769232 0.057692307692307696
2 0.2980769230769231 0.25841346153846156 0.01201923076923077 0.03365384615384615
3 0.2692307692307692 0.19591346153846154 0.009615384615384616 0.03125
0 0.8016826923076923 0.25721153846153844 0.004807692307692308 0.007211538461538462