2 0.46033653846153844 0.265625 0.009615384615384616 0.028846153846153848
2 0.4723557692307692 0.48197115384615385 0.01201923076923077 0.04807692307692308
2 0.47596153846153844 0.3076923076923077 0.009615384615384616 0.028846153846153848
2 0.5612980769230769 0.25600961538461536 0.009615384615384616 0.028846153846153848
3 0.4567307692307692 0.7932692307692307 0.021634615384615384 0.0889423076923077
2 0.3641826923076923 0.31490384615384615 0.009615384615384616 0.038461538461538464
2 0.5829326923076923 0.2668269230769231 0.009615384615384616 0.028846153846153848
2 0.4050480769230769 0.33052884615384615 0.009615384615384616 0.038461538461538464
2 0.328125 0.390625 0.009615384615384616 0.040865384615384616
2 0.6358173076923077 0.3245192307692308 0.009615384615384616 0.038461538461538464
1 0.046875 0.3798076923076923 0.014423076923076924 0.040865384615384616
2 0.2548076923076923 0.3088942307692308 0.009615384615384616 0.036057692307692304
2 0.6730769230769231 0.45552884615384615 0.01201923076923077 0.04807692307692308
3 0.5540865384615384 0.36778846153846156 0.009615384615384616 0.04326923076923077
2 0.4182692307692308 0.3798076923076923 0.009615384615384616 0.04326923076923077
2 0.6646634615384616 0.3858173076923077 0.01201923076923077 0.04567307692307692
1 0.9483173076923077 0.36538461538461536 0.014423076923076924 0.04807692307692308
2 0.5889423076923077 0.4206730769230769 0.01201923076923077 0.04807692307692308
2 0.49158653846153844 0.3701923076923077 0.009615384615384616 0.040865384615384616
2 0.6538461538461539 0.36899038461538464 0.01201923076923077 0.040865384615384616
2 0.10817307692307693 0.4495192307692308 0.01201923076923077 0.04807692307692308
2 0.35336538461538464 0.7608173076923077 0.021634615384615384 0.07451923076923077
2 0.6201923076923077 0.5697115384615384 0.019230769230769232 0.055288461538461536
3 0.6069711538461539 0.23197115384615385 0.01201923076923077 0.038461538461538464
2 0.3954326923076923 0.24759615384615385 0.01201923076923077 0.038461538461538464
0 0.2644230769230769 0.32572115384615385 0.004807692307692308 0.009615384615384616