1 0.9134615384615384 0.39663461538461536 0.016826923076923076 0.04326923076923077
2 0.49399038461538464 0.7115384615384616 0.036057692307692304 0.07692307692307693
2 0.3233173076923077 0.27163461538461536 0.014423076923076924 0.038461538461538464
2 0.46274038461538464 0.5276442307692307 0.026442307692307692 0.052884615384615384
2 0.5805288461538461 0.41346153846153844 0.021634615384615384 0.04807692307692308
2 0.5637019230769231 0.4699519230769231 0.021634615384615384 0.052884615384615384
2 0.6478365384615384 0.33052884615384615 0.016826923076923076 0.040865384615384616
2 0.5048076923076923 0.26322115384615385 0.01201923076923077 0.03365384615384615
2 0.8161057692307693 0.5252403846153846 0.016826923076923076 0.052884615384615384
2 0.8076923076923077 0.6346153846153846 0.028846153846153848 0.055288461538461536
2 0.3137019230769231 0.40625 0.021634615384615384 0.055288461538461536
3 0.44711538461538464 0.4050480769230769 0.014423076923076924 0.04567307692307692
2 0.2512019230769231 0.2848557692307692 0.016826923076923076 0.040865384615384616
2 0.3954326923076923 0.3545673076923077 0.019230769230769232 0.04567307692307692
2 0.6550480769230769 0.3701923076923077 0.014423076923076924 0.040865384615384616
2 0.2536057692307692 0.3557692307692308 0.021634615384615384 0.04807692307692308
2 0.29927884615384615 0.41947115384615385 0.019230769230769232 0.04326923076923077
2 0.3786057692307692 0.4579326923076923 0.021634615384615384 0.038461538461538464
2 0.7175480769230769 0.6370192307692307 0.026442307692307692 0.0625
2 0.19591346153846154 0.3786057692307692 0.026442307692307692 0.04807692307692308
2 0.4411057692307692 0.6105769230769231 0.036057692307692304 0.0673076923076923
3 0.03365384615384615 0.7920673076923077 0.040865384615384616 0.09134615384615384
2 0.90625 0.5060096153846154 0.021634615384615384 0.052884615384615384
3 0.6754807692307693 0.234375 0.01201923076923077 0.03125