2 0.7403846153846154 0.35216346153846156 0.016826923076923076 0.040865384615384616
3 0.10336538461538461 0.1502403846153846 0.019230769230769232 0.04567307692307692
2 0.5985576923076923 0.2776442307692308 0.014423076923076924 0.036057692307692304
0 0.6442307692307693 0.33533653846153844 0.009615384615384616 0.014423076923076924
2 0.5096153846153846 0.21514423076923078 0.019230769230769232 0.038461538461538464
2 0.5612980769230769 0.2920673076923077 0.019230769230769232 0.05048076923076923
2 0.4182692307692308 0.2980769230769231 0.021634615384615384 0.055288461538461536
2 0.5649038461538461 0.421875 0.026442307692307692 0.057692307692307696
2 0.31009615384615385 0.2091346153846154 0.016826923076923076 0.05048076923076923
1 0.96875 0.3713942307692308 0.021634615384615384 0.057692307692307696
2 0.26802884615384615 0.19831730769230768 0.016826923076923076 0.04567307692307692
3 0.5360576923076923 0.32211538461538464 0.021634615384615384 0.055288461538461536
2 0.26322115384615385 0.25841346153846156 0.019230769230769232 0.052884615384615384
2 0.5324519230769231 0.22956730769230768 0.026442307692307692 0.04567307692307692
2 0.6033653846153846 0.3245192307692308 0.02403846153846154 0.055288461538461536
2 0.17668269230769232 0.27163461538461536 0.021634615384615384 0.052884615384615384
2 0.08653846153846154 0.21634615384615385 0.021634615384615384 0.055288461538461536
2 0.46634615384615385 0.3449519230769231 0.028846153846153848 0.057692307692307696
2 0.7403846153846154 0.3870192307692308 0.02403846153846154 0.06490384615384616
2 0.25721153846153844 0.3329326923076923 0.02403846153846154 0.06490384615384616
2 0.7920673076923077 0.41225961538461536 0.02403846153846154 0.0625
2 0.33533653846153844 0.30649038461538464 0.028846153846153848 0.052884615384615384
2 0.07451923076923077 0.43028846153846156 0.036057692307692304 0.07451923076923077
2 0.8185096153846154 0.7475961538461539 0.04567307692307692 0.08653846153846154