2 0.43509615384615385 0.203125 0.014423076923076924 0.03125
2 0.48677884615384615 0.4206730769230769 0.019230769230769232 0.05048076923076923
2 0.43149038461538464 0.24879807692307693 0.014423076923076924 0.03125
2 0.33052884615384615 0.22355769230769232 0.014423076923076924 0.03125
3 0.5961538461538461 0.7211538461538461 0.038461538461538464 0.09134615384615384
2 0.5432692307692307 0.22115384615384615 0.016826923076923076 0.040865384615384616
2 0.3137019230769231 0.24158653846153846 0.014423076923076924 0.028846153846153848
2 0.5084134615384616 0.25 0.019230769230769232 0.040865384615384616
2 0.6021634615384616 0.2860576923076923 0.019230769230769232 0.04326923076923077
2 0.2800480769230769 0.3137019230769231 0.016826923076923076 0.038461538461538464
1 0.8737980769230769 0.18990384615384615 0.021634615384615384 0.04326923076923077
2 0.6490384615384616 0.18389423076923078 0.016826923076923076 0.036057692307692304
2 0.28125 0.4543269230769231 0.021634615384615384 0.04807692307692308
3 0.37259615384615385 0.3317307692307692 0.019230769230769232 0.04326923076923077
2 0.5108173076923077 0.30288461538461536 0.019230769230769232 0.04326923076923077
2 0.26802884615384615 0.38221153846153844 0.019230769230769232 0.04567307692307692
2 0.35336538461538464 0.3954326923076923 0.021634615384615384 0.04807692307692308
2 0.4338942307692308 0.31490384615384615 0.019230769230769232 0.040865384615384616
2 0.27403846153846156 0.3629807692307692 0.021634615384615384 0.04326923076923077
2 0.8365384615384616 0.2776442307692308 0.019230769230769232 0.05048076923076923
2 0.6875 0.6574519230769231 0.038461538461538464 0.07932692307692307
2 0.36778846153846156 0.5504807692307693 0.028846153846153848 0.057692307692307696
3 0.27884615384615385 0.21394230769230768 0.019230769230769232 0.040865384615384616
2 0.49278846153846156 0.1658653846153846 0.019230769230769232 0.040865384615384616
0 0.6442307692307693 0.203125 0.007211538461538462 0.009615384615384616