2 0.4543269230769231 0.3161057692307692 0.014423076923076924 0.03125
2 0.7019230769230769 0.40625 0.019230769230769232 0.04807692307692308
2 0.8413461538461539 0.5492788461538461 0.02403846153846154 0.055288461538461536
2 0.3581730769230769 0.3137019230769231 0.016826923076923076 0.038461538461538464
2 0.5300480769230769 0.40384615384615385 0.026442307692307692 0.040865384615384616
2 0.6213942307692307 0.3269230769230769 0.014423076923076924 0.038461538461538464
2 0.41346153846153844 0.40865384615384615 0.019230769230769232 0.05048076923076923
2 0.7235576923076923 0.6875 0.021634615384615384 0.057692307692307696
2 0.5504807692307693 0.4387019230769231 0.016826923076923076 0.040865384615384616
2 0.5516826923076923 0.5528846153846154 0.021634615384615384 0.055288461538461536
2 0.8052884615384616 0.5552884615384616 0.016826923076923076 0.052884615384615384
2 0.7127403846153846 0.41947115384615385 0.019230769230769232 0.038461538461538464
2 0.2848557692307692 0.3870192307692308 0.016826923076923076 0.04567307692307692
3 0.5264423076923077 0.4519230769230769 0.019230769230769232 0.052884615384615384
2 0.2860576923076923 0.6237980769230769 0.028846153846153848 0.07211538461538461
2 0.6670673076923077 0.6502403846153846 0.021634615384615384 0.06009615384615385
2 0.31971153846153844 0.4411057692307692 0.021634615384615384 0.05048076923076923
2 0.49038461538461536 0.5012019230769231 0.026442307692307692 0.055288461538461536
2 0.27524038461538464 0.5456730769230769 0.028846153846153848 0.06490384615384616
3 0.036057692307692304 0.7403846153846154 0.036057692307692304 0.07932692307692307
3 0.7295673076923077 0.29086538461538464 0.014423076923076924 0.03125
0 0.5384615384615384 0.3942307692307692 0.004807692307692308 0.007211538461538462
2 0.5564903846153846 0.4266826923076923 0.014423076923076924 0.038461538461538464
2 0.28725961538461536 0.37259615384615385 0.016826923076923076 0.04326923076923077