3 0.24879807692307693 0.2091346153846154 0.007211538461538462 0.038461538461538464
2 0.4326923076923077 0.22355769230769232 0.009615384615384616 0.03125
2 0.3112980769230769 0.2283653846153846 0.01201923076923077 0.04807692307692308
2 0.6141826923076923 0.22235576923076922 0.009615384615384616 0.036057692307692304
2 0.75 0.35697115384615385 0.014423076923076924 0.057692307692307696
2 0.4951923076923077 0.265625 0.009615384615384616 0.04326923076923077
2 0.3629807692307692 0.265625 0.009615384615384616 0.04807692307692308
2 0.6598557692307693 0.27403846153846156 0.009615384615384616 0.04807692307692308
2 0.6069711538461539 0.2692307692307692 0.009615384615384616 0.04326923076923077
2 0.4387019230769231 0.29086538461538464 0.01201923076923077 0.04807692307692308
3 0.6310096153846154 0.3161057692307692 0.009615384615384616 0.04807692307692308
2 0.5745192307692307 0.33653846153846156 0.009615384615384616 0.052884615384615384
2 0.27283653846153844 0.27163461538461536 0.009615384615384616 0.04567307692307692
2 0.3329326923076923 0.3557692307692308 0.014423076923076924 0.057692307692307696
2 0.5961538461538461 0.46634615384615385 0.014423076923076924 0.0625
2 0.7836538461538461 0.39783653846153844 0.01201923076923077 0.0625
2 0.8016826923076923 0.4230769230769231 0.014423076923076924 0.0625
2 0.15625 0.5024038461538461 0.014423076923076924 0.06971153846153846
2 0.5817307692307693 0.7487980769230769 0.019230769230769232 0.08413461538461539
2 0.6766826923076923 0.42788461538461536 0.014423076923076924 0.0625
2 0.4699519230769231 0.20192307692307693 0.009615384615384616 0.03365384615384615
2 0.5985576923076923 0.19831730769230768 0.009615384615384616 0.03365384615384615