2 0.3581730769230769 0.359375 0.008413461538461538 0.038461538461538464
2 0.5264423076923077 0.25721153846153844 0.008413461538461538 0.028846153846153848
2 0.40625 0.2620192307692308 0.004807692307692308 0.025240384615384616
2 0.421875 0.24759615384615385 0.007211538461538462 0.026442307692307692
2 0.3605769230769231 0.3401442307692308 0.009615384615384616 0.042067307692307696
2 0.4951923076923077 0.2776442307692308 0.007211538461538462 0.027644230769230768
2 0.6935096153846154 0.2608173076923077 0.008413461538461538 0.030048076923076924
2 0.6201923076923077 0.28966346153846156 0.007211538461538462 0.03365384615384615
2 0.5480769230769231 0.4519230769230769 0.009615384615384616 0.04326923076923077
2 0.7091346153846154 0.35096153846153844 0.009615384615384616 0.040865384615384616
2 0.5444711538461539 0.3473557692307692 0.009615384615384616 0.036057692307692304
1 0.9038461538461539 0.33052884615384615 0.008413461538461538 0.036057692307692304
2 0.9026442307692307 0.42427884615384615 0.01201923076923077 0.04326923076923077
1 0.08413461538461539 0.3641826923076923 0.013221153846153846 0.039663461538461536
2 0.35096153846153844 0.4483173076923077 0.009615384615384616 0.04447115384615385
2 0.6310096153846154 0.3293269230769231 0.013221153846153846 0.038461538461538464
3 0.46634615384615385 0.3449519230769231 0.008413461538461538 0.038461538461538464
2 0.42908653846153844 0.41225961538461536 0.009615384615384616 0.04567307692307692
2 0.32572115384615385 0.6286057692307693 0.019230769230769232 0.057692307692307696
2 0.7668269230769231 0.5901442307692307 0.014423076923076924 0.0625
0 0.6826923076923077 0.27403846153846156 0.004807692307692308 0.007211538461538462
3 0.38822115384615385 0.2283653846153846 0.007211538461538462 0.027644230769230768
2 0.5 0.2956730769230769 0.010817307692307692 0.03125
2 0.359375 0.31850961538461536 0.008413461538461538 0.030048076923076924
2 0.6069711538461539 0.22956730769230768 0.006009615384615385 0.02403846153846154