2 0.6598557692307693 0.37740384615384615 0.021634615384615384 0.040865384615384616
2 0.37259615384615385 0.265625 0.016826923076923076 0.026442307692307692
2 0.5673076923076923 0.29086538461538464 0.014423076923076924 0.036057692307692304
2 0.36899038461538464 0.30649038461538464 0.016826923076923076 0.038461538461538464
2 0.5372596153846154 0.2824519230769231 0.016826923076923076 0.03365384615384615
2 0.6550480769230769 0.40384615384615385 0.021634615384615384 0.04807692307692308
1 0.7824519230769231 0.35216346153846156 0.016826923076923076 0.036057692307692304
2 0.23076923076923078 0.25961538461538464 0.014423076923076924 0.036057692307692304
2 0.5949519230769231 0.32572115384615385 0.016826923076923076 0.038461538461538464
2 0.375 0.3425480769230769 0.016826923076923076 0.040865384615384616
2 0.6009615384615384 0.3641826923076923 0.014423076923076924 0.038461538461538464
2 0.35096153846153844 0.25961538461538464 0.014423076923076924 0.03365384615384615
2 0.47115384615384615 0.3004807692307692 0.014423076923076924 0.036057692307692304
3 0.8798076923076923 0.6694711538461539 0.028846153846153848 0.0673076923076923
2 0.5048076923076923 0.4338942307692308 0.019230769230769232 0.05048076923076923
2 0.23677884615384615 0.30288461538461536 0.016826923076923076 0.040865384615384616
2 0.7704326923076923 0.5805288461538461 0.026442307692307692 0.055288461538461536
2 0.5336538461538461 0.4266826923076923 0.016826923076923076 0.04567307692307692
2 0.19471153846153846 0.40024038461538464 0.021634615384615384 0.055288461538461536
2 0.6538461538461539 0.47716346153846156 0.021634615384615384 0.05048076923076923
3 0.5060096153846154 0.37740384615384615 0.021634615384615384 0.04807692307692308
2 0.6814903846153846 0.47716346153846156 0.019230769230769232 0.052884615384615384
0 0.39302884615384615 0.23197115384615385 0.007211538461538462 0.009615384615384616
2 0.1971153846153846 0.38341346153846156 0.021634615384615384 0.055288461538461536
3 0.21995192307692307 0.19591346153846154 0.016826923076923076 0.036057692307692304