2 0.33533653846153844 0.3245192307692308 0.014423076923076924 0.036057692307692304
2 0.24158653846153846 0.3449519230769231 0.016826923076923076 0.038461538461538464
2 0.5733173076923077 0.3401442307692308 0.019230769230769232 0.036057692307692304
2 0.5012019230769231 0.23197115384615385 0.01201923076923077 0.028846153846153848
2 0.5925480769230769 0.359375 0.02403846153846154 0.04567307692307692
2 0.5649038461538461 0.5240384615384616 0.026442307692307692 0.057692307692307696
2 0.2860576923076923 0.3245192307692308 0.014423076923076924 0.036057692307692304
2 0.31490384615384615 0.36658653846153844 0.014423076923076924 0.03365384615384615
2 0.4579326923076923 0.29086538461538464 0.016826923076923076 0.03365384615384615
2 0.5685096153846154 0.2644230769230769 0.016826923076923076 0.036057692307692304
3 0.5192307692307693 0.3233173076923077 0.021634615384615384 0.04326923076923077
2 0.48197115384615385 0.2439903846153846 0.019230769230769232 0.03125
2 0.43990384615384615 0.42427884615384615 0.03125 0.057692307692307696
2 0.7716346153846154 0.4879807692307692 0.021634615384615384 0.06009615384615385
2 0.4855769230769231 0.390625 0.019230769230769232 0.04567307692307692
2 0.22115384615384615 0.45913461538461536 0.021634615384615384 0.052884615384615384
2 0.20552884615384615 0.375 0.019230769230769232 0.04326923076923077
2 0.20072115384615385 0.44350961538461536 0.019230769230769232 0.04807692307692308
2 0.6526442307692307 0.33052884615384615 0.016826923076923076 0.040865384615384616
3 0.984375 0.5997596153846154 0.03125 0.07451923076923077
2 0.7295673076923077 0.3798076923076923 0.016826923076923076 0.04807692307692308
2 0.2980769230769231 0.28725961538461536 0.014423076923076924 0.036057692307692304
3 0.203125 0.27524038461538464 0.01201923076923077 0.03365384615384615
0 0.6021634615384616 0.3762019230769231 0.007211538461538462 0.009615384615384616
1 0.8774038461538461 0.24639423076923078 0.019230769230769232 0.04326923076923077