3 0.6875 0.20673076923076922 0.014423076923076924 0.03365384615384615
2 0.7716346153846154 0.40384615384615385 0.019230769230769232 0.05048076923076923
2 0.5877403846153846 0.2608173076923077 0.014423076923076924 0.03365384615384615
2 0.3918269230769231 0.2439903846153846 0.016826923076923076 0.040865384615384616
2 0.32091346153846156 0.27283653846153844 0.019230769230769232 0.04326923076923077
2 0.5649038461538461 0.32572115384615385 0.016826923076923076 0.040865384615384616
2 0.7572115384615384 0.5 0.021634615384615384 0.052884615384615384
2 0.3173076923076923 0.20552884615384615 0.014423076923076924 0.036057692307692304
2 0.36658653846153844 0.2512019230769231 0.019230769230769232 0.038461538461538464
2 0.45913461538461536 0.2283653846153846 0.016826923076923076 0.038461538461538464
2 0.28846153846153844 0.24759615384615385 0.016826923076923076 0.040865384615384616
2 0.5793269230769231 0.3004807692307692 0.019230769230769232 0.04326923076923077
2 0.6213942307692307 0.2439903846153846 0.016826923076923076 0.040865384615384616
2 0.17427884615384615 0.2620192307692308 0.019230769230769232 0.05048076923076923
3 0.3786057692307692 0.3004807692307692 0.016826923076923076 0.05048076923076923
2 0.27163461538461536 0.3269230769230769 0.021634615384615384 0.05048076923076923
2 0.4963942307692308 0.453125 0.02403846153846154 0.0673076923076923
2 0.7728365384615384 0.4543269230769231 0.02403846153846154 0.06490384615384616
2 0.7439903846153846 0.3112980769230769 0.019230769230769232 0.04567307692307692
2 0.6370192307692307 0.38221153846153844 0.019230769230769232 0.05048076923076923
2 0.1778846153846154 0.36538461538461536 0.019230769230769232 0.06009615384615385
2 0.5673076923076923 0.5552884615384616 0.03125 0.06971153846153846