2 0.3629807692307692 0.3605769230769231 0.008413461538461538 0.03125
2 0.2764423076923077 0.36658653846153844 0.010817307692307692 0.03365384615384615
2 0.5697115384615384 0.4074519230769231 0.013221153846153846 0.030048076923076924
2 0.5216346153846154 0.30288461538461536 0.007211538461538462 0.025240384615384616
2 0.5829326923076923 0.42788461538461536 0.015625 0.038461538461538464
2 0.5360576923076923 0.5685096153846154 0.016826923076923076 0.05048076923076923
2 0.31850961538461536 0.3545673076923077 0.008413461538461538 0.03245192307692308
2 0.33774038461538464 0.3954326923076923 0.007211538461538462 0.030048076923076924
2 0.47596153846153844 0.3485576923076923 0.009615384615384616 0.028846153846153848
2 0.5769230769230769 0.3401442307692308 0.010817307692307692 0.030048076923076924
3 0.5252403846153846 0.3858173076923077 0.014423076923076924 0.037259615384615384
2 0.5036057692307693 0.31009615384615385 0.01201923076923077 0.026442307692307692
2 0.43990384615384615 0.4639423076923077 0.020432692307692308 0.04927884615384615
2 0.7247596153846154 0.5673076923076923 0.010817307692307692 0.051682692307692304
2 0.4855769230769231 0.43990384615384615 0.010817307692307692 0.039663461538461536
2 0.24278846153846154 0.4639423076923077 0.010817307692307692 0.046875
2 0.23918269230769232 0.38822115384615385 0.01201923076923077 0.038461538461538464
2 0.22596153846153846 0.4483173076923077 0.01201923076923077 0.042067307692307696
2 0.640625 0.4110576923076923 0.008413461538461538 0.03485576923076923
3 0.8978365384615384 0.6947115384615384 0.020432692307692308 0.0625
2 0.7019230769230769 0.4651442307692308 0.007211538461538462 0.04326923076923077
2 0.33413461538461536 0.3233173076923077 0.007211538461538462 0.03245192307692308
3 0.2512019230769231 0.29927884615384615 0.006009615384615385 0.030048076923076924
0 0.5901442307692307 0.44471153846153844 0.004807692307692308 0.007211538461538462
1 0.8509615384615384 0.36778846153846156 0.010817307692307692 0.037259615384615384