3 0.8064903846153846 0.22596153846153846 0.016826923076923076 0.036057692307692304
2 0.39663461538461536 0.4230769230769231 0.019230769230769232 0.040865384615384616
1 0.21153846153846154 0.4074519230769231 0.021634615384615384 0.038461538461538464
2 0.4098557692307692 0.421875 0.021634615384615384 0.038461538461538464
2 0.35216346153846156 0.390625 0.019230769230769232 0.04326923076923077
2 0.3713942307692308 0.38461538461538464 0.016826923076923076 0.038461538461538464
3 0.3713942307692308 0.421875 0.019230769230769232 0.04326923076923077
2 0.33533653846153844 0.44350961538461536 0.019230769230769232 0.040865384615384616
2 0.7920673076923077 0.35336538461538464 0.019230769230769232 0.04807692307692308
2 0.45913461538461536 0.41586538461538464 0.019230769230769232 0.040865384615384616
2 0.2548076923076923 0.5 0.021634615384615384 0.04567307692307692
2 0.6466346153846154 0.32572115384615385 0.019230769230769232 0.040865384615384616
2 0.5276442307692307 0.44591346153846156 0.021634615384615384 0.04567307692307692
2 0.24278846153846154 0.5516826923076923 0.019230769230769232 0.04807692307692308
3 0.051682692307692304 0.7451923076923077 0.03125 0.0673076923076923
2 0.5649038461538461 0.36778846153846156 0.019230769230769232 0.04326923076923077
2 0.3112980769230769 0.53125 0.021634615384615384 0.05048076923076923
2 0.42908653846153844 0.4963942307692308 0.021634615384615384 0.05048076923076923
2 0.7680288461538461 0.36538461538461536 0.021634615384615384 0.04807692307692308
2 0.7115384615384616 0.4831730769230769 0.026442307692307692 0.06009615384615385
2 0.5108173076923077 0.5240384615384616 0.021634615384615384 0.057692307692307696
2 0.6862980769230769 0.5012019230769231 0.026442307692307692 0.055288461538461536
2 0.390625 0.3894230769230769 0.019230769230769232 0.04567307692307692