3 0.07211538461538461 0.2644230769230769 0.009615384615384616 0.036057692307692304
2 0.6514423076923077 0.5492788461538461 0.019230769230769232 0.04567307692307692
2 0.6213942307692307 0.33774038461538464 0.016826923076923076 0.04567307692307692
1 0.7704326923076923 0.3016826923076923 0.014423076923076924 0.04326923076923077
2 0.5264423076923077 0.3317307692307692 0.016826923076923076 0.04807692307692308
2 0.6069711538461539 0.3389423076923077 0.009615384615384616 0.04807692307692308
2 0.21634615384615385 0.3329326923076923 0.009615384615384616 0.04326923076923077
2 0.7103365384615384 0.46153846153846156 0.01201923076923077 0.052884615384615384
2 0.6658653846153846 0.5360576923076923 0.021634615384615384 0.06490384615384616
2 0.3317307692307692 0.390625 0.014423076923076924 0.05048076923076923
2 0.5637019230769231 0.31009615384615385 0.009615384615384616 0.04326923076923077
3 0.5132211538461539 0.36538461538461536 0.009615384615384616 0.05048076923076923
2 0.4050480769230769 0.44471153846153844 0.009615384615384616 0.057692307692307696
2 0.6141826923076923 0.42908653846153844 0.021634615384615384 0.04807692307692308
2 0.3137019230769231 0.34375 0.01201923076923077 0.04807692307692308
2 0.41586538461538464 0.5324519230769231 0.016826923076923076 0.06490384615384616
2 0.1141826923076923 0.3762019230769231 0.014423076923076924 0.05048076923076923
2 0.1346153846153846 0.38461538461538464 0.01201923076923077 0.052884615384615384
2 0.44471153846153844 0.3713942307692308 0.01201923076923077 0.04807692307692308
2 0.17668269230769232 0.5120192307692307 0.01201923076923077 0.06490384615384616
2 0.7451923076923077 0.4375 0.016826923076923076 0.055288461538461536
2 0.546875 0.4795673076923077 0.016826923076923076 0.055288461538461536
2 0.23798076923076922 0.5216346153846154 0.019230769230769232 0.057692307692307696
0 0.6225961538461539 0.53125 0.009615384615384616 0.014423076923076924