1 0.28125 0.3473557692307692 0.010817307692307692 0.038461538461538464
2 0.3605769230769231 0.41346153846153844 0.013221153846153846 0.036057692307692304
2 0.38822115384615385 0.49038461538461536 0.009615384615384616 0.036057692307692304
2 0.5132211538461539 0.31971153846153844 0.007211538461538462 0.03125
2 0.796875 0.40024038461538464 0.009615384615384616 0.03365384615384615
2 0.4951923076923077 0.328125 0.009615384615384616 0.026442307692307692
2 0.6862980769230769 0.4014423076923077 0.007211538461538462 0.03485576923076923
2 0.40384615384615385 0.4110576923076923 0.009615384615384616 0.036057692307692304
2 0.78125 0.3485576923076923 0.007211538461538462 0.027644230769230768
2 0.7692307692307693 0.3870192307692308 0.008413461538461538 0.03485576923076923
2 0.36177884615384615 0.453125 0.015625 0.037259615384615384
2 0.84375 0.5060096153846154 0.008413461538461538 0.04807692307692308
2 0.25240384615384615 0.5504807692307693 0.008413461538461538 0.051682692307692304
2 0.6923076923076923 0.4326923076923077 0.008413461538461538 0.037259615384615384
3 0.48197115384615385 0.41466346153846156 0.008413461538461538 0.036057692307692304
2 0.5192307692307693 0.4831730769230769 0.010817307692307692 0.04447115384615385
2 0.578125 0.3641826923076923 0.010817307692307692 0.03125
2 0.8521634615384616 0.41947115384615385 0.010817307692307692 0.039663461538461536
2 0.4987980769230769 0.46875 0.015625 0.039663461538461536
3 0.13341346153846154 0.6033653846153846 0.016826923076923076 0.057692307692307696
0 0.546875 0.3088942307692308 0.006009615384615385 0.01201923076923077
2 0.4326923076923077 0.3713942307692308 0.01201923076923077 0.037259615384615384
2 0.38822115384615385 0.5084134615384616 0.020432692307692308 0.02403846153846154
3 0.8485576923076923 0.3173076923076923 0.010817307692307692 0.03245192307692308
2 0.8389423076923077 0.4963942307692308 0.009615384615384616 0.046875