3 0.15745192307692307 0.25240384615384615 0.014423076923076924 0.036057692307692304
2 0.65625 0.6153846153846154 0.02403846153846154 0.04567307692307692
2 0.6622596153846154 0.41225961538461536 0.021634615384615384 0.04326923076923077
1 0.8100961538461539 0.4014423076923077 0.019230769230769232 0.04326923076923077
2 0.5745192307692307 0.390625 0.021634615384615384 0.04807692307692308
2 0.6490384615384616 0.4110576923076923 0.014423076923076924 0.04567307692307692
2 0.2824519230769231 0.3401442307692308 0.016826923076923076 0.040865384615384616
2 0.7271634615384616 0.5432692307692307 0.016826923076923076 0.05048076923076923
2 0.671875 0.6045673076923077 0.03125 0.0625
2 0.38100961538461536 0.41466346153846156 0.019230769230769232 0.05048076923076923
2 0.6129807692307693 0.375 0.016826923076923076 0.040865384615384616
3 0.5564903846153846 0.41947115384615385 0.016826923076923076 0.04807692307692308
2 0.4411057692307692 0.47716346153846156 0.016826923076923076 0.055288461538461536
2 0.640625 0.4963942307692308 0.028846153846153848 0.04807692307692308
2 0.3713942307692308 0.36658653846153844 0.019230769230769232 0.04567307692307692
2 0.4375 0.5625 0.02403846153846154 0.0625
2 0.17908653846153846 0.3629807692307692 0.021634615384615384 0.05048076923076923
2 0.1971153846153846 0.375 0.016826923076923076 0.05048076923076923
2 0.49158653846153844 0.41346153846153844 0.016826923076923076 0.04567307692307692
2 0.21514423076923078 0.5012019230769231 0.019230769230769232 0.0625
2 0.7632211538461539 0.5276442307692307 0.02403846153846154 0.055288461538461536
2 0.5685096153846154 0.5324519230769231 0.02403846153846154 0.052884615384615384
2 0.27163461538461536 0.5204326923076923 0.026442307692307692 0.057692307692307696
0 0.6322115384615384 0.5949519230769231 0.009615384615384616 0.01201923076923077