2 0.8846153846153846 0.45913461538461536 0.014423076923076924 0.04326923076923077
1 0.8930288461538461 0.33774038461538464 0.016826923076923076 0.038461538461538464
2 0.6610576923076923 0.2848557692307692 0.009615384615384616 0.03365384615384615
2 0.6778846153846154 0.39663461538461536 0.014423076923076924 0.04807692307692308
2 0.71875 0.3245192307692308 0.01201923076923077 0.040865384615384616
2 0.8485576923076923 0.4675480769230769 0.019230769230769232 0.05048076923076923
2 0.7379807692307693 0.4567307692307692 0.021634615384615384 0.05048076923076923
2 0.32091346153846156 0.2824519230769231 0.01201923076923077 0.038461538461538464
2 0.16706730769230768 0.30408653846153844 0.01201923076923077 0.04567307692307692
2 0.6310096153846154 0.38100961538461536 0.014423076923076924 0.04807692307692308
2 0.31850961538461536 0.37259615384615385 0.01201923076923077 0.040865384615384616
2 0.4230769230769231 0.47836538461538464 0.016826923076923076 0.04567307692307692
2 0.20072115384615385 0.3858173076923077 0.014423076923076924 0.05048076923076923
2 0.6646634615384616 0.4423076923076923 0.01201923076923077 0.05048076923076923
2 0.7560096153846154 0.5144230769230769 0.019230769230769232 0.055288461538461536
3 0.6105769230769231 0.43990384615384615 0.014423076923076924 0.05048076923076923
2 0.171875 0.5144230769230769 0.019230769230769232 0.055288461538461536
2 0.15264423076923078 0.32091346153846156 0.014423076923076924 0.04567307692307692
2 0.7572115384615384 0.4495192307692308 0.021634615384615384 0.05048076923076923
2 0.16947115384615385 0.4326923076923077 0.019230769230769232 0.06009615384615385
2 0.47115384615384615 0.53125 0.016826923076923076 0.06490384615384616
3 0.026442307692307692 0.8569711538461539 0.036057692307692304 0.09134615384615384
2 0.36658653846153844 0.2548076923076923 0.014423076923076924 0.03365384615384615
3 0.6021634615384616 0.1875 0.01201923076923077 0.03365384615384615
0 0.6682692307692307 0.5180288461538461 0.009615384615384616 0.014423076923076924