2 0.5012019230769231 0.34375 0.019230769230769232 0.04567307692307692
1 0.7836538461538461 0.40024038461538464 0.019230769230769232 0.040865384615384616
2 0.5072115384615384 0.33774038461538464 0.016826923076923076 0.040865384615384616
3 0.1346153846153846 0.21995192307692307 0.019230769230769232 0.038461538461538464
2 0.13581730769230768 0.3125 0.019230769230769232 0.04567307692307692
2 0.3894230769230769 0.43028846153846156 0.02403846153846154 0.04567307692307692
2 0.14543269230769232 0.44350961538461536 0.021634615384615384 0.057692307692307696
3 0.4326923076923077 0.3870192307692308 0.019230769230769232 0.04567307692307692
2 0.5444711538461539 0.4014423076923077 0.02403846153846154 0.04326923076923077
2 0.30408653846153844 0.31490384615384615 0.016826923076923076 0.038461538461538464
2 0.6009615384615384 0.4375 0.026442307692307692 0.04807692307692308
2 0.15745192307692307 0.33533653846153844 0.021634615384615384 0.04807692307692308
2 0.2644230769230769 0.3016826923076923 0.016826923076923076 0.040865384615384616
2 0.29447115384615385 0.3641826923076923 0.016826923076923076 0.040865384615384616
2 0.5625 0.38221153846153844 0.021634615384615384 0.04567307692307692
2 0.5709134615384616 0.4879807692307692 0.019230769230769232 0.05048076923076923
2 0.65625 0.5168269230769231 0.019230769230769232 0.04807692307692308
2 0.47115384615384615 0.4699519230769231 0.016826923076923076 0.040865384615384616
2 0.49759615384615385 0.4206730769230769 0.021634615384615384 0.04567307692307692
2 0.17067307692307693 0.45913461538461536 0.021634615384615384 0.05048076923076923
2 0.7235576923076923 0.6790865384615384 0.026442307692307692 0.06490384615384616
2 0.36538461538461536 0.5012019230769231 0.02403846153846154 0.06009615384615385
3 0.8365384615384616 0.7704326923076923 0.03365384615384615 0.07932692307692307
0 0.38822115384615385 0.45072115384615385 0.007211538461538462 0.009615384615384616
2 0.42788461538461536 0.38822115384615385 0.021634615384615384 0.04567307692307692