3 0.6610576923076923 0.23918269230769232 0.008413461538461538 0.030048076923076924
2 0.7668269230769231 0.4050480769230769 0.010817307692307692 0.04447115384615385
2 0.5793269230769231 0.3016826923076923 0.007211538461538462 0.030048076923076924
2 0.40024038461538464 0.3137019230769231 0.009615384615384616 0.038461538461538464
2 0.3401442307692308 0.35096153846153844 0.01201923076923077 0.038461538461538464
2 0.5685096153846154 0.3629807692307692 0.009615384615384616 0.038461538461538464
2 0.7668269230769231 0.49399038461538464 0.01201923076923077 0.046875
2 0.3269230769230769 0.29086538461538464 0.007211538461538462 0.03125
2 0.3786057692307692 0.3245192307692308 0.013221153846153846 0.03365384615384615
2 0.45913461538461536 0.29086538461538464 0.009615384615384616 0.03365384615384615
2 0.30649038461538464 0.3329326923076923 0.008413461538461538 0.037259615384615384
2 0.5769230769230769 0.3389423076923077 0.01201923076923077 0.037259615384615384
2 0.6069711538461539 0.28125 0.009615384615384616 0.03485576923076923
2 0.20552884615384615 0.36177884615384615 0.010817307692307692 0.04447115384615385
3 0.3954326923076923 0.36778846153846156 0.008413461538461538 0.04567307692307692
2 0.30288461538461536 0.40625 0.013221153846153846 0.04447115384615385
2 0.5240384615384616 0.4891826923076923 0.01201923076923077 0.06009615384615385
2 0.7740384615384616 0.4495192307692308 0.013221153846153846 0.057692307692307696
2 0.7283653846153846 0.3245192307692308 0.010817307692307692 0.040865384615384616
2 0.6418269230769231 0.40384615384615385 0.009615384615384616 0.046875
2 0.2247596153846154 0.45552884615384615 0.009615384615384616 0.055288461538461536
2 0.6033653846153846 0.5721153846153846 0.019230769230769232 0.0625