2 0.40024038461538464 0.30649038461538464 0.010817307692307692 0.038461538461538464
1 0.14903846153846154 0.32572115384615385 0.009615384615384616 0.038461538461538464
2 0.4074519230769231 0.5108173076923077 0.019230769230769232 0.057692307692307696
2 0.8028846153846154 0.34134615384615385 0.009615384615384616 0.036057692307692304
2 0.23798076923076922 0.44350961538461536 0.008413461538461538 0.04927884615384615
2 0.6862980769230769 0.29927884615384615 0.007211538461538462 0.03245192307692308
2 0.8125 0.35216346153846156 0.007211538461538462 0.042067307692307696
2 0.7019230769230769 0.40625 0.014423076923076924 0.04326923076923077
2 0.33413461538461536 0.31971153846153844 0.007211538461538462 0.038461538461538464
2 0.7776442307692307 0.5949519230769231 0.013221153846153846 0.06129807692307692
3 0.4951923076923077 0.45072115384615385 0.018028846153846152 0.042067307692307696
2 0.6502403846153846 0.45552884615384615 0.010817307692307692 0.055288461538461536
2 0.6502403846153846 0.3161057692307692 0.009615384615384616 0.038461538461538464
2 0.4411057692307692 0.5108173076923077 0.010817307692307692 0.04927884615384615
2 0.39783653846153844 0.38461538461538464 0.008413461538461538 0.04567307692307692
2 0.28846153846153844 0.4074519230769231 0.009615384615384616 0.04807692307692308
2 0.3449519230769231 0.6117788461538461 0.014423076923076924 0.06370192307692307
2 0.484375 0.49158653846153844 0.015625 0.04927884615384615
2 0.8173076923076923 0.46634615384615385 0.014423076923076924 0.054086538461538464
2 0.3004807692307692 0.5973557692307693 0.030048076923076924 0.054086538461538464
2 0.22235576923076922 0.47475961538461536 0.01201923076923077 0.056490384615384616
3 0.9278846153846154 0.8497596153846154 0.027644230769230768 0.08774038461538461
3 0.42788461538461536 0.20552884615384615 0.008413461538461538 0.03125
2 0.40384615384615385 0.4987980769230769 0.021634615384615384 0.04927884615384615
0 0.4362980769230769 0.5432692307692307 0.004807692307692308 0.009615384615384616