2 0.4254807692307692 0.3329326923076923 0.01201923076923077 0.03125
2 0.6766826923076923 0.36778846153846156 0.014423076923076924 0.04567307692307692
2 0.8365384615384616 0.47475961538461536 0.019230769230769232 0.052884615384615384
2 0.3317307692307692 0.3485576923076923 0.01201923076923077 0.036057692307692304
2 0.5144230769230769 0.40024038461538464 0.021634615384615384 0.036057692307692304
1 0.9819711538461539 0.375 0.014423076923076924 0.04326923076923077
2 0.5853365384615384 0.3088942307692308 0.009615384615384616 0.038461538461538464
2 0.4050480769230769 0.42788461538461536 0.01201923076923077 0.04807692307692308
2 0.7548076923076923 0.6298076923076923 0.014423076923076924 0.055288461538461536
2 0.5408653846153846 0.42908653846153844 0.01201923076923077 0.040865384615384616
2 0.5649038461538461 0.5372596153846154 0.014423076923076924 0.055288461538461536
2 0.8052884615384616 0.4891826923076923 0.01201923076923077 0.052884615384615384
2 0.6887019230769231 0.3786057692307692 0.014423076923076924 0.036057692307692304
2 0.2776442307692308 0.4338942307692308 0.009615384615384616 0.04326923076923077
3 0.5192307692307693 0.44591346153846156 0.014423076923076924 0.05048076923076923
2 0.3269230769230769 0.6586538461538461 0.021634615384615384 0.0673076923076923
2 0.6935096153846154 0.6069711538461539 0.016826923076923076 0.055288461538461536
2 0.32211538461538464 0.47836538461538464 0.016826923076923076 0.04807692307692308
2 0.4951923076923077 0.5 0.021634615384615384 0.052884615384615384
2 0.3004807692307692 0.5865384615384616 0.021634615384615384 0.0625
3 0.11298076923076923 0.8185096153846154 0.026442307692307692 0.07451923076923077
3 0.6790865384615384 0.2536057692307692 0.009615384615384616 0.028846153846153848
0 0.5192307692307693 0.3894230769230769 0.004807692307692308 0.007211538461538462
2 0.5420673076923077 0.41586538461538464 0.01201923076923077 0.036057692307692304
2 0.2776442307692308 0.41947115384615385 0.009615384615384616 0.04326923076923077