2 0.5444711538461539 0.25841346153846156 0.01201923076923077 0.03125
2 0.2776442307692308 0.33052884615384615 0.016826923076923076 0.040865384615384616
2 0.45072115384615385 0.2824519230769231 0.014423076923076924 0.03365384615384615
2 0.2860576923076923 0.33052884615384615 0.016826923076923076 0.040865384615384616
2 0.46274038461538464 0.36899038461538464 0.014423076923076924 0.036057692307692304
2 0.31850961538461536 0.27884615384615385 0.01201923076923077 0.03125
2 0.7391826923076923 0.5288461538461539 0.021634615384615384 0.05048076923076923
2 0.4987980769230769 0.34975961538461536 0.016826923076923076 0.038461538461538464
2 0.8269230769230769 0.5144230769230769 0.019230769230769232 0.04567307692307692
2 0.3581730769230769 0.2776442307692308 0.014423076923076924 0.03365384615384615
2 0.21754807692307693 0.5661057692307693 0.02403846153846154 0.06009615384615385
2 0.6213942307692307 0.3954326923076923 0.016826923076923076 0.040865384615384616
3 0.9435096153846154 0.7716346153846154 0.03365384615384615 0.0673076923076923
2 0.5709134615384616 0.5348557692307693 0.019230769230769232 0.05048076923076923
3 0.36899038461538464 0.4014423076923077 0.016826923076923076 0.04567307692307692
2 0.6057692307692307 0.5841346153846154 0.02403846153846154 0.055288461538461536
2 0.26322115384615385 0.48197115384615385 0.021634615384615384 0.0625
2 0.2764423076923077 0.5108173076923077 0.021634615384615384 0.057692307692307696
2 0.7379807692307693 0.3545673076923077 0.014423076923076924 0.038461538461538464
2 0.6887019230769231 0.5360576923076923 0.021634615384615384 0.055288461538461536
2 0.578125 0.59375 0.02403846153846154 0.06009615384615385
2 0.11538461538461539 0.6526442307692307 0.03125 0.06490384615384616
3 0.3545673076923077 0.21033653846153846 0.014423076923076924 0.03365384615384615
1 0.9543269230769231 0.4567307692307692 0.021634615384615384 0.04326923076923077
0 0.8197115384615384 0.5300480769230769 0.007211538461538462 0.01201923076923077