2 0.47115384615384615 0.36778846153846156 0.009615384615384616 0.038461538461538464
2 0.4639423076923077 0.27283653846153844 0.006009615384615385 0.030048076923076924
1 0.03245192307692308 0.3629807692307692 0.015625 0.04326923076923077
2 0.35336538461538464 0.28725961538461536 0.008413461538461538 0.03485576923076923
2 0.3112980769230769 0.36177884615384615 0.008413461538461538 0.042067307692307696
2 0.27283653846153844 0.4675480769230769 0.010817307692307692 0.04567307692307692
2 0.40384615384615385 0.6310096153846154 0.02283653846153846 0.051682692307692304
2 0.5348557692307693 0.32572115384615385 0.008413461538461538 0.040865384615384616
2 0.6526442307692307 0.3629807692307692 0.009615384615384616 0.04567307692307692
2 0.7776442307692307 0.49158653846153844 0.013221153846153846 0.055288461538461536
2 0.7139423076923077 0.671875 0.018028846153846152 0.0673076923076923
2 0.6790865384615384 0.5144230769230769 0.014423076923076924 0.051682692307692304
2 0.38822115384615385 0.27403846153846156 0.007211538461538462 0.03485576923076923
2 0.30288461538461536 0.36177884615384615 0.010817307692307692 0.04326923076923077
2 0.6033653846153846 0.5096153846153846 0.014423076923076924 0.05048076923076923
3 0.42908653846153844 0.40625 0.009615384615384616 0.04447115384615385
2 0.30649038461538464 0.4951923076923077 0.010817307692307692 0.046875
2 0.7403846153846154 0.3016826923076923 0.008413461538461538 0.038461538461538464
2 0.7872596153846154 0.7055288461538461 0.016826923076923076 0.06850961538461539
2 0.8581730769230769 0.47115384615384615 0.018028846153846152 0.052884615384615384
0 0.7800480769230769 0.7283653846153846 0.007211538461538462 0.014423076923076924
2 0.5540865384615384 0.23076923076923078 0.008413461538461538 0.03485576923076923
3 0.3605769230769231 0.21514423076923078 0.008413461538461538 0.03245192307692308
2 0.38822115384615385 0.6177884615384616 0.015625 0.057692307692307696