1 0.8317307692307693 0.3557692307692308 0.016826923076923076 0.03365384615384615
1 0.039663461538461536 0.28365384615384615 0.016826923076923076 0.04326923076923077
2 0.3269230769230769 0.30408653846153844 0.014423076923076924 0.040865384615384616
2 0.4855769230769231 0.28725961538461536 0.01201923076923077 0.03365384615384615
2 0.3701923076923077 0.23677884615384615 0.01201923076923077 0.03125
2 0.31009615384615385 0.33533653846153844 0.016826923076923076 0.04326923076923077
2 0.5228365384615384 0.2439903846153846 0.01201923076923077 0.028846153846153848
2 0.6454326923076923 0.31971153846153844 0.014423076923076924 0.036057692307692304
2 0.38341346153846156 0.2403846153846154 0.01201923076923077 0.03125
2 0.26802884615384615 0.44591346153846156 0.019230769230769232 0.05048076923076923
2 0.75 0.2860576923076923 0.014423076923076924 0.03125
2 0.5889423076923077 0.3737980769230769 0.016826923076923076 0.040865384615384616
2 0.8629807692307693 0.45552884615384615 0.021634615384615384 0.04326923076923077
2 0.7463942307692307 0.3894230769230769 0.016826923076923076 0.040865384615384616
2 0.6658653846153846 0.3942307692307692 0.016826923076923076 0.040865384615384616
2 0.35096153846153844 0.4182692307692308 0.021634615384615384 0.05048076923076923
3 0.42427884615384615 0.33533653846153844 0.016826923076923076 0.040865384615384616
2 0.2620192307692308 0.6069711538461539 0.026442307692307692 0.06009615384615385
2 0.625 0.6274038461538461 0.03125 0.06490384615384616
2 0.5408653846153846 0.5012019230769231 0.021634615384615384 0.055288461538461536
3 0.3737980769230769 0.18629807692307693 0.016826923076923076 0.038461538461538464
2 0.33052884615384615 0.29086538461538464 0.014423076923076924 0.040865384615384616
2 0.6237980769230769 0.22956730769230768 0.014423076923076924 0.03125
2 0.49038461538461536 0.27163461538461536 0.014423076923076924 0.036057692307692304
0 0.8221153846153846 0.36538461538461536 0.004807692307692308 0.009615384615384616