2 0.515625 0.3317307692307692 0.019230769230769232 0.04807692307692308
1 0.21033653846153846 0.39783653846153844 0.021634615384615384 0.04326923076923077
2 0.5084134615384616 0.32572115384615385 0.019230769230769232 0.04567307692307692
3 0.9110576923076923 0.18990384615384615 0.021634615384615384 0.040865384615384616
2 0.9110576923076923 0.29086538461538464 0.019230769230769232 0.04807692307692308
2 0.6370192307692307 0.4230769230769231 0.026442307692307692 0.04807692307692308
2 0.9026442307692307 0.4326923076923077 0.026442307692307692 0.0625
3 0.5901442307692307 0.3786057692307692 0.021634615384615384 0.05048076923076923
2 0.4699519230769231 0.3942307692307692 0.028846153846153848 0.04567307692307692
2 0.7295673076923077 0.296875 0.016826923076923076 0.040865384615384616
2 0.4098557692307692 0.43509615384615385 0.028846153846153848 0.05048076923076923
2 0.8882211538461539 0.31490384615384615 0.02403846153846154 0.05048076923076923
2 0.7704326923076923 0.28125 0.019230769230769232 0.04567307692307692
2 0.7403846153846154 0.34975961538461536 0.019230769230769232 0.04567307692307692
2 0.45072115384615385 0.3737980769230769 0.02403846153846154 0.04807692307692308
2 0.4423076923076923 0.49038461538461536 0.019230769230769232 0.052884615384615384
2 0.34975961538461536 0.5228365384615384 0.021634615384615384 0.05048076923076923
2 0.5504807692307693 0.46875 0.019230769230769232 0.04567307692307692
2 0.5216346153846154 0.41466346153846156 0.02403846153846154 0.05048076923076923
2 0.8762019230769231 0.4519230769230769 0.02403846153846154 0.057692307692307696
2 0.2800480769230769 0.6995192307692307 0.03125 0.07211538461538461
2 0.6646634615384616 0.4987980769230769 0.026442307692307692 0.06490384615384616
3 0.15865384615384615 0.8004807692307693 0.038461538461538464 0.08653846153846154
0 0.6418269230769231 0.44471153846153844 0.007211538461538462 0.009615384615384616
2 0.5949519230769231 0.3786057692307692 0.02403846153846154 0.04807692307692308