2 0.4495192307692308 0.24759615384615385 0.01201923076923077 0.028846153846153848
2 0.4795673076923077 0.4543269230769231 0.014423076923076924 0.04567307692307692
2 0.4423076923076923 0.28846153846153844 0.01201923076923077 0.028846153846153848
2 0.34975961538461536 0.25841346153846156 0.01201923076923077 0.028846153846153848
3 0.5576923076923077 0.7451923076923077 0.028846153846153848 0.08653846153846154
2 0.5492788461538461 0.27403846153846156 0.01201923076923077 0.038461538461538464
2 0.33413461538461536 0.27283653846153844 0.01201923076923077 0.026442307692307692
2 0.5144230769230769 0.296875 0.014423076923076924 0.038461538461538464
2 0.5985576923076923 0.3389423076923077 0.014423076923076924 0.040865384615384616
2 0.2956730769230769 0.33774038461538464 0.014423076923076924 0.036057692307692304
1 0.8605769230769231 0.27163461538461536 0.016826923076923076 0.040865384615384616
2 0.6514423076923077 0.24759615384615385 0.014423076923076924 0.03365384615384615
2 0.2860576923076923 0.4699519230769231 0.016826923076923076 0.04567307692307692
3 0.38100961538461536 0.36177884615384615 0.014423076923076924 0.040865384615384616
2 0.5120192307692307 0.34615384615384615 0.014423076923076924 0.040865384615384616
2 0.27884615384615385 0.4014423076923077 0.016826923076923076 0.04326923076923077
1 0.008413461538461538 0.4387019230769231 0.016826923076923076 0.04567307692307692
2 0.35697115384615385 0.4206730769230769 0.016826923076923076 0.04567307692307692
2 0.43990384615384615 0.35096153846153844 0.014423076923076924 0.038461538461538464
2 0.2860576923076923 0.38341346153846156 0.016826923076923076 0.040865384615384616
2 0.8185096153846154 0.34975961538461536 0.016826923076923076 0.04807692307692308
2 0.6490384615384616 0.6935096153846154 0.028846153846153848 0.07451923076923077
2 0.35697115384615385 0.5661057692307693 0.02403846153846154 0.055288461538461536
3 0.30288461538461536 0.24519230769230768 0.014423076923076924 0.038461538461538464
2 0.5060096153846154 0.21754807692307693 0.014423076923076924 0.038461538461538464
0 0.6454326923076923 0.2644230769230769 0.007211538461538462 0.009615384615384616