2 0.515625 0.2536057692307692 0.007211538461538462 0.03125
2 0.7788461538461539 0.36538461538461536 0.009615384615384616 0.04326923076923077
2 0.6081730769230769 0.29086538461538464 0.009615384615384616 0.03365384615384615
2 0.7704326923076923 0.3641826923076923 0.01201923076923077 0.04326923076923077
2 0.5841346153846154 0.37740384615384615 0.009615384615384616 0.038461538461538464
2 0.7427884615384616 0.30649038461538464 0.009615384615384616 0.03365384615384615
2 0.2764423076923077 0.5036057692307693 0.014423076923076924 0.05048076923076923
2 0.5504807692307693 0.3545673076923077 0.01201923076923077 0.040865384615384616
2 0.19110576923076922 0.4735576923076923 0.014423076923076924 0.04807692307692308
2 0.7055288461538461 0.3004807692307692 0.009615384615384616 0.036057692307692304
2 0.8076923076923077 0.6153846153846154 0.019230769230769232 0.06009615384615385
2 0.4182692307692308 0.38221153846153844 0.009615384615384616 0.04326923076923077
3 0.03245192307692308 0.7211538461538461 0.02403846153846154 0.0673076923076923
2 0.4495192307692308 0.53125 0.014423076923076924 0.052884615384615384
3 0.6754807692307693 0.42427884615384615 0.009615384615384616 0.04567307692307692
2 0.4050480769230769 0.578125 0.016826923076923076 0.055288461538461536
2 0.7716346153846154 0.5228365384615384 0.014423076923076924 0.06490384615384616
2 0.7524038461538461 0.5504807692307693 0.014423076923076924 0.057692307692307696
2 0.30528846153846156 0.3245192307692308 0.009615384615384616 0.040865384615384616
2 0.3293269230769231 0.515625 0.014423076923076924 0.057692307692307696
2 0.4326923076923077 0.5913461538461539 0.016826923076923076 0.0625
2 0.8990384615384616 0.71875 0.02403846153846154 0.06490384615384616
3 0.71875 0.23076923076923078 0.009615384615384616 0.03365384615384615
1 0.0673076923076923 0.39903846153846156 0.016826923076923076 0.04326923076923077
0 0.19471153846153846 0.49158653846153844 0.007211538461538462 0.01201923076923077