2 0.6658653846153846 0.21634615384615385 0.019230769230769232 0.04567307692307692
2 0.578125 0.1814903846153846 0.016826923076923076 0.03125
2 0.46033653846153844 0.20552884615384615 0.016826923076923076 0.04567307692307692
2 0.5625 0.17668269230769232 0.016826923076923076 0.040865384615384616
2 0.6550480769230769 0.21394230769230768 0.016826923076923076 0.040865384615384616
2 0.6730769230769231 0.20793269230769232 0.021634615384615384 0.03125
2 0.3605769230769231 0.15625 0.019230769230769232 0.04807692307692308
3 0.3473557692307692 0.1346153846153846 0.019230769230769232 0.040865384615384616
2 0.3293269230769231 0.20192307692307693 0.019230769230769232 0.04807692307692308
2 0.5697115384615384 0.2403846153846154 0.019230769230769232 0.04567307692307692
2 0.5204326923076923 0.23918269230769232 0.019230769230769232 0.04807692307692308
2 0.8713942307692307 0.4651442307692308 0.026442307692307692 0.06490384615384616
2 0.6346153846153846 0.3293269230769231 0.02403846153846154 0.055288461538461536
2 0.4074519230769231 0.28846153846153844 0.02403846153846154 0.057692307692307696
2 0.8185096153846154 0.38221153846153844 0.026442307692307692 0.0625
2 0.22235576923076922 0.39302884615384615 0.036057692307692304 0.07451923076923077
2 0.8485576923076923 0.43509615384615385 0.026442307692307692 0.0625
3 0.6995192307692307 0.3112980769230769 0.02403846153846154 0.055288461538461536
2 0.6574519230769231 0.4483173076923077 0.03125 0.06490384615384616
2 0.1935096153846154 0.9122596153846154 0.036057692307692304 0.0625
2 0.7572115384615384 0.44711538461538464 0.03125 0.0673076923076923
2 0.6382211538461539 0.7596153846153846 0.04326923076923077 0.09375
0 0.6033653846153846 0.19951923076923078 0.007211538461538462 0.01201923076923077
2 0.6598557692307693 0.1971153846153846 0.014423076923076924 0.036057692307692304