2 0.6586538461538461 0.3473557692307692 0.016826923076923076 0.04326923076923077
2 0.7007211538461539 0.29927884615384615 0.019230769230769232 0.04326923076923077
2 0.8221153846153846 0.3485576923076923 0.021634615384615384 0.04807692307692308
2 0.6358173076923077 0.2848557692307692 0.016826923076923076 0.040865384615384616
2 0.5637019230769231 0.28365384615384615 0.016826923076923076 0.040865384615384616
2 0.8149038461538461 0.35697115384615385 0.028846153846153848 0.052884615384615384
2 0.453125 0.32211538461538464 0.019230769230769232 0.04326923076923077
2 0.3401442307692308 0.37259615384615385 0.02403846153846154 0.05048076923076923
2 0.19110576923076922 0.35336538461538464 0.016826923076923076 0.040865384615384616
2 0.5408653846153846 0.27403846153846156 0.016826923076923076 0.04326923076923077
3 0.546875 0.35336538461538464 0.019230769230769232 0.04567307692307692
2 0.171875 0.3737980769230769 0.021634615384615384 0.04326923076923077
2 0.33653846153846156 0.40024038461538464 0.021634615384615384 0.04807692307692308
2 0.3016826923076923 0.48197115384615385 0.026442307692307692 0.06009615384615385
2 0.6586538461538461 0.3894230769230769 0.02403846153846154 0.06009615384615385
2 0.10216346153846154 0.44471153846153844 0.021634615384615384 0.04807692307692308
2 0.2920673076923077 0.4987980769230769 0.028846153846153848 0.0625
1 0.6670673076923077 0.2536057692307692 0.021634615384615384 0.04567307692307692
2 0.6394230769230769 0.2692307692307692 0.021634615384615384 0.05048076923076923
2 0.6057692307692307 0.296875 0.019230769230769232 0.04807692307692308
2 0.6009615384615384 0.27524038461538464 0.019230769230769232 0.04807692307692308
2 0.5649038461538461 0.2668269230769231 0.019230769230769232 0.04567307692307692