3 0.8870192307692307 0.3942307692307692 0.016826923076923076 0.036057692307692304
2 0.4026442307692308 0.4170673076923077 0.019230769230769232 0.04326923076923077
1 0.22596153846153846 0.32572115384615385 0.019230769230769232 0.040865384615384616
2 0.41466346153846156 0.4230769230769231 0.019230769230769232 0.040865384615384616
2 0.3701923076923077 0.36899038461538464 0.019230769230769232 0.04567307692307692
2 0.390625 0.3701923076923077 0.016826923076923076 0.040865384615384616
3 0.37740384615384615 0.40625 0.016826923076923076 0.04567307692307692
2 0.3329326923076923 0.41225961538461536 0.019230769230769232 0.04567307692307692
2 0.8185096153846154 0.5144230769230769 0.019230769230769232 0.052884615384615384
2 0.46634615384615385 0.4362980769230769 0.019230769230769232 0.04326923076923077
2 0.22956730769230768 0.4338942307692308 0.019230769230769232 0.05048076923076923
2 0.6887019230769231 0.4254807692307692 0.019230769230769232 0.04326923076923077
2 0.5216346153846154 0.4951923076923077 0.019230769230769232 0.05048076923076923
2 0.19591346153846154 0.4807692307692308 0.019230769230769232 0.05048076923076923
2 0.5889423076923077 0.4338942307692308 0.016826923076923076 0.04567307692307692
2 0.27283653846153844 0.4891826923076923 0.019230769230769232 0.055288461538461536
2 0.4026442307692308 0.5036057692307693 0.021634615384615384 0.052884615384615384
2 0.7896634615384616 0.515625 0.021634615384615384 0.052884615384615384
2 0.6875 0.6081730769230769 0.02403846153846154 0.06490384615384616
2 0.47115384615384615 0.5649038461538461 0.021634615384615384 0.0625
2 0.6538461538461539 0.6153846153846154 0.02403846153846154 0.057692307692307696
2 0.4098557692307692 0.38221153846153844 0.019230769230769232 0.04807692307692308