1 0.7692307692307693 0.3125 0.009615384615384616 0.030048076923076924
1 0.007211538461538462 0.4026442307692308 0.01201923076923077 0.040865384615384616
2 0.2824519230769231 0.36538461538461536 0.007211538461538462 0.038461538461538464
2 0.42908653846153844 0.3173076923076923 0.006009615384615385 0.03245192307692308
2 0.3112980769230769 0.2920673076923077 0.006009615384615385 0.028846153846153848
2 0.27403846153846156 0.39783653846153844 0.008413461538461538 0.042067307692307696
2 0.45552884615384615 0.2692307692307692 0.007211538461538462 0.027644230769230768
2 0.5865384615384616 0.31490384615384615 0.007211538461538462 0.03485576923076923
2 0.3245192307692308 0.2932692307692308 0.006009615384615385 0.030048076923076924
2 0.25721153846153844 0.5108173076923077 0.008413461538461538 0.04807692307692308
2 0.6802884615384616 0.26322115384615385 0.007211538461538462 0.028846153846153848
2 0.5456730769230769 0.37740384615384615 0.008413461538461538 0.038461538461538464
2 0.8197115384615384 0.40024038461538464 0.014423076923076924 0.039663461538461536
2 0.6959134615384616 0.3605769230769231 0.008413461538461538 0.038461538461538464
2 0.6225961538461539 0.38221153846153844 0.008413461538461538 0.038461538461538464
2 0.3293269230769231 0.4675480769230769 0.01201923076923077 0.04807692307692308
3 0.38221153846153844 0.375 0.007211538461538462 0.038461538461538464
2 0.28365384615384615 0.6634615384615384 0.015625 0.056490384615384616
2 0.6298076923076923 0.6105769230769231 0.019230769230769232 0.05889423076923077
2 0.5240384615384616 0.5084134615384616 0.01201923076923077 0.05048076923076923
3 0.30408653846153844 0.24519230769230768 0.009615384615384616 0.036057692307692304
2 0.2848557692307692 0.35096153846153844 0.007211538461538462 0.038461538461538464
2 0.5480769230769231 0.23557692307692307 0.007211538461538462 0.030048076923076924
2 0.43149038461538464 0.3016826923076923 0.007211538461538462 0.03365384615384615
0 0.7632211538461539 0.3233173076923077 0.003605769230769231 0.008413461538461538