2 0.484375 0.31490384615384615 0.016826923076923076 0.04807692307692308
1 0.7908653846153846 0.2692307692307692 0.019230769230769232 0.04326923076923077
2 0.4879807692307692 0.30649038461538464 0.016826923076923076 0.04567307692307692
3 0.07091346153846154 0.3233173076923077 0.016826923076923076 0.040865384615384616
2 0.10576923076923077 0.4170673076923077 0.016826923076923076 0.04807692307692308
2 0.40384615384615385 0.4423076923076923 0.021634615384615384 0.04807692307692308
2 0.16346153846153846 0.5444711538461539 0.021634615384615384 0.0625
3 0.4326923076923077 0.38461538461538464 0.016826923076923076 0.04807692307692308
2 0.5504807692307693 0.35697115384615385 0.02403846153846154 0.04567307692307692
2 0.2764423076923077 0.3581730769230769 0.014423076923076924 0.040865384615384616
2 0.6189903846153846 0.37259615384615385 0.02403846153846154 0.04807692307692308
2 0.13581730769230768 0.4326923076923077 0.019230769230769232 0.05048076923076923
2 0.23076923076923078 0.3581730769230769 0.014423076923076924 0.04567307692307692
2 0.2848557692307692 0.4110576923076923 0.016826923076923076 0.04326923076923077
2 0.5600961538461539 0.3317307692307692 0.019230769230769232 0.04807692307692308
2 0.6081730769230769 0.43509615384615385 0.014423076923076924 0.052884615384615384
2 0.7055288461538461 0.4326923076923077 0.019230769230769232 0.05048076923076923
2 0.5012019230769231 0.4543269230769231 0.016826923076923076 0.04567307692307692
2 0.5096153846153846 0.3942307692307692 0.019230769230769232 0.04807692307692308
2 0.19591346153846154 0.5528846153846154 0.019230769230769232 0.055288461538461536
2 0.8329326923076923 0.5697115384615384 0.02403846153846154 0.06971153846153846
2 0.4074519230769231 0.5216346153846154 0.021634615384615384 0.06490384615384616
3 0.9807692307692307 0.6213942307692307 0.03125 0.08413461538461539
0 0.4098557692307692 0.4639423076923077 0.007211538461538462 0.009615384615384616
2 0.42788461538461536 0.38461538461538464 0.019230769230769232 0.04807692307692308