2 0.6502403846153846 0.3786057692307692 0.009615384615384616 0.04326923076923077
2 0.46153846153846156 0.2692307692307692 0.009615384615384616 0.03125
2 0.5961538461538461 0.27163461538461536 0.007211538461538462 0.028846153846153848
2 0.5769230769230769 0.25600961538461536 0.007211538461538462 0.03125
2 0.6478365384615384 0.35697115384615385 0.01201923076923077 0.04807692307692308
2 0.49759615384615385 0.28966346153846156 0.009615384615384616 0.03125
2 0.2764423076923077 0.27524038461538464 0.009615384615384616 0.03365384615384615
2 0.3581730769230769 0.30649038461538464 0.007211538461538462 0.038461538461538464
2 0.4411057692307692 0.4855769230769231 0.01201923076923077 0.04807692307692308
2 0.25961538461538464 0.375 0.01201923076923077 0.04567307692307692
2 0.4423076923076923 0.36899038461538464 0.01201923076923077 0.040865384615384616
1 0.04447115384615385 0.35697115384615385 0.009615384615384616 0.040865384615384616
2 0.046875 0.46274038461538464 0.014423076923076924 0.04807692307692308
1 0.9555288461538461 0.37740384615384615 0.014423076923076924 0.04567307692307692
2 0.6610576923076923 0.47716346153846156 0.01201923076923077 0.05048076923076923
2 0.3473557692307692 0.35096153846153844 0.014423076923076924 0.04326923076923077
3 0.5300480769230769 0.3641826923076923 0.009615384615384616 0.04326923076923077
2 0.5733173076923077 0.4375 0.01201923076923077 0.05048076923076923
2 0.6923076923076923 0.6766826923076923 0.021634615384615384 0.06490384615384616
2 0.20072115384615385 0.6430288461538461 0.016826923076923076 0.06971153846153846
0 0.28725961538461536 0.28966346153846156 0.004807692307692308 0.009615384615384616
3 0.6141826923076923 0.23317307692307693 0.007211538461538462 0.03125
2 0.49038461538461536 0.3112980769230769 0.01201923076923077 0.036057692307692304
2 0.6502403846153846 0.3329326923076923 0.009615384615384616 0.03365384615384615
2 0.3713942307692308 0.23918269230769232 0.007211538461538462 0.028846153846153848