2 0.33774038461538464 0.36177884615384615 0.014423076923076924 0.04326923076923077
2 0.5132211538461539 0.22956730769230768 0.01201923076923077 0.03125
2 0.3798076923076923 0.24879807692307693 0.009615384615384616 0.028846153846153848
2 0.3954326923076923 0.23076923076923078 0.009615384615384616 0.03125
2 0.3389423076923077 0.3389423076923077 0.016826923076923076 0.04807692307692308
2 0.4807692307692308 0.25600961538461536 0.01201923076923077 0.03125
2 0.6971153846153846 0.21394230769230768 0.01201923076923077 0.03365384615384615
2 0.6189903846153846 0.2548076923076923 0.01201923076923077 0.038461538461538464
2 0.5588942307692307 0.4423076923076923 0.016826923076923076 0.04807692307692308
2 0.7259615384615384 0.3125 0.014423076923076924 0.04567307692307692
2 0.5432692307692307 0.3269230769230769 0.014423076923076924 0.040865384615384616
1 0.9375 0.2668269230769231 0.014423076923076924 0.040865384615384616
2 0.9471153846153846 0.3713942307692308 0.019230769230769232 0.04807692307692308
1 0.036057692307692304 0.39783653846153844 0.019230769230769232 0.04567307692307692
2 0.34134615384615385 0.46033653846153844 0.016826923076923076 0.05048076923076923
2 0.6358173076923077 0.296875 0.019230769230769232 0.04326923076923077
3 0.45552884615384615 0.3329326923076923 0.014423076923076924 0.04326923076923077
2 0.4230769230769231 0.4110576923076923 0.016826923076923076 0.05048076923076923
2 0.33413461538461536 0.6622596153846154 0.028846153846153848 0.0673076923076923
2 0.8161057692307693 0.5697115384615384 0.021634615384615384 0.06971153846153846
0 0.6862980769230769 0.22956730769230768 0.004807692307692308 0.009615384615384616
3 0.3557692307692308 0.2127403846153846 0.009615384615384616 0.03125
2 0.4879807692307692 0.27524038461538464 0.014423076923076924 0.036057692307692304
2 0.33413461538461536 0.3173076923076923 0.01201923076923077 0.03365384615384615
2 0.5973557692307693 0.18870192307692307 0.009615384615384616 0.028846153846153848