2 0.47596153846153844 0.18509615384615385 0.016826923076923076 0.03365384615384615
2 0.5204326923076923 0.17548076923076922 0.019230769230769232 0.040865384615384616
2 0.18870192307692307 0.2956730769230769 0.019230769230769232 0.04567307692307692
2 0.7872596153846154 0.2848557692307692 0.038461538461538464 0.057692307692307696
2 0.5432692307692307 0.18509615384615385 0.02403846153846154 0.04326923076923077
2 0.4110576923076923 0.21153846153846154 0.016826923076923076 0.04326923076923077
2 0.375 0.21875 0.019230769230769232 0.04807692307692308
2 0.3329326923076923 0.2704326923076923 0.019230769230769232 0.04326923076923077
2 0.4495192307692308 0.24759615384615385 0.02403846153846154 0.038461538461538464
2 0.21995192307692307 0.33052884615384615 0.02403846153846154 0.05048076923076923
2 0.47596153846153844 0.23918269230769232 0.028846153846153848 0.04807692307692308
2 0.39663461538461536 0.24519230769230768 0.021634615384615384 0.04326923076923077
2 0.7391826923076923 0.25 0.026442307692307692 0.06009615384615385
2 0.5264423076923077 0.30408653846153844 0.02403846153846154 0.052884615384615384
2 0.6117788461538461 0.3786057692307692 0.03125 0.06490384615384616
2 0.8016826923076923 0.3004807692307692 0.036057692307692304 0.06490384615384616
2 0.31850961538461536 0.36658653846153844 0.028846153846153848 0.06009615384615385
2 0.1875 0.5144230769230769 0.036057692307692304 0.06971153846153846
3 0.5528846153846154 0.27163461538461536 0.02403846153846154 0.052884615384615384
2 0.640625 0.28365384615384615 0.026442307692307692 0.057692307692307696
2 0.7584134615384616 0.6310096153846154 0.055288461538461536 0.0985576923076923
0 0.4014423076923077 0.26322115384615385 0.004807692307692308 0.007211538461538462
3 0.18028846153846154 0.2608173076923077 0.019230769230769232 0.04326923076923077