2 0.6201923076923077 0.20072115384615385 0.016826923076923076 0.03365384615384615
2 0.6658653846153846 0.21514423076923078 0.019230769230769232 0.04326923076923077
2 0.30288461538461536 0.15625 0.021634615384615384 0.04807692307692308
2 0.8545673076923077 0.4495192307692308 0.040865384615384616 0.06009615384615385
2 0.6814903846153846 0.23557692307692307 0.026442307692307692 0.04567307692307692
2 0.5480769230769231 0.19230769230769232 0.019230769230769232 0.04326923076923077
2 0.5120192307692307 0.1814903846153846 0.021634615384615384 0.05048076923076923
2 0.44711538461538464 0.20673076923076922 0.019230769230769232 0.04567307692307692
2 0.5637019230769231 0.24278846153846154 0.02403846153846154 0.040865384615384616
2 0.3125 0.20432692307692307 0.026442307692307692 0.052884615384615384
2 0.5925480769230769 0.25 0.03125 0.05048076923076923
2 0.5180288461538461 0.21634615384615385 0.02403846153846154 0.04567307692307692
2 0.828125 0.3942307692307692 0.028846153846153848 0.0625
2 0.6057692307692307 0.33533653846153844 0.026442307692307692 0.055288461538461536
2 0.6478365384615384 0.44591346153846156 0.03365384615384615 0.06971153846153846
2 0.859375 0.47115384615384615 0.038461538461538464 0.0673076923076923
2 0.38461538461538464 0.28725961538461536 0.03125 0.0625
2 0.18990384615384615 0.3557692307692308 0.038461538461538464 0.07211538461538461
3 0.6478365384615384 0.31850961538461536 0.026442307692307692 0.057692307692307696
2 0.7199519230769231 0.375 0.028846153846153848 0.06009615384615385
2 0.6526442307692307 0.7512019230769231 0.06009615384615385 0.10336538461538461
0 0.5132211538461539 0.23317307692307693 0.004807692307692308 0.007211538461538462
3 0.3112980769230769 0.12139423076923077 0.021634615384615384 0.04567307692307692