2 0.12379807692307693 0.5060096153846154 0.016826923076923076 0.040865384615384616
1 0.10576923076923077 0.39302884615384615 0.019230769230769232 0.038461538461538464
2 0.31850961538461536 0.32091346153846156 0.01201923076923077 0.03125
2 0.3112980769230769 0.4266826923076923 0.019230769230769232 0.04807692307692308
2 0.26802884615384615 0.3641826923076923 0.016826923076923076 0.040865384615384616
2 0.15985576923076922 0.5108173076923077 0.02403846153846154 0.05048076923076923
2 0.2620192307692308 0.4891826923076923 0.026442307692307692 0.05048076923076923
2 0.6358173076923077 0.2860576923076923 0.014423076923076924 0.036057692307692304
2 0.7824519230769231 0.28966346153846156 0.016826923076923076 0.04326923076923077
2 0.3545673076923077 0.4074519230769231 0.016826923076923076 0.04567307692307692
2 0.6454326923076923 0.36899038461538464 0.014423076923076924 0.038461538461538464
2 0.5588942307692307 0.47836538461538464 0.021634615384615384 0.04326923076923077
2 0.7596153846153846 0.3701923076923077 0.016826923076923076 0.04807692307692308
2 0.33052884615384615 0.46875 0.016826923076923076 0.04567307692307692
2 0.25 0.5456730769230769 0.02403846153846154 0.052884615384615384
3 0.3798076923076923 0.46033653846153844 0.019230769230769232 0.05048076923076923
2 0.796875 0.48677884615384615 0.021634615384615384 0.052884615384615384
2 0.7956730769230769 0.30528846153846156 0.019230769230769232 0.04326923076923077
2 0.24278846153846154 0.484375 0.026442307692307692 0.05048076923076923
2 0.7920673076923077 0.4098557692307692 0.02403846153846154 0.057692307692307696
2 0.5192307692307693 0.5336538461538461 0.021634615384615384 0.0625
3 0.9675480769230769 0.7932692307692307 0.04326923076923077 0.0889423076923077
2 0.5901442307692307 0.26322115384615385 0.016826923076923076 0.03125
3 0.3641826923076923 0.2247596153846154 0.014423076923076924 0.03125
0 0.33413461538461536 0.5408653846153846 0.009615384615384616 0.014423076923076924