3 0.10576923076923077 0.2403846153846154 0.014423076923076924 0.036057692307692304
2 0.6274038461538461 0.6213942307692307 0.026442307692307692 0.04807692307692308
2 0.6334134615384616 0.40865384615384615 0.021634615384615384 0.04567307692307692
1 0.7872596153846154 0.39783653846153844 0.019230769230769232 0.04326923076923077
2 0.5408653846153846 0.38461538461538464 0.02403846153846154 0.05048076923076923
2 0.6189903846153846 0.4074519230769231 0.016826923076923076 0.04807692307692308
2 0.23557692307692307 0.3329326923076923 0.016826923076923076 0.04326923076923077
2 0.7019230769230769 0.5456730769230769 0.019230769230769232 0.052884615384615384
3 0.9615384615384616 0.7584134615384616 0.019230769230769232 0.07932692307692307
2 0.6442307692307693 0.6105769230769231 0.03125 0.0673076923076923
2 0.3401442307692308 0.4110576923076923 0.021634615384615384 0.052884615384615384
2 0.5829326923076923 0.3701923076923077 0.016826923076923076 0.04326923076923077
3 0.5228365384615384 0.41586538461538464 0.016826923076923076 0.05048076923076923
2 0.4026442307692308 0.47596153846153844 0.016826923076923076 0.057692307692307696
2 0.6117788461538461 0.4963942307692308 0.028846153846153848 0.05048076923076923
2 0.3293269230769231 0.359375 0.019230769230769232 0.04807692307692308
2 0.39903846153846156 0.5637019230769231 0.026442307692307692 0.0673076923076923
2 0.12860576923076922 0.35697115384615385 0.021634615384615384 0.052884615384615384
2 0.1466346153846154 0.3701923076923077 0.019230769230769232 0.052884615384615384
2 0.45552884615384615 0.4098557692307692 0.016826923076923076 0.04807692307692308
2 0.1658653846153846 0.5024038461538461 0.021634615384615384 0.06490384615384616
2 0.7391826923076923 0.5276442307692307 0.026442307692307692 0.057692307692307696
2 0.5360576923076923 0.5348557692307693 0.02403846153846154 0.055288461538461536
2 0.2247596153846154 0.5216346153846154 0.026442307692307692 0.06009615384615385
0 0.6021634615384616 0.5985576923076923 0.009615384615384616 0.014423076923076924