2 0.6730769230769231 0.20793269230769232 0.016826923076923076 0.04567307692307692
2 0.5853365384615384 0.17668269230769232 0.016826923076923076 0.03125
2 0.46634615384615385 0.20432692307692307 0.016826923076923076 0.04567307692307692
2 0.5685096153846154 0.171875 0.016826923076923076 0.040865384615384616
2 0.6622596153846154 0.20552884615384615 0.016826923076923076 0.04326923076923077
2 0.6802884615384616 0.20072115384615385 0.021634615384615384 0.03365384615384615
2 0.36538461538461536 0.15745192307692307 0.016826923076923076 0.04807692307692308
3 0.35096153846153844 0.13701923076923078 0.016826923076923076 0.040865384615384616
2 0.33533653846153844 0.20432692307692307 0.016826923076923076 0.04807692307692308
2 0.578125 0.234375 0.016826923076923076 0.04567307692307692
2 0.5276442307692307 0.23677884615384615 0.016826923076923076 0.04807692307692308
2 0.8894230769230769 0.45072115384615385 0.02403846153846154 0.06490384615384616
2 0.6454326923076923 0.32211538461538464 0.021634615384615384 0.055288461538461536
2 0.4170673076923077 0.29086538461538464 0.021634615384615384 0.057692307692307696
2 0.8329326923076923 0.3701923076923077 0.02403846153846154 0.0625
2 0.234375 0.40024038461538464 0.03365384615384615 0.07451923076923077
2 0.8641826923076923 0.4206730769230769 0.02403846153846154 0.06490384615384616
3 0.7115384615384616 0.3016826923076923 0.021634615384615384 0.055288461538461536
2 0.6742788461538461 0.4423076923076923 0.028846153846153848 0.06490384615384616
2 0.22355769230769232 0.9254807692307693 0.03365384615384615 0.0625
2 0.7740384615384616 0.4375 0.028846153846153848 0.0673076923076923
2 0.6658653846153846 0.7536057692307693 0.040865384615384616 0.09375
0 0.6105769230769231 0.1935096153846154 0.007211538461538462 0.01201923076923077
2 0.6682692307692307 0.19110576923076922 0.014423076923076924 0.038461538461538464