2 0.671875 0.38341346153846156 0.014423076923076924 0.03365384615384615
2 0.7596153846153846 0.4074519230769231 0.016826923076923076 0.036057692307692304
2 0.453125 0.3858173076923077 0.019230769230769232 0.03125
2 0.5252403846153846 0.28966346153846156 0.014423076923076924 0.026442307692307692
2 0.4362980769230769 0.4026442307692308 0.02403846153846154 0.04326923076923077
2 0.4519230769230769 0.5564903846153846 0.026442307692307692 0.052884615384615384
2 0.7175480769230769 0.3858173076923077 0.014423076923076924 0.03365384615384615
2 0.6899038461538461 0.4230769230769231 0.014423076923076924 0.03125
2 0.5612980769230769 0.3473557692307692 0.014423076923076924 0.03125
2 0.46153846153846156 0.3161057692307692 0.016826923076923076 0.03125
3 0.5036057692307693 0.3737980769230769 0.021634615384615384 0.040865384615384616
2 0.5420673076923077 0.30288461538461536 0.019230769230769232 0.028846153846153848
2 0.5721153846153846 0.47115384615384615 0.03125 0.052884615384615384
2 0.2620192307692308 0.5144230769230769 0.02403846153846154 0.055288461538461536
2 0.5324519230769231 0.4362980769230769 0.019230769230769232 0.04326923076923077
2 0.7728365384615384 0.5132211538461539 0.021634615384615384 0.05048076923076923
2 0.7896634615384616 0.4362980769230769 0.019230769230769232 0.040865384615384616
2 0.7908653846153846 0.5 0.021634615384615384 0.04567307692307692
2 0.38221153846153844 0.3737980769230769 0.016826923076923076 0.038461538461538464
3 0.06129807692307692 0.6057692307692307 0.03365384615384615 0.0673076923076923
2 0.3076923076923077 0.41466346153846156 0.016826923076923076 0.04567307692307692
2 0.7079326923076923 0.35096153846153844 0.014423076923076924 0.03365384615384615
3 0.7980769230769231 0.34615384615384615 0.01201923076923077 0.03125
0 0.42427884615384615 0.4182692307692308 0.007211538461538462 0.007211538461538462
1 0.17668269230769232 0.2848557692307692 0.019230769230769232 0.040865384615384616