2 0.30288461538461536 0.37740384615384615 0.009615384615384616 0.04567307692307692
2 0.25240384615384615 0.33774038461538464 0.009615384615384616 0.04326923076923077
2 0.14182692307692307 0.4110576923076923 0.01201923076923077 0.05048076923076923
2 0.31490384615384615 0.31009615384615385 0.009615384615384616 0.040865384615384616
2 0.38461538461538464 0.296875 0.009615384615384616 0.04326923076923077
2 0.1502403846153846 0.4170673076923077 0.019230769230769232 0.05048076923076923
2 0.5012019230769231 0.3137019230769231 0.009615384615384616 0.04326923076923077
2 0.6225961538461539 0.3425480769230769 0.014423076923076924 0.04807692307692308
2 0.7668269230769231 0.29447115384615385 0.009615384615384616 0.040865384615384616
2 0.40625 0.2824519230769231 0.009615384615384616 0.04326923076923077
3 0.41586538461538464 0.3641826923076923 0.009615384615384616 0.04567307692307692
2 0.7896634615384616 0.3112980769230769 0.01201923076923077 0.04326923076923077
2 0.6334134615384616 0.36778846153846156 0.01201923076923077 0.04807692307692308
2 0.6814903846153846 0.44350961538461536 0.016826923076923076 0.06009615384615385
2 0.31009615384615385 0.4182692307692308 0.01201923076923077 0.06009615384615385
2 0.8725961538461539 0.36778846153846156 0.01201923076923077 0.04807692307692308
2 0.6959134615384616 0.4579326923076923 0.016826923076923076 0.06009615384615385
1 0.27524038461538464 0.28725961538461536 0.014423076923076924 0.04567307692307692
2 0.3076923076923077 0.296875 0.01201923076923077 0.05048076923076923
2 0.3449519230769231 0.31850961538461536 0.01201923076923077 0.04807692307692308
2 0.34615384615384615 0.296875 0.01201923076923077 0.04807692307692308
2 0.3798076923076923 0.2800480769230769 0.01201923076923077 0.04567307692307692