3 0.22115384615384615 0.21754807692307693 0.007211538461538462 0.040865384615384616
2 0.4230769230769231 0.23798076923076922 0.009615384615384616 0.03365384615384615
2 0.28966346153846156 0.23918269230769232 0.014423076923076924 0.052884615384615384
2 0.6201923076923077 0.23918269230769232 0.009615384615384616 0.038461538461538464
2 0.7668269230769231 0.3894230769230769 0.016826923076923076 0.0625
2 0.4891826923076923 0.2848557692307692 0.009615384615384616 0.04807692307692308
2 0.34615384615384615 0.28125 0.009615384615384616 0.052884615384615384
2 0.6694711538461539 0.2956730769230769 0.009615384615384616 0.052884615384615384
2 0.6117788461538461 0.29086538461538464 0.01201923076923077 0.04807692307692308
2 0.42788461538461536 0.3112980769230769 0.014423076923076924 0.055288461538461536
3 0.6370192307692307 0.3425480769230769 0.01201923076923077 0.055288461538461536
2 0.5757211538461539 0.3629807692307692 0.01201923076923077 0.057692307692307696
2 0.24639423076923078 0.2860576923076923 0.01201923076923077 0.05048076923076923
2 0.3112980769230769 0.3798076923076923 0.014423076923076924 0.0625
2 0.5973557692307693 0.5048076923076923 0.014423076923076924 0.06971153846153846
2 0.8028846153846154 0.4326923076923077 0.01201923076923077 0.0673076923076923
2 0.8221153846153846 0.46153846153846156 0.016826923076923076 0.0673076923076923
2 0.1141826923076923 0.5360576923076923 0.016826923076923076 0.07692307692307693
2 0.5757211538461539 0.8137019230769231 0.02403846153846154 0.09375
2 0.6862980769230769 0.4651442307692308 0.016826923076923076 0.06971153846153846
2 0.46274038461538464 0.21394230769230768 0.009615384615384616 0.038461538461538464
2 0.6033653846153846 0.21153846153846154 0.009615384615384616 0.038461538461538464