1 0.9338942307692307 0.3233173076923077 0.01201923076923077 0.04326923076923077
2 0.5709134615384616 0.7103365384615384 0.028846153846153848 0.07692307692307693
2 0.3233173076923077 0.3016826923076923 0.009615384615384616 0.038461538461538464
2 0.5060096153846154 0.5324519230769231 0.021634615384615384 0.052884615384615384
2 0.6045673076923077 0.39783653846153844 0.016826923076923076 0.04567307692307692
2 0.5985576923076923 0.4567307692307692 0.016826923076923076 0.052884615384615384
2 0.6574519230769231 0.30288461538461536 0.014423076923076924 0.038461538461538464
2 0.5024038461538461 0.2608173076923077 0.007211538461538462 0.03365384615384615
2 0.8581730769230769 0.46875 0.01201923076923077 0.052884615384615384
2 0.8701923076923077 0.578125 0.02403846153846154 0.055288461538461536
2 0.33774038461538464 0.4387019230769231 0.014423076923076924 0.055288461538461536
3 0.46875 0.41346153846153844 0.01201923076923077 0.04567307692307692
2 0.2536057692307692 0.328125 0.01201923076923077 0.040865384615384616
2 0.4098557692307692 0.37259615384615385 0.014423076923076924 0.04567307692307692
2 0.6706730769230769 0.34134615384615385 0.009615384615384616 0.04326923076923077
2 0.2692307692307692 0.39903846153846156 0.016826923076923076 0.04567307692307692
2 0.32572115384615385 0.4543269230769231 0.016826923076923076 0.040865384615384616
2 0.4110576923076923 0.47836538461538464 0.019230769230769232 0.038461538461538464
2 0.78125 0.5973557692307693 0.021634615384615384 0.0625
2 0.21514423076923078 0.43028846153846156 0.021634615384615384 0.04567307692307692
2 0.4987980769230769 0.6189903846153846 0.028846153846153848 0.06490384615384616
3 0.12740384615384615 0.8725961538461539 0.03125 0.09134615384615384
2 0.9447115384615384 0.4338942307692308 0.016826923076923076 0.052884615384615384
3 0.6682692307692307 0.203125 0.009615384615384616 0.03125