1 0.8798076923076923 0.35216346153846156 0.014423076923076924 0.04326923076923077
2 0.5384615384615384 0.7415865384615384 0.03125 0.07692307692307693
2 0.28365384615384615 0.35216346153846156 0.01201923076923077 0.038461538461538464
2 0.4699519230769231 0.5697115384615384 0.02403846153846154 0.052884615384615384
2 0.5600961538461539 0.43509615384615385 0.016826923076923076 0.04567307692307692
2 0.5564903846153846 0.49399038461538464 0.016826923076923076 0.05048076923076923
2 0.609375 0.34134615384615385 0.014423076923076924 0.038461538461538464
2 0.4567307692307692 0.30528846153846156 0.009615384615384616 0.03365384615384615
2 0.8100961538461539 0.4951923076923077 0.01201923076923077 0.05048076923076923
2 0.8269230769230769 0.6021634615384616 0.02403846153846154 0.055288461538461536
2 0.3016826923076923 0.484375 0.016826923076923076 0.052884615384615384
3 0.42908653846153844 0.45552884615384615 0.01201923076923077 0.04567307692307692
2 0.21514423076923078 0.3798076923076923 0.01201923076923077 0.040865384615384616
2 0.3701923076923077 0.4170673076923077 0.014423076923076924 0.04326923076923077
2 0.6237980769230769 0.3786057692307692 0.01201923076923077 0.040865384615384616
2 0.23197115384615385 0.4483173076923077 0.019230769230769232 0.04567307692307692
2 0.28966346153846156 0.5 0.016826923076923076 0.040865384615384616
2 0.375 0.5204326923076923 0.019230769230769232 0.038461538461538464
2 0.7403846153846154 0.625 0.02403846153846154 0.06009615384615385
2 0.1814903846153846 0.4807692307692308 0.021634615384615384 0.04807692307692308
2 0.46634615384615385 0.6550480769230769 0.03125 0.06490384615384616
3 0.11057692307692307 0.9146634615384616 0.036057692307692304 0.0889423076923077
2 0.8942307692307693 0.45913461538461536 0.016826923076923076 0.05048076923076923
3 0.6165865384615384 0.2439903846153846 0.009615384615384616 0.03125