1 0.2608173076923077 0.36778846153846156 0.014423076923076924 0.038461538461538464
2 0.34615384615384615 0.4266826923076923 0.016826923076923076 0.038461538461538464
2 0.38221153846153844 0.5024038461538461 0.01201923076923077 0.038461538461538464
2 0.49399038461538464 0.31850961538461536 0.009615384615384616 0.03365384615384615
2 0.7884615384615384 0.375 0.01201923076923077 0.03365384615384615
2 0.47596153846153844 0.328125 0.01201923076923077 0.028846153846153848
2 0.6766826923076923 0.3858173076923077 0.01201923076923077 0.036057692307692304
2 0.390625 0.4206730769230769 0.01201923076923077 0.038461538461538464
2 0.7680288461538461 0.3245192307692308 0.009615384615384616 0.028846153846153848
2 0.7596153846153846 0.3641826923076923 0.01201923076923077 0.036057692307692304
2 0.35216346153846156 0.46875 0.019230769230769232 0.040865384615384616
2 0.8473557692307693 0.47836538461538464 0.01201923076923077 0.05048076923076923
2 0.25 0.5757211538461539 0.014423076923076924 0.052884615384615384
2 0.6862980769230769 0.4170673076923077 0.01201923076923077 0.038461538461538464
3 0.4699519230769231 0.4182692307692308 0.01201923076923077 0.038461538461538464
2 0.5144230769230769 0.484375 0.016826923076923076 0.04567307692307692
2 0.5637019230769231 0.3581730769230769 0.014423076923076924 0.03365384615384615
2 0.8473557692307693 0.3894230769230769 0.014423076923076924 0.040865384615384616
2 0.49158653846153844 0.4723557692307692 0.019230769230769232 0.04326923076923077
3 0.13341346153846154 0.640625 0.02403846153846154 0.06009615384615385
0 0.5276442307692307 0.30408653846153844 0.007211538461538462 0.01201923076923077
2 0.41586538461538464 0.3786057692307692 0.014423076923076924 0.038461538461538464
2 0.38341346153846156 0.5216346153846154 0.021634615384615384 0.026442307692307692
3 0.8353365384615384 0.2860576923076923 0.014423076923076924 0.03365384615384615
2 0.8413461538461539 0.46875 0.014423076923076924 0.04807692307692308