2 0.5817307692307693 0.22355769230769232 0.009615384615384616 0.042067307692307696
2 0.4951923076923077 0.21033653846153846 0.009615384615384616 0.027644230769230768
2 0.390625 0.25721153846153844 0.007211538461538462 0.04326923076923077
2 0.47836538461538464 0.20793269230769232 0.008413461538461538 0.037259615384615384
2 0.5709134615384616 0.22355769230769232 0.008413461538461538 0.038461538461538464
2 0.5865384615384616 0.21514423076923078 0.014423076923076924 0.027644230769230768
2 0.28846153846153844 0.23197115384615385 0.007211538461538462 0.04447115384615385
3 0.27283653846153844 0.21514423076923078 0.008413461538461538 0.037259615384615384
2 0.2692307692307692 0.28125 0.008413461538461538 0.04447115384615385
2 0.4987980769230769 0.265625 0.007211538461538462 0.042067307692307696
2 0.453125 0.27524038461538464 0.008413461538461538 0.04567307692307692
2 0.8233173076923077 0.4074519230769231 0.01201923076923077 0.05889423076923077
2 0.5769230769230769 0.3329326923076923 0.010817307692307692 0.05048076923076923
2 0.359375 0.3449519230769231 0.010817307692307692 0.054086538461538464
2 0.7572115384615384 0.34375 0.010817307692307692 0.057692307692307696
2 0.21153846153846154 0.4795673076923077 0.018028846153846152 0.0673076923076923
2 0.7956730769230769 0.38461538461538464 0.01201923076923077 0.057692307692307696
3 0.6322115384615384 0.30288461538461536 0.010817307692307692 0.05048076923076923
2 0.6237980769230769 0.4375 0.015625 0.06009615384615385
2 0.296875 0.9675480769230769 0.02283653846153846 0.06370192307692307
2 0.7151442307692307 0.41586538461538464 0.015625 0.0625
2 0.671875 0.7259615384615384 0.02283653846153846 0.08413461538461539
0 0.5216346153846154 0.22115384615384615 0.004807692307692308 0.010817307692307692
2 0.5733173076923077 0.20793269230769232 0.007211538461538462 0.03485576923076923