1 0.8894230769230769 0.36658653846153844 0.016826923076923076 0.03125
2 0.4699519230769231 0.2848557692307692 0.009615384615384616 0.03365384615384615
2 0.2848557692307692 0.34975961538461536 0.009615384615384616 0.036057692307692304
2 0.65625 0.3713942307692308 0.014423076923076924 0.04326923076923077
2 0.3161057692307692 0.3016826923076923 0.009615384615384616 0.03125
2 0.27884615384615385 0.3798076923076923 0.014423076923076924 0.04326923076923077
2 0.4675480769230769 0.34375 0.009615384615384616 0.040865384615384616
2 0.7487980769230769 0.3137019230769231 0.01201923076923077 0.03365384615384615
2 0.8425480769230769 0.4423076923076923 0.014423076923076924 0.038461538461538464
2 0.5961538461538461 0.4495192307692308 0.014423076923076924 0.04326923076923077
2 0.8088942307692307 0.43149038461538464 0.014423076923076924 0.04807692307692308
2 0.234375 0.5793269230769231 0.016826923076923076 0.057692307692307696
2 0.4891826923076923 0.34134615384615385 0.01201923076923077 0.038461538461538464
2 0.19951923076923078 0.7151442307692307 0.019230769230769232 0.06490384615384616
3 0.37740384615384615 0.41346153846153844 0.014423076923076924 0.04807692307692308
2 0.6298076923076923 0.6790865384615384 0.028846153846153848 0.06971153846153846
2 0.6802884615384616 0.4543269230769231 0.019230769230769232 0.04807692307692308
2 0.24759615384615385 0.45072115384615385 0.01201923076923077 0.055288461538461536
2 0.31009615384615385 0.5240384615384616 0.016826923076923076 0.057692307692307696
2 0.5625 0.5661057692307693 0.019230769230769232 0.057692307692307696
2 0.3449519230769231 0.30649038461538464 0.01201923076923077 0.03365384615384615
3 0.3269230769230769 0.2403846153846154 0.009615384615384616 0.03125
0 0.8449519230769231 0.3942307692307692 0.004807692307692308 0.007211538461538462