2 0.5985576923076923 0.203125 0.014423076923076924 0.03365384615384615
2 0.6442307692307693 0.21153846153846154 0.016826923076923076 0.040865384615384616
2 0.28725961538461536 0.19110576923076922 0.016826923076923076 0.04567307692307692
2 0.8497596153846154 0.41947115384615385 0.03365384615384615 0.055288461538461536
2 0.6610576923076923 0.2283653846153846 0.021634615384615384 0.04567307692307692
2 0.5276442307692307 0.20192307692307693 0.014423076923076924 0.04326923076923077
2 0.49278846153846156 0.19471153846153846 0.016826923076923076 0.04807692307692308
2 0.43149038461538464 0.2247596153846154 0.014423076923076924 0.04326923076923077
2 0.5492788461538461 0.25 0.021634615384615384 0.038461538461538464
2 0.30288461538461536 0.23798076923076922 0.021634615384615384 0.05048076923076923
2 0.578125 0.2536057692307692 0.026442307692307692 0.04807692307692308
2 0.5 0.22716346153846154 0.019230769230769232 0.04567307692307692
2 0.8197115384615384 0.36658653846153844 0.021634615384615384 0.06009615384615385
2 0.5997596153846154 0.3329326923076923 0.019230769230769232 0.055288461538461536
2 0.6490384615384616 0.4362980769230769 0.026442307692307692 0.0673076923076923
2 0.8569711538461539 0.4387019230769231 0.03125 0.06490384615384616
2 0.38100961538461536 0.3088942307692308 0.02403846153846154 0.06009615384615385
2 0.20072115384615385 0.3954326923076923 0.03125 0.06971153846153846
3 0.6370192307692307 0.3125 0.019230769230769232 0.055288461538461536
2 0.7115384615384616 0.359375 0.02403846153846154 0.057692307692307696
2 0.6862980769230769 0.7307692307692307 0.05048076923076923 0.0985576923076923
0 0.49759615384615385 0.24519230769230768 0.004807692307692308 0.007211538461538462
3 0.2932692307692308 0.15745192307692307 0.016826923076923076 0.04567307692307692