1 0.7055288461538461 0.3233173076923077 0.016826923076923076 0.038461538461538464
2 0.6346153846153846 0.39903846153846156 0.019230769230769232 0.038461538461538464
2 0.6165865384615384 0.4795673076923077 0.014423076923076924 0.036057692307692304
2 0.4699519230769231 0.3233173076923077 0.01201923076923077 0.03365384615384615
2 0.1935096153846154 0.43990384615384615 0.014423076923076924 0.03365384615384615
2 0.49038461538461536 0.3293269230769231 0.01201923076923077 0.028846153846153848
2 0.30528846153846156 0.4266826923076923 0.01201923076923077 0.036057692307692304
2 0.5913461538461539 0.4014423076923077 0.014423076923076924 0.036057692307692304
2 0.203125 0.3858173076923077 0.009615384615384616 0.028846153846153848
2 0.21875 0.4230769230769231 0.014423076923076924 0.036057692307692304
2 0.6394230769230769 0.43990384615384615 0.019230769230769232 0.038461538461538464
2 0.15985576923076922 0.5528846153846154 0.014423076923076924 0.05048076923076923
2 0.7608173076923077 0.5240384615384616 0.016826923076923076 0.052884615384615384
2 0.30408653846153844 0.45913461538461536 0.014423076923076924 0.038461538461538464
3 0.5132211538461539 0.41466346153846156 0.01201923076923077 0.036057692307692304
2 0.484375 0.4891826923076923 0.016826923076923076 0.04567307692307692
2 0.4098557692307692 0.3762019230769231 0.014423076923076924 0.03365384615384615
2 0.13942307692307693 0.46634615384615385 0.016826923076923076 0.040865384615384616
2 0.5036057692307693 0.47115384615384615 0.021634615384615384 0.04326923076923077
3 0.8882211538461539 0.5612980769230769 0.02403846153846154 0.06009615384615385
0 0.4338942307692308 0.3173076923076923 0.007211538461538462 0.01201923076923077
2 0.5576923076923077 0.3641826923076923 0.016826923076923076 0.038461538461538464
2 0.6189903846153846 0.4987980769230769 0.02403846153846154 0.026442307692307692
3 0.1310096153846154 0.3629807692307692 0.014423076923076924 0.03365384615384615
2 0.1622596153846154 0.5408653846153846 0.014423076923076924 0.04807692307692308