2 0.5985576923076923 0.3557692307692308 0.016826923076923076 0.038461538461538464
2 0.2980769230769231 0.34375 0.014423076923076924 0.026442307692307692
2 0.4855769230769231 0.30528846153846156 0.01201923076923077 0.03365384615384615
2 0.30649038461538464 0.38341346153846156 0.01201923076923077 0.036057692307692304
2 0.45552884615384615 0.30649038461538464 0.014423076923076924 0.03365384615384615
2 0.6033653846153846 0.38341346153846156 0.016826923076923076 0.04567307692307692
1 0.7043269230769231 0.2932692307692308 0.01201923076923077 0.036057692307692304
2 0.16346153846153846 0.38341346153846156 0.01201923076923077 0.036057692307692304
2 0.5228365384615384 0.33052884615384615 0.01201923076923077 0.038461538461538464
2 0.3233173076923077 0.41466346153846156 0.014423076923076924 0.040865384615384616
2 0.5396634615384616 0.36177884615384615 0.01201923076923077 0.038461538461538464
2 0.27524038461538464 0.34615384615384615 0.01201923076923077 0.03125
2 0.40024038461538464 0.34615384615384615 0.01201923076923077 0.036057692307692304
3 0.8954326923076923 0.5552884615384616 0.02403846153846154 0.06490384615384616
2 0.4735576923076923 0.4567307692307692 0.014423076923076924 0.05048076923076923
2 0.18389423076923078 0.421875 0.014423076923076924 0.040865384615384616
2 0.7668269230769231 0.5096153846153846 0.021634615384615384 0.052884615384615384
2 0.49759615384615385 0.4423076923076923 0.014423076923076924 0.04326923076923077
2 0.17668269230769232 0.5264423076923077 0.019230769230769232 0.052884615384615384
2 0.625 0.4495192307692308 0.016826923076923076 0.04807692307692308
3 0.4567307692307692 0.4050480769230769 0.019230769230769232 0.04567307692307692
2 0.6502403846153846 0.4411057692307692 0.016826923076923076 0.05048076923076923
0 0.30649038461538464 0.30528846153846156 0.004807692307692308 0.009615384615384616
2 0.17307692307692307 0.5084134615384616 0.019230769230769232 0.052884615384615384
3 0.13341346153846154 0.328125 0.014423076923076924 0.03365384615384615