2 0.3581730769230769 0.35336538461538464 0.014423076923076924 0.03365384615384615
2 0.265625 0.34615384615384615 0.016826923076923076 0.038461538461538464
2 0.5697115384615384 0.4387019230769231 0.019230769230769232 0.03365384615384615
2 0.5360576923076923 0.31971153846153844 0.01201923076923077 0.028846153846153848
2 0.5805288461538461 0.46153846153846156 0.02403846153846154 0.04326923076923077
2 0.5072115384615384 0.6033653846153846 0.026442307692307692 0.055288461538461536
2 0.3125 0.3401442307692308 0.014423076923076924 0.036057692307692304
2 0.32572115384615385 0.3870192307692308 0.014423076923076924 0.03365384615384615
2 0.4795673076923077 0.3605769230769231 0.014423076923076924 0.03125
2 0.5877403846153846 0.36778846153846156 0.016826923076923076 0.03365384615384615
3 0.5252403846153846 0.4074519230769231 0.021634615384615384 0.040865384615384616
2 0.515625 0.3245192307692308 0.016826923076923076 0.03125
2 0.421875 0.47716346153846156 0.028846153846153848 0.055288461538461536
2 0.7067307692307693 0.6334134615384616 0.021634615384615384 0.055288461538461536
2 0.4735576923076923 0.45913461538461536 0.019230769230769232 0.04567307692307692
2 0.2127403846153846 0.44350961538461536 0.019230769230769232 0.052884615384615384
2 0.22235576923076922 0.36177884615384615 0.019230769230769232 0.04326923076923077
2 0.19831730769230768 0.42427884615384615 0.019230769230769232 0.04567307692307692
2 0.6430288461538461 0.4543269230769231 0.014423076923076924 0.038461538461538464
3 0.8689903846153846 0.7980769230769231 0.03125 0.06971153846153846
2 0.6995192307692307 0.5204326923076923 0.016826923076923076 0.04807692307692308
2 0.33413461538461536 0.3088942307692308 0.014423076923076924 0.036057692307692304
3 0.25 0.2704326923076923 0.01201923076923077 0.03365384615384615
0 0.5853365384615384 0.4807692307692308 0.007211538461538462 0.009615384615384616
1 0.8737980769230769 0.44350961538461536 0.019230769230769232 0.04326923076923077