2 0.4891826923076923 0.3401442307692308 0.019230769230769232 0.04326923076923077
1 0.21394230769230768 0.3954326923076923 0.019230769230769232 0.040865384615384616
2 0.4831730769230769 0.33413461538461536 0.016826923076923076 0.040865384615384616
3 0.8461538461538461 0.21875 0.016826923076923076 0.036057692307692304
2 0.8449519230769231 0.3088942307692308 0.019230769230769232 0.04326923076923077
2 0.5985576923076923 0.42427884615384615 0.021634615384615384 0.04326923076923077
2 0.8353365384615384 0.4375 0.021634615384615384 0.055288461538461536
3 0.5552884615384616 0.38221153846153844 0.019230769230769232 0.04567307692307692
2 0.44591346153846156 0.3954326923076923 0.02403846153846154 0.04326923076923077
2 0.6826923076923077 0.3112980769230769 0.016826923076923076 0.036057692307692304
2 0.3918269230769231 0.43149038461538464 0.02403846153846154 0.04567307692307692
2 0.8245192307692307 0.3317307692307692 0.019230769230769232 0.04567307692307692
2 0.71875 0.2980769230769231 0.016826923076923076 0.040865384615384616
2 0.6911057692307693 0.359375 0.016826923076923076 0.040865384615384616
2 0.43028846153846156 0.37740384615384615 0.021634615384615384 0.04326923076923077
2 0.4206730769230769 0.4807692307692308 0.019230769230769232 0.04807692307692308
2 0.33774038461538464 0.5084134615384616 0.019230769230769232 0.04567307692307692
2 0.5180288461538461 0.4639423076923077 0.016826923076923076 0.040865384615384616
2 0.49278846153846156 0.41586538461538464 0.021634615384615384 0.04567307692307692
2 0.8112980769230769 0.453125 0.021634615384615384 0.05048076923076923
2 0.27163461538461536 0.6670673076923077 0.026442307692307692 0.06490384615384616
2 0.6201923076923077 0.49278846153846156 0.021634615384615384 0.06009615384615385
3 0.15985576923076922 0.7560096153846154 0.03125 0.07692307692307693
0 0.5997596153846154 0.44471153846153844 0.007211538461538462 0.009615384615384616
2 0.5600961538461539 0.38341346153846156 0.019230769230769232 0.04326923076923077