2 0.5528846153846154 0.18870192307692307 0.009615384615384616 0.03125
2 0.5985576923076923 0.18990384615384615 0.008413461538461538 0.040865384615384616
2 0.24759615384615385 0.22596153846153846 0.009615384615384616 0.04447115384615385
2 0.8305288461538461 0.3605769230769231 0.026442307692307692 0.051682692307692304
2 0.6177884615384616 0.20432692307692307 0.014423076923076924 0.042067307692307696
2 0.4831730769230769 0.19831730769230768 0.007211538461538462 0.042067307692307696
2 0.44711538461538464 0.1971153846153846 0.008413461538461538 0.04807692307692308
2 0.39302884615384615 0.23677884615384615 0.008413461538461538 0.042067307692307696
2 0.5120192307692307 0.24278846153846154 0.015625 0.03485576923076923
2 0.2692307692307692 0.26802884615384615 0.01201923076923077 0.04807692307692308
2 0.5396634615384616 0.24158653846153846 0.019230769230769232 0.04567307692307692
2 0.46153846153846156 0.2283653846153846 0.010817307692307692 0.042067307692307696
2 0.7932692307692307 0.31490384615384615 0.013221153846153846 0.057692307692307696
2 0.5733173076923077 0.3161057692307692 0.010817307692307692 0.051682692307692304
2 0.6382211538461539 0.4098557692307692 0.016826923076923076 0.06370192307692307
2 0.8413461538461539 0.3798076923076923 0.02283653846153846 0.06009615384615385
2 0.3557692307692308 0.3269230769230769 0.015625 0.057692307692307696
2 0.1935096153846154 0.4387019230769231 0.020432692307692308 0.0673076923076923
3 0.6069711538461539 0.29086538461538464 0.010817307692307692 0.052884615384615384
2 0.6887019230769231 0.3245192307692308 0.014423076923076924 0.055288461538461536
2 0.71875 0.6899038461538461 0.03365384615384615 0.09375
0 0.46153846153846156 0.24639423076923078 0.003605769230769231 0.007211538461538462
3 0.24759615384615385 0.19110576923076922 0.009615384615384616 0.04326923076923077