3 0.09375 0.34615384615384615 0.01201923076923077 0.036057692307692304
2 0.5552884615384616 0.40024038461538464 0.014423076923076924 0.038461538461538464
1 0.7307692307692307 0.3245192307692308 0.016826923076923076 0.038461538461538464
2 0.5420673076923077 0.4050480769230769 0.016826923076923076 0.038461538461538464
2 0.5877403846153846 0.3557692307692308 0.014423076923076924 0.04326923076923077
2 0.5685096153846154 0.3545673076923077 0.014423076923076924 0.038461538461538464
3 0.5805288461538461 0.3918269230769231 0.014423076923076924 0.04326923076923077
2 0.6213942307692307 0.39903846153846156 0.014423076923076924 0.04326923076923077
2 0.15144230769230768 0.4651442307692308 0.014423076923076924 0.05048076923076923
2 0.49278846153846156 0.41466346153846156 0.014423076923076924 0.038461538461538464
2 0.71875 0.42788461538461536 0.014423076923076924 0.04567307692307692
2 0.28125 0.38822115384615385 0.016826923076923076 0.038461538461538464
2 0.4362980769230769 0.4651442307692308 0.016826923076923076 0.04567307692307692
2 0.7475961538461539 0.47475961538461536 0.014423076923076924 0.05048076923076923
3 0.9915865384615384 0.5973557692307693 0.016826923076923076 0.06971153846153846
2 0.3762019230769231 0.4026442307692308 0.014423076923076924 0.04326923076923077
2 0.6742788461538461 0.47716346153846156 0.016826923076923076 0.052884615384615384
2 0.5480769230769231 0.4831730769230769 0.016826923076923076 0.05048076923076923
2 0.17908653846153846 0.46875 0.016826923076923076 0.05048076923076923
2 0.2704326923076923 0.5637019230769231 0.021634615384615384 0.06009615384615385
2 0.47836538461538464 0.5348557692307693 0.016826923076923076 0.06009615384615385
2 0.3016826923076923 0.5721153846153846 0.019230769230769232 0.055288461538461536
2 0.5516826923076923 0.36658653846153844 0.014423076923076924 0.04567307692307692