2 0.6646634615384616 0.24519230769230768 0.019230769230769232 0.04567307692307692
2 0.578125 0.21033653846153846 0.016826923076923076 0.03125
2 0.45913461538461536 0.234375 0.016826923076923076 0.04567307692307692
2 0.5625 0.20432692307692307 0.016826923076923076 0.040865384615384616
2 0.6538461538461539 0.24278846153846154 0.016826923076923076 0.040865384615384616
2 0.6730769230769231 0.23798076923076922 0.021634615384615384 0.03125
2 0.359375 0.18509615384615385 0.019230769230769232 0.04807692307692308
3 0.3473557692307692 0.16346153846153846 0.019230769230769232 0.040865384615384616
2 0.328125 0.22956730769230768 0.019230769230769232 0.04807692307692308
2 0.5697115384615384 0.26802884615384615 0.019230769230769232 0.04567307692307692
2 0.5204326923076923 0.2692307692307692 0.019230769230769232 0.04807692307692308
2 0.8701923076923077 0.49278846153846156 0.026442307692307692 0.06490384615384616
2 0.6346153846153846 0.35697115384615385 0.02403846153846154 0.055288461538461536
2 0.40625 0.31850961538461536 0.02403846153846154 0.057692307692307696
2 0.8173076923076923 0.41225961538461536 0.026442307692307692 0.0625
2 0.22115384615384615 0.4206730769230769 0.036057692307692304 0.07451923076923077
2 0.8473557692307693 0.46274038461538464 0.026442307692307692 0.0625
3 0.6983173076923077 0.3401442307692308 0.02403846153846154 0.055288461538461536
2 0.6574519230769231 0.47716346153846156 0.03125 0.06490384615384616
2 0.19591346153846154 0.9266826923076923 0.028846153846153848 0.036057692307692304
2 0.7572115384615384 0.47596153846153844 0.03125 0.0673076923076923
2 0.6382211538461539 0.7872596153846154 0.04326923076923077 0.09375
0 0.6033653846153846 0.2283653846153846 0.007211538461538462 0.01201923076923077
2 0.6586538461538461 0.22716346153846154 0.014423076923076924 0.036057692307692304