2 0.6862980769230769 0.3858173076923077 0.008413461538461538 0.042067307692307696
2 0.6802884615384616 0.32091346153846156 0.007211538461538462 0.04326923076923077
2 0.5949519230769231 0.33533653846153844 0.01201923076923077 0.04447115384615385
2 0.640625 0.35096153846153844 0.008413461538461538 0.040865384615384616
2 0.7259615384615384 0.33774038461538464 0.008413461538461538 0.042067307692307696
3 0.021634615384615384 0.2692307692307692 0.010817307692307692 0.042067307692307696
2 0.2704326923076923 0.296875 0.008413461538461538 0.042067307692307696
2 0.7115384615384616 0.34975961538461536 0.010817307692307692 0.04807692307692308
2 0.7439903846153846 0.3918269230769231 0.010817307692307692 0.05048076923076923
2 0.6526442307692307 0.3629807692307692 0.009615384615384616 0.046875
2 0.5240384615384616 0.31850961538461536 0.01201923076923077 0.038461538461538464
2 0.390625 0.44711538461538464 0.009615384615384616 0.057692307692307696
3 0.5925480769230769 0.375 0.010817307692307692 0.051682692307692304
2 0.25600961538461536 0.32211538461538464 0.007211538461538462 0.04326923076923077
2 0.49759615384615385 0.3557692307692308 0.009615384615384616 0.046875
2 0.6802884615384616 0.41225961538461536 0.014423076923076924 0.054086538461538464
2 0.17908653846153846 0.38221153846153844 0.010817307692307692 0.04927884615384615
2 0.3798076923076923 0.4519230769230769 0.010817307692307692 0.06009615384615385
2 0.4579326923076923 0.38221153846153844 0.009615384615384616 0.05048076923076923
1 0.7307692307692307 0.2956730769230769 0.01201923076923077 0.046875
0 0.5637019230769231 0.2980769230769231 0.006009615384615385 0.009615384615384616
2 0.5829326923076923 0.328125 0.015625 0.040865384615384616
2 0.6069711538461539 0.296875 0.01201923076923077 0.039663461538461536
2 0.6165865384615384 0.3004807692307692 0.013221153846153846 0.036057692307692304