1 0.8269230769230769 0.3125 0.01201923076923077 0.027644230769230768
2 0.44350961538461536 0.27403846153846156 0.006009615384615385 0.030048076923076924
2 0.2824519230769231 0.3449519230769231 0.007211538461538462 0.03125
2 0.6177884615384616 0.33533653846153844 0.009615384615384616 0.038461538461538464
2 0.30649038461538464 0.29927884615384615 0.007211538461538462 0.028846153846153848
2 0.2800480769230769 0.3713942307692308 0.008413461538461538 0.038461538461538464
2 0.44591346153846156 0.32572115384615385 0.006009615384615385 0.036057692307692304
1 0.014423076923076924 0.3954326923076923 0.010817307692307692 0.042067307692307696
2 0.6959134615384616 0.2764423076923077 0.008413461538461538 0.030048076923076924
2 0.7908653846153846 0.38461538461538464 0.009615384615384616 0.03485576923076923
2 0.5697115384615384 0.4098557692307692 0.008413461538461538 0.038461538461538464
2 0.7596153846153846 0.37740384615384615 0.009615384615384616 0.042067307692307696
2 0.25600961538461536 0.5552884615384616 0.010817307692307692 0.051682692307692304
2 0.4651442307692308 0.32211538461538464 0.008413461538461538 0.03485576923076923
2 0.23557692307692307 0.6802884615384616 0.01201923076923077 0.057692307692307696
3 0.3701923076923077 0.3954326923076923 0.009615384615384616 0.042067307692307696
2 0.6177884615384616 0.6129807692307693 0.020432692307692308 0.06129807692307692
2 0.6454326923076923 0.4074519230769231 0.013221153846153846 0.042067307692307696
2 0.25721153846153844 0.4375 0.007211538461538462 0.04927884615384615
2 0.31850961538461536 0.5 0.010817307692307692 0.05048076923076923
2 0.5492788461538461 0.5168269230769231 0.01201923076923077 0.051682692307692304
2 0.3329326923076923 0.3016826923076923 0.007211538461538462 0.030048076923076924
3 0.3125 0.24278846153846154 0.006009615384615385 0.026442307692307692
0 0.7884615384615384 0.34134615384615385 0.003605769230769231 0.007211538461538462