1 0.8137019230769231 0.36538461538461536 0.014423076923076924 0.03365384615384615
2 0.265625 0.35697115384615385 0.014423076923076924 0.04326923076923077
2 0.4338942307692308 0.3233173076923077 0.009615384615384616 0.036057692307692304
2 0.3076923076923077 0.2800480769230769 0.009615384615384616 0.03365384615384615
2 0.25 0.39302884615384615 0.014423076923076924 0.04807692307692308
2 0.47115384615384615 0.27524038461538464 0.01201923076923077 0.03125
2 0.6105769230769231 0.3425480769230769 0.01201923076923077 0.040865384615384616
2 0.32091346153846156 0.2824519230769231 0.009615384615384616 0.03365384615384615
2 0.21754807692307693 0.5144230769230769 0.016826923076923076 0.055288461538461536
2 0.7199519230769231 0.2980769230769231 0.01201923076923077 0.03365384615384615
2 0.5552884615384616 0.40625 0.014423076923076924 0.04326923076923077
2 0.8569711538461539 0.4699519230769231 0.021634615384615384 0.04567307692307692
2 0.7259615384615384 0.4074519230769231 0.014423076923076924 0.04326923076923077
2 0.640625 0.421875 0.014423076923076924 0.04326923076923077
2 0.30288461538461536 0.47716346153846156 0.019230769230769232 0.055288461538461536
3 0.3737980769230769 0.38100961538461536 0.014423076923076924 0.04326923076923077
2 0.22596153846153846 0.6875 0.02403846153846154 0.06490384615384616
2 0.6177884615384616 0.6766826923076923 0.028846153846153848 0.0673076923076923
2 0.5144230769230769 0.5492788461538461 0.019230769230769232 0.057692307692307696
3 0.30649038461538464 0.22716346153846154 0.014423076923076924 0.040865384615384616
2 0.2704326923076923 0.3425480769230769 0.01201923076923077 0.04326923076923077
2 0.578125 0.25 0.01201923076923077 0.03365384615384615
2 0.4387019230769231 0.30649038461538464 0.01201923076923077 0.038461538461538464
0 0.8040865384615384 0.3762019230769231 0.004807692307692308 0.009615384615384616