2 0.39302884615384615 0.33052884615384615 0.016826923076923076 0.038461538461538464
2 0.5805288461538461 0.2692307692307692 0.014423076923076924 0.028846153846153848
2 0.46274038461538464 0.24759615384615385 0.009615384615384616 0.026442307692307692
2 0.4807692307692308 0.23677884615384615 0.01201923076923077 0.026442307692307692
2 0.40024038461538464 0.3125 0.019230769230769232 0.04326923076923077
2 0.5456730769230769 0.2824519230769231 0.014423076923076924 0.028846153846153848
2 0.7427884615384616 0.31009615384615385 0.014423076923076924 0.03125
2 0.6646634615384616 0.32211538461538464 0.014423076923076924 0.03365384615384615
2 0.5576923076923077 0.4639423076923077 0.019230769230769232 0.04326923076923077
2 0.7367788461538461 0.4014423076923077 0.019230769230769232 0.040865384615384616
2 0.578125 0.36177884615384615 0.016826923076923076 0.038461538461538464
1 0.9314903846153846 0.4254807692307692 0.016826923076923076 0.036057692307692304
2 0.9098557692307693 0.5168269230769231 0.021634615384615384 0.04567307692307692
1 0.125 0.27403846153846156 0.021634615384615384 0.040865384615384616
2 0.36658653846153844 0.41586538461538464 0.019230769230769232 0.04567307692307692
2 0.6658653846153846 0.3629807692307692 0.021634615384615384 0.040865384615384616
3 0.5024038461538461 0.34134615384615385 0.016826923076923076 0.038461538461538464
2 0.45072115384615385 0.39903846153846156 0.019230769230769232 0.04567307692307692
2 0.3016826923076923 0.5865384615384616 0.03125 0.06009615384615385
2 0.7391826923076923 0.6478365384615384 0.028846153846153848 0.06490384615384616
0 0.7283653846153846 0.32091346153846156 0.007211538461538462 0.007211538461538462
3 0.4519230769230769 0.21033653846153846 0.014423076923076924 0.028846153846153848
2 0.5456730769230769 0.3004807692307692 0.016826923076923076 0.03365384615384615
2 0.40384615384615385 0.2920673076923077 0.014423076923076924 0.03125
2 0.6646634615384616 0.2608173076923077 0.01201923076923077 0.02403846153846154