1 0.7944711538461539 0.24158653846153846 0.019230769230769232 0.03125
2 0.39903846153846156 0.2848557692307692 0.01201923076923077 0.03125
2 0.25240384615384615 0.3918269230769231 0.014423076923076924 0.03365384615384615
2 0.5877403846153846 0.3088942307692308 0.016826923076923076 0.040865384615384616
2 0.265625 0.3401442307692308 0.01201923076923077 0.028846153846153848
2 0.2548076923076923 0.4182692307692308 0.016826923076923076 0.040865384615384616
2 0.41225961538461536 0.33653846153846156 0.014423076923076924 0.038461538461538464
2 0.6550480769230769 0.23317307692307693 0.014423076923076924 0.03125
2 0.7728365384615384 0.32211538461538464 0.016826923076923076 0.038461538461538464
2 0.5564903846153846 0.3942307692307692 0.016826923076923076 0.040865384615384616
2 0.7391826923076923 0.32091346153846156 0.019230769230769232 0.04567307692307692
2 0.2704326923076923 0.609375 0.02403846153846154 0.055288461538461536
2 0.43149038461538464 0.328125 0.016826923076923076 0.038461538461538464
2 0.2764423076923077 0.7391826923076923 0.026442307692307692 0.0625
3 0.35096153846153844 0.421875 0.019230769230769232 0.04326923076923077
2 0.6478365384615384 0.5901442307692307 0.03365384615384615 0.06490384615384616
2 0.6322115384615384 0.3762019230769231 0.02403846153846154 0.04567307692307692
2 0.24639423076923078 0.49038461538461536 0.019230769230769232 0.05048076923076923
2 0.32211538461538464 0.5396634615384616 0.021634615384615384 0.055288461538461536
2 0.5564903846153846 0.5072115384615384 0.02403846153846154 0.055288461538461536
2 0.2932692307692308 0.33653846153846156 0.014423076923076924 0.03125
3 0.25961538461538464 0.2824519230769231 0.01201923076923077 0.028846153846153848
0 0.7608173076923077 0.27884615384615385 0.004807692307692308 0.007211538461538462