3 0.6742788461538461 0.25 0.01201923076923077 0.03125
2 0.7728365384615384 0.4254807692307692 0.01201923076923077 0.04567307692307692
2 0.5877403846153846 0.3112980769230769 0.009615384615384616 0.03125
2 0.4050480769230769 0.3137019230769231 0.01201923076923077 0.038461538461538464
2 0.34134615384615385 0.3473557692307692 0.014423076923076924 0.040865384615384616
2 0.5733173076923077 0.3713942307692308 0.01201923076923077 0.038461538461538464
2 0.7680288461538461 0.515625 0.016826923076923076 0.04807692307692308
2 0.3317307692307692 0.2848557692307692 0.009615384615384616 0.03365384615384615
2 0.38341346153846156 0.3233173076923077 0.014423076923076924 0.03365384615384615
2 0.46634615384615385 0.2920673076923077 0.01201923076923077 0.03365384615384615
2 0.3076923076923077 0.32572115384615385 0.01201923076923077 0.038461538461538464
2 0.5841346153846154 0.3473557692307692 0.014423076923076924 0.038461538461538464
2 0.6165865384615384 0.29086538461538464 0.01201923076923077 0.036057692307692304
2 0.20432692307692307 0.35096153846153844 0.01201923076923077 0.04567307692307692
3 0.39783653846153844 0.36658653846153844 0.009615384615384616 0.04567307692307692
2 0.3016826923076923 0.4014423076923077 0.016826923076923076 0.04567307692307692
2 0.5216346153846154 0.4963942307692308 0.014423076923076924 0.0625
2 0.7776442307692307 0.47115384615384615 0.016826923076923076 0.06009615384615385
2 0.7367788461538461 0.34134615384615385 0.01201923076923077 0.040865384615384616
2 0.6454326923076923 0.4170673076923077 0.01201923076923077 0.04807692307692308
2 0.21875 0.44711538461538464 0.01201923076923077 0.057692307692307696
2 0.5973557692307693 0.5853365384615384 0.021634615384615384 0.0625