1 0.2668269230769231 0.36778846153846156 0.016826923076923076 0.04326923076923077
2 0.36177884615384615 0.4254807692307692 0.019230769230769232 0.040865384615384616
2 0.40384615384615385 0.5036057692307693 0.016826923076923076 0.038461538461538464
2 0.5096153846153846 0.30288461538461536 0.01201923076923077 0.03365384615384615
2 0.8257211538461539 0.34615384615384615 0.016826923076923076 0.036057692307692304
2 0.49158653846153844 0.3137019230769231 0.014423076923076924 0.028846153846153848
2 0.7079326923076923 0.3641826923076923 0.014423076923076924 0.038461538461538464
2 0.40865384615384615 0.4170673076923077 0.016826923076923076 0.038461538461538464
2 0.8016826923076923 0.2932692307692308 0.01201923076923077 0.03125
2 0.7944711538461539 0.33774038461538464 0.014423076923076924 0.038461538461538464
2 0.36899038461538464 0.46875 0.021634615384615384 0.040865384615384616
2 0.8918269230769231 0.4519230769230769 0.014423076923076924 0.052884615384615384
2 0.2668269230769231 0.5889423076923077 0.016826923076923076 0.057692307692307696
2 0.71875 0.39663461538461536 0.014423076923076924 0.040865384615384616
3 0.49038461538461536 0.40865384615384615 0.014423076923076924 0.038461538461538464
2 0.5420673076923077 0.47716346153846156 0.019230769230769232 0.05048076923076923
2 0.5865384615384616 0.34134615384615385 0.014423076923076924 0.03365384615384615
2 0.8882211538461539 0.359375 0.016826923076923076 0.04567307692307692
2 0.5168269230769231 0.4651442307692308 0.021634615384615384 0.04567307692307692
3 0.14783653846153846 0.6622596153846154 0.026442307692307692 0.06490384615384616
0 0.5456730769230769 0.2860576923076923 0.007211538461538462 0.014423076923076924
2 0.43149038461538464 0.3701923076923077 0.019230769230769232 0.04326923076923077
2 0.4050480769230769 0.5240384615384616 0.02403846153846154 0.028846153846153848
3 0.8689903846153846 0.25 0.014423076923076924 0.036057692307692304
2 0.8858173076923077 0.44350961538461536 0.016826923076923076 0.05048076923076923