2 0.5961538461538461 0.33052884615384615 0.016826923076923076 0.040865384615384616
2 0.4014423076923077 0.2620192307692308 0.014423076923076924 0.03125
2 0.5264423076923077 0.24158653846153846 0.009615384615384616 0.028846153846153848
2 0.5072115384615384 0.22956730769230768 0.01201923076923077 0.028846153846153848
2 0.5901442307692307 0.31009615384615385 0.019230769230769232 0.04326923076923077
2 0.4387019230769231 0.2764423076923077 0.014423076923076924 0.03125
2 0.23197115384615385 0.30288461538461536 0.016826923076923076 0.03365384615384615
2 0.3125 0.3161057692307692 0.014423076923076924 0.036057692307692304
2 0.421875 0.4675480769230769 0.019230769230769232 0.04567307692307692
2 0.234375 0.39783653846153844 0.019230769230769232 0.04326923076923077
2 0.4026442307692308 0.3581730769230769 0.019230769230769232 0.038461538461538464
1 0.03125 0.41947115384615385 0.016826923076923076 0.038461538461538464
2 0.054086538461538464 0.515625 0.021634615384615384 0.04807692307692308
1 0.8798076923076923 0.27403846153846156 0.021634615384615384 0.04326923076923077
2 0.6237980769230769 0.41947115384615385 0.019230769230769232 0.04807692307692308
2 0.31009615384615385 0.359375 0.021634615384615384 0.040865384615384616
3 0.4831730769230769 0.3389423076923077 0.016826923076923076 0.040865384615384616
2 0.5360576923076923 0.39903846153846156 0.019230769230769232 0.04807692307692308
2 0.6899038461538461 0.5985576923076923 0.03365384615384615 0.06490384615384616
2 0.22716346153846154 0.65625 0.028846153846153848 0.0673076923076923
0 0.24519230769230768 0.3137019230769231 0.007211538461538462 0.009615384615384616
3 0.5372596153846154 0.20192307692307693 0.01201923076923077 0.028846153846153848
2 0.4375 0.2956730769230769 0.016826923076923076 0.03365384615384615
2 0.5877403846153846 0.28846153846153844 0.016826923076923076 0.03365384615384615
2 0.3137019230769231 0.2512019230769231 0.01201923076923077 0.026442307692307692