1 0.8100961538461539 0.31850961538461536 0.016826923076923076 0.03365384615384615
2 0.26802884615384615 0.28125 0.014423076923076924 0.04326923076923077
2 0.4362980769230769 0.25721153846153844 0.01201923076923077 0.036057692307692304
2 0.3137019230769231 0.20673076923076922 0.01201923076923077 0.03125
2 0.2512019230769231 0.3161057692307692 0.016826923076923076 0.04807692307692308
2 0.47596153846153844 0.21033653846153846 0.01201923076923077 0.03125
2 0.609375 0.2848557692307692 0.014423076923076924 0.038461538461538464
2 0.3269230769230769 0.21033653846153846 0.01201923076923077 0.03365384615384615
2 0.21153846153846154 0.43509615384615385 0.019230769230769232 0.052884615384615384
2 0.7211538461538461 0.24639423076923078 0.014423076923076924 0.03125
2 0.5528846153846154 0.34615384615384615 0.016826923076923076 0.04326923076923077
2 0.8473557692307693 0.4230769230769231 0.02403846153846154 0.04567307692307692
2 0.7211538461538461 0.3557692307692308 0.016826923076923076 0.04326923076923077
2 0.6358173076923077 0.36538461538461536 0.016826923076923076 0.04326923076923077
2 0.29927884615384615 0.4026442307692308 0.021634615384615384 0.055288461538461536
3 0.375 0.3112980769230769 0.016826923076923076 0.04326923076923077
2 0.21153846153846154 0.6081730769230769 0.026442307692307692 0.06490384615384616
2 0.5997596153846154 0.6165865384615384 0.03125 0.06971153846153846
2 0.5036057692307693 0.484375 0.021634615384615384 0.057692307692307696
3 0.31490384615384615 0.15384615384615385 0.016826923076923076 0.040865384615384616
2 0.27283653846153844 0.265625 0.014423076923076924 0.04326923076923077
2 0.5841346153846154 0.19110576923076922 0.014423076923076924 0.03365384615384615
2 0.4423076923076923 0.23918269230769232 0.014423076923076924 0.038461538461538464
0 0.8016826923076923 0.328125 0.007211538461538462 0.009615384615384616