2 0.5576923076923077 0.15745192307692307 0.014423076923076924 0.036057692307692304
2 0.609375 0.16466346153846154 0.016826923076923076 0.04567307692307692
2 0.21754807692307693 0.1502403846153846 0.016826923076923076 0.05048076923076923
2 0.8365384615384616 0.38822115384615385 0.036057692307692304 0.06009615384615385
2 0.6274038461538461 0.18389423076923078 0.021634615384615384 0.04807692307692308
2 0.48197115384615385 0.15625 0.014423076923076924 0.04567307692307692
2 0.4411057692307692 0.14903846153846154 0.016826923076923076 0.052884615384615384
2 0.37740384615384615 0.18389423076923078 0.016826923076923076 0.04807692307692308
2 0.5048076923076923 0.2091346153846154 0.021634615384615384 0.040865384615384616
2 0.23557692307692307 0.20072115384615385 0.021634615384615384 0.055288461538461536
2 0.5360576923076923 0.2127403846153846 0.026442307692307692 0.052884615384615384
2 0.4519230769230769 0.18629807692307693 0.019230769230769232 0.04807692307692308
2 0.8016826923076923 0.3329326923076923 0.02403846153846154 0.06490384615384616
2 0.5612980769230769 0.29927884615384615 0.019230769230769232 0.057692307692307696
2 0.6177884615384616 0.4110576923076923 0.028846153846153848 0.07211538461538461
2 0.8449519230769231 0.40865384615384615 0.03365384615384615 0.06971153846153846
2 0.32091346153846156 0.2776442307692308 0.026442307692307692 0.06490384615384616
2 0.12620192307692307 0.375 0.03365384615384615 0.07692307692307693
3 0.6021634615384616 0.2764423076923077 0.019230769230769232 0.057692307692307696
2 0.6862980769230769 0.32572115384615385 0.02403846153846154 0.0625
2 0.6622596153846154 0.7319711538461539 0.05048076923076923 0.10817307692307693
0 0.4495192307692308 0.20552884615384615 0.004807692307692308 0.009615384615384616
3 0.22355769230769232 0.11298076923076923 0.016826923076923076 0.04807692307692308