1 0.8509615384615384 0.28966346153846156 0.014423076923076924 0.04326923076923077
2 0.5072115384615384 0.6971153846153846 0.03365384615384615 0.07932692307692307
2 0.23798076923076922 0.3004807692307692 0.01201923076923077 0.038461538461538464
2 0.4326923076923077 0.5216346153846154 0.02403846153846154 0.055288461538461536
2 0.5252403846153846 0.38221153846153844 0.019230769230769232 0.04807692307692308
2 0.5216346153846154 0.4423076923076923 0.019230769230769232 0.052884615384615384
2 0.5733173076923077 0.28365384615384615 0.014423076923076924 0.038461538461538464
2 0.41466346153846156 0.25 0.009615384615384616 0.03365384615384615
2 0.7824519230769231 0.4387019230769231 0.014423076923076924 0.052884615384615384
2 0.8004807692307693 0.5480769230769231 0.026442307692307692 0.057692307692307696
2 0.25961538461538464 0.4362980769230769 0.016826923076923076 0.055288461538461536
3 0.390625 0.4050480769230769 0.014423076923076924 0.04807692307692308
2 0.16947115384615385 0.33052884615384615 0.014423076923076924 0.040865384615384616
2 0.328125 0.36538461538461536 0.016826923076923076 0.04567307692307692
2 0.5889423076923077 0.32211538461538464 0.01201923076923077 0.04326923076923077
2 0.1875 0.40024038461538464 0.019230769230769232 0.04807692307692308
2 0.24759615384615385 0.453125 0.016826923076923076 0.040865384615384616
2 0.33413461538461536 0.4723557692307692 0.019230769230769232 0.040865384615384616
2 0.7127403846153846 0.5733173076923077 0.02403846153846154 0.0625
2 0.1346153846153846 0.43509615384615385 0.02403846153846154 0.04807692307692308
2 0.43149038461538464 0.609375 0.03365384615384615 0.0673076923076923
3 0.06971153846153846 0.8834134615384616 0.036057692307692304 0.09134615384615384
2 0.8689903846153846 0.40024038461538464 0.019230769230769232 0.052884615384615384
3 0.578125 0.18269230769230768 0.01201923076923077 0.03125