1 0.8521634615384616 0.2247596153846154 0.016826923076923076 0.03365384615384615
2 0.42788461538461536 0.24879807692307693 0.01201923076923077 0.03365384615384615
2 0.2644230769230769 0.3545673076923077 0.01201923076923077 0.036057692307692304
2 0.6274038461538461 0.2860576923076923 0.016826923076923076 0.04326923076923077
2 0.28125 0.3004807692307692 0.01201923076923077 0.03125
2 0.2644230769230769 0.38341346153846156 0.016826923076923076 0.04326923076923077
2 0.4387019230769231 0.30528846153846156 0.014423076923076924 0.040865384615384616
2 0.703125 0.2091346153846154 0.014423076923076924 0.03365384615384615
2 0.8257211538461539 0.31009615384615385 0.016826923076923076 0.040865384615384616
2 0.5889423076923077 0.375 0.016826923076923076 0.04326923076923077
2 0.7896634615384616 0.30649038461538464 0.016826923076923076 0.04807692307692308
2 0.2704326923076923 0.5889423076923077 0.021634615384615384 0.057692307692307696
2 0.45913461538461536 0.296875 0.014423076923076924 0.038461538461538464
2 0.2704326923076923 0.7283653846153846 0.02403846153846154 0.0673076923076923
3 0.36778846153846156 0.3942307692307692 0.016826923076923076 0.04567307692307692
2 0.6754807692307693 0.5889423076923077 0.03365384615384615 0.06971153846153846
2 0.6706730769230769 0.359375 0.021634615384615384 0.04807692307692308
2 0.2512019230769231 0.46033653846153844 0.016826923076923076 0.055288461538461536
2 0.3293269230769231 0.5168269230769231 0.021634615384615384 0.057692307692307696
2 0.5841346153846154 0.4963942307692308 0.021634615384615384 0.06009615384615385
2 0.31009615384615385 0.29927884615384615 0.014423076923076924 0.03365384615384615
3 0.27884615384615385 0.23798076923076922 0.01201923076923077 0.03125
0 0.8137019230769231 0.26322115384615385 0.004807692307692308 0.007211538461538462