2 0.5444711538461539 0.25721153846153844 0.009615384615384616 0.03125
2 0.7836538461538461 0.4110576923076923 0.014423076923076924 0.04326923076923077
2 0.6286057692307693 0.31009615384615385 0.01201923076923077 0.03365384615384615
2 0.7752403846153846 0.4098557692307692 0.014423076923076924 0.04326923076923077
2 0.5889423076923077 0.390625 0.01201923076923077 0.038461538461538464
2 0.7572115384615384 0.3485576923076923 0.01201923076923077 0.03365384615384615
2 0.2668269230769231 0.46033653846153844 0.016826923076923076 0.05048076923076923
2 0.5600961538461539 0.36177884615384615 0.014423076923076924 0.040865384615384616
2 0.1875 0.4182692307692308 0.016826923076923076 0.04807692307692308
2 0.7211538461538461 0.33533653846153844 0.01201923076923077 0.036057692307692304
2 0.7668269230769231 0.6610576923076923 0.021634615384615384 0.06009615384615385
2 0.4266826923076923 0.36658653846153844 0.014423076923076924 0.04326923076923077
2 0.4326923076923077 0.5180288461538461 0.019230769230769232 0.052884615384615384
3 0.6706730769230769 0.4519230769230769 0.014423076923076924 0.04567307692307692
2 0.38100961538461536 0.5564903846153846 0.019230769230769232 0.055288461538461536
2 0.7475961538461539 0.5649038461538461 0.019230769230769232 0.06490384615384616
2 0.7247596153846154 0.5877403846153846 0.019230769230769232 0.057692307692307696
2 0.32572115384615385 0.29086538461538464 0.01201923076923077 0.040865384615384616
2 0.3161057692307692 0.48197115384615385 0.019230769230769232 0.057692307692307696
2 0.40384615384615385 0.5745192307692307 0.021634615384615384 0.06009615384615385
2 0.8389423076923077 0.7788461538461539 0.028846153846153848 0.06490384615384616
3 0.7463942307692307 0.27163461538461536 0.01201923076923077 0.03365384615384615
1 0.08052884615384616 0.32091346153846156 0.019230769230769232 0.04326923076923077
0 0.18990384615384615 0.4362980769230769 0.007211538461538462 0.01201923076923077