2 0.6514423076923077 0.4074519230769231 0.014423076923076924 0.03365384615384615
2 0.7391826923076923 0.4326923076923077 0.019230769230769232 0.036057692307692304
2 0.42908653846153844 0.4110576923076923 0.019230769230769232 0.03365384615384615
2 0.5012019230769231 0.3137019230769231 0.014423076923076924 0.028846153846153848
2 0.4110576923076923 0.42788461538461536 0.02403846153846154 0.04326923076923077
2 0.42908653846153844 0.5829326923076923 0.026442307692307692 0.055288461538461536
2 0.6971153846153846 0.4098557692307692 0.014423076923076924 0.03365384615384615
2 0.6694711538461539 0.4483173076923077 0.014423076923076924 0.03125
2 0.5396634615384616 0.3713942307692308 0.016826923076923076 0.03125
2 0.4375 0.3401442307692308 0.019230769230769232 0.03365384615384615
3 0.4795673076923077 0.39903846153846156 0.02403846153846154 0.040865384615384616
2 0.5192307692307693 0.32572115384615385 0.019230769230769232 0.03125
2 0.5504807692307693 0.49759615384615385 0.03125 0.055288461538461536
2 0.234375 0.5408653846153846 0.02403846153846154 0.055288461538461536
2 0.5096153846153846 0.46274038461538464 0.021634615384615384 0.04326923076923077
2 0.7536057692307693 0.5408653846153846 0.021634615384615384 0.05048076923076923
2 0.7728365384615384 0.46153846153846156 0.021634615384615384 0.040865384615384616
2 0.7728365384615384 0.5276442307692307 0.021634615384615384 0.04567307692307692
2 0.3557692307692308 0.39903846153846156 0.016826923076923076 0.038461538461538464
3 0.030048076923076924 0.6334134615384616 0.036057692307692304 0.06971153846153846
2 0.28125 0.4411057692307692 0.016826923076923076 0.04567307692307692
2 0.6887019230769231 0.375 0.014423076923076924 0.03365384615384615
3 0.7800480769230769 0.3701923076923077 0.01201923076923077 0.03365384615384615
0 0.40024038461538464 0.44471153846153844 0.007211538461538462 0.007211538461538462
1 0.14903846153846154 0.3088942307692308 0.019230769230769232 0.040865384615384616