2 0.42908653846153844 0.3293269230769231 0.009615384615384616 0.030048076923076924
2 0.6754807692307693 0.37740384615384615 0.010817307692307692 0.04326923076923077
2 0.828125 0.49158653846153844 0.015625 0.05048076923076923
2 0.33774038461538464 0.3401442307692308 0.010817307692307692 0.036057692307692304
2 0.5132211538461539 0.40024038461538464 0.019230769230769232 0.036057692307692304
1 0.9747596153846154 0.39903846153846156 0.010817307692307692 0.042067307692307696
2 0.5877403846153846 0.3137019230769231 0.008413461538461538 0.036057692307692304
2 0.40384615384615385 0.421875 0.009615384615384616 0.046875
2 0.7379807692307693 0.6382211538461539 0.010817307692307692 0.055288461538461536
2 0.5384615384615384 0.43028846153846156 0.010817307692307692 0.038461538461538464
2 0.5552884615384616 0.5372596153846154 0.010817307692307692 0.052884615384615384
2 0.7944711538461539 0.5024038461538461 0.009615384615384616 0.05048076923076923
2 0.6862980769230769 0.3870192307692308 0.01201923076923077 0.036057692307692304
2 0.27884615384615385 0.4206730769230769 0.008413461538461538 0.04326923076923077
3 0.515625 0.44591346153846156 0.010817307692307692 0.04927884615384615
2 0.3161057692307692 0.6442307692307693 0.019230769230769232 0.0673076923076923
2 0.6790865384615384 0.6129807692307693 0.013221153846153846 0.055288461538461536
2 0.31971153846153844 0.4675480769230769 0.01201923076923077 0.046875
2 0.49038461538461536 0.49759615384615385 0.016826923076923076 0.05048076923076923
2 0.29447115384615385 0.5721153846153846 0.018028846153846152 0.06009615384615385
3 0.0985576923076923 0.7908653846153846 0.02283653846153846 0.07211538461538461
3 0.6838942307692307 0.2644230769230769 0.008413461538461538 0.028846153846153848
0 0.5204326923076923 0.390625 0.003605769230769231 0.007211538461538462
2 0.5408653846153846 0.4170673076923077 0.008413461538461538 0.036057692307692304
2 0.28125 0.40625 0.008413461538461538 0.040865384615384616
1 0.003605769230769231 0.4026442307692308 0.006009615384615385 0.042067307692307696