2 0.45552884615384615 0.22355769230769232 0.01201923076923077 0.03125
2 0.23317307692307693 0.39783653846153844 0.016826923076923076 0.04326923076923077
2 0.3762019230769231 0.2824519230769231 0.014423076923076924 0.03365384615384615
2 0.23918269230769232 0.3954326923076923 0.019230769230769232 0.04326923076923077
2 0.42427884615384615 0.359375 0.016826923076923076 0.038461538461538464
2 0.25240384615384615 0.3329326923076923 0.014423076923076924 0.03365384615384615
2 0.75 0.4014423076923077 0.021634615384615384 0.05048076923076923
2 0.4483173076923077 0.3293269230769231 0.019230769230769232 0.040865384615384616
2 0.8257211538461539 0.35216346153846156 0.021634615384615384 0.04807692307692308
2 0.28725961538461536 0.3161057692307692 0.014423076923076924 0.036057692307692304
2 0.2704326923076923 0.6454326923076923 0.026442307692307692 0.06009615384615385
2 0.5841346153846154 0.32211538461538464 0.016826923076923076 0.04326923076923077
2 0.5913461538461539 0.4735576923076923 0.021634615384615384 0.055288461538461536
3 0.3473557692307692 0.42908653846153844 0.016826923076923076 0.04567307692307692
2 0.6466346153846154 0.5072115384615384 0.02403846153846154 0.055288461538461536
2 0.2800480769230769 0.5480769230769231 0.02403846153846154 0.06490384615384616
2 0.30408653846153844 0.5685096153846154 0.02403846153846154 0.057692307692307696
2 0.6778846153846154 0.23677884615384615 0.016826923076923076 0.040865384615384616
2 0.7043269230769231 0.4266826923076923 0.02403846153846154 0.057692307692307696
2 0.6237980769230769 0.5264423076923077 0.026442307692307692 0.0625
2 0.2091346153846154 0.7680288461538461 0.03365384615384615 0.0673076923076923
3 0.25721153846153844 0.2548076923076923 0.014423076923076924 0.03365384615384615
1 0.9242788461538461 0.24759615384615385 0.02403846153846154 0.04326923076923077
0 0.8269230769230769 0.3701923076923077 0.007211538461538462 0.01201923076923077