3 0.16706730769230768 0.2283653846153846 0.014423076923076924 0.040865384615384616
2 0.36177884615384615 0.2127403846153846 0.014423076923076924 0.03365384615384615
2 0.23557692307692307 0.23798076923076922 0.021634615384615384 0.052884615384615384
2 0.5504807692307693 0.1814903846153846 0.014423076923076924 0.038461538461538464
2 0.7139423076923077 0.29927884615384615 0.026442307692307692 0.0625
2 0.4338942307692308 0.24519230769230768 0.014423076923076924 0.04567307692307692
2 0.2980769230769231 0.2668269230769231 0.016826923076923076 0.05048076923076923
2 0.6069711538461539 0.22716346153846154 0.016826923076923076 0.05048076923076923
2 0.5516826923076923 0.23197115384615385 0.016826923076923076 0.04567307692307692
2 0.3786057692307692 0.2824519230769231 0.021634615384615384 0.055288461538461536
3 0.5841346153846154 0.2764423076923077 0.019230769230769232 0.052884615384615384
2 0.5288461538461539 0.30528846153846156 0.019230769230769232 0.055288461538461536
2 0.203125 0.28846153846153844 0.016826923076923076 0.04807692307692308
2 0.2800480769230769 0.36658653846153844 0.021634615384615384 0.06009615384615385
2 0.5733173076923077 0.4375 0.02403846153846154 0.0673076923076923
2 0.7560096153846154 0.33533653846153844 0.021634615384615384 0.06490384615384616
2 0.7788461538461539 0.3581730769230769 0.026442307692307692 0.0673076923076923
2 0.12139423076923077 0.5492788461538461 0.026442307692307692 0.07451923076923077
2 0.6045673076923077 0.734375 0.036057692307692304 0.09134615384615384
2 0.6514423076923077 0.38461538461538464 0.026442307692307692 0.06971153846153846
2 0.39783653846153844 0.18389423076923078 0.014423076923076924 0.038461538461538464
2 0.53125 0.15745192307692307 0.014423076923076924 0.038461538461538464