3 0.12860576923076922 0.2980769230769231 0.008413461538461538 0.03365384615384615
2 0.6574519230769231 0.5697115384615384 0.018028846153846152 0.042067307692307696
2 0.6334134615384616 0.375 0.014423076923076924 0.040865384615384616
1 0.7728365384615384 0.3425480769230769 0.01201923076923077 0.038461538461538464
2 0.5456730769230769 0.36658653846153844 0.014423076923076924 0.04447115384615385
2 0.6201923076923077 0.375 0.008413461538461538 0.04326923076923077
2 0.25961538461538464 0.3641826923076923 0.008413461538461538 0.039663461538461536
2 0.7151442307692307 0.49038461538461536 0.009615384615384616 0.046875
3 0.9891826923076923 0.6442307692307693 0.021634615384615384 0.07211538461538461
2 0.671875 0.5576923076923077 0.020432692307692308 0.057692307692307696
2 0.36658653846153844 0.41947115384615385 0.01201923076923077 0.046875
2 0.5817307692307693 0.3473557692307692 0.009615384615384616 0.038461538461538464
3 0.5336538461538461 0.39783653846153844 0.008413461538461538 0.046875
2 0.4326923076923077 0.4699519230769231 0.008413461538461538 0.051682692307692304
2 0.6262019230769231 0.4579326923076923 0.020432692307692308 0.04447115384615385
2 0.34975961538461536 0.375 0.010817307692307692 0.04326923076923077
2 0.4423076923076923 0.5504807692307693 0.014423076923076924 0.05889423076923077
2 0.1658653846153846 0.40024038461538464 0.01201923076923077 0.046875
2 0.18509615384615385 0.4098557692307692 0.009615384615384616 0.046875
2 0.47115384615384615 0.4026442307692308 0.009615384615384616 0.04326923076923077
2 0.22115384615384615 0.5276442307692307 0.010817307692307692 0.05889423076923077
2 0.7463942307692307 0.46875 0.015625 0.05048076923076923
2 0.5625 0.5036057692307693 0.015625 0.05048076923076923
2 0.2776442307692308 0.5372596153846154 0.016826923076923076 0.054086538461538464
0 0.6322115384615384 0.5528846153846154 0.007211538461538462 0.01201923076923077