2 0.5288461538461539 0.36778846153846156 0.009615384615384616 0.038461538461538464
2 0.5372596153846154 0.27283653846153844 0.006009615384615385 0.030048076923076924
1 0.9675480769230769 0.3629807692307692 0.015625 0.04326923076923077
2 0.6478365384615384 0.28725961538461536 0.008413461538461538 0.03485576923076923
2 0.6887019230769231 0.36177884615384615 0.008413461538461538 0.042067307692307696
2 0.7271634615384616 0.4675480769230769 0.010817307692307692 0.04567307692307692
2 0.5961538461538461 0.6310096153846154 0.02283653846153846 0.051682692307692304
2 0.4651442307692308 0.32572115384615385 0.008413461538461538 0.040865384615384616
2 0.3485576923076923 0.3629807692307692 0.009615384615384616 0.04567307692307692
2 0.22235576923076922 0.49158653846153844 0.013221153846153846 0.055288461538461536
2 0.2860576923076923 0.671875 0.018028846153846152 0.0673076923076923
2 0.32091346153846156 0.5144230769230769 0.014423076923076924 0.051682692307692304
2 0.6117788461538461 0.27403846153846156 0.007211538461538462 0.03485576923076923
2 0.6971153846153846 0.36177884615384615 0.010817307692307692 0.04326923076923077
2 0.39663461538461536 0.5096153846153846 0.014423076923076924 0.05048076923076923
3 0.5721153846153846 0.40625 0.009615384615384616 0.04447115384615385
2 0.6947115384615384 0.4951923076923077 0.010817307692307692 0.046875
2 0.25841346153846156 0.3016826923076923 0.008413461538461538 0.038461538461538464
2 0.2127403846153846 0.7055288461538461 0.016826923076923076 0.06850961538461539
2 0.14302884615384615 0.47115384615384615 0.018028846153846152 0.052884615384615384
0 0.21995192307692307 0.7283653846153846 0.007211538461538462 0.014423076923076924
2 0.44591346153846156 0.23076923076923078 0.008413461538461538 0.03485576923076923
3 0.6394230769230769 0.21514423076923078 0.008413461538461538 0.03245192307692308
2 0.6117788461538461 0.6177884615384616 0.015625 0.057692307692307696