2 0.5228365384615384 0.28846153846153844 0.014423076923076924 0.03125
2 0.27403846153846156 0.38341346153846156 0.019230769230769232 0.04807692307692308
2 0.13822115384615385 0.5300480769230769 0.026442307692307692 0.055288461538461536
2 0.6189903846153846 0.28365384615384615 0.016826923076923076 0.040865384615384616
2 0.44591346153846156 0.37740384615384615 0.026442307692307692 0.040865384615384616
2 0.3545673076923077 0.30288461538461536 0.014423076923076924 0.038461538461538464
2 0.5637019230769231 0.3798076923076923 0.019230769230769232 0.05048076923076923
2 0.25721153846153844 0.6658653846153846 0.021634615384615384 0.06009615384615385
2 0.4254807692307692 0.41346153846153844 0.016826923076923076 0.04326923076923077
2 0.4266826923076923 0.5276442307692307 0.021634615384615384 0.057692307692307696
2 0.17427884615384615 0.5348557692307693 0.019230769230769232 0.055288461538461536
2 0.2644230769230769 0.39663461538461536 0.019230769230769232 0.040865384615384616
2 0.6935096153846154 0.3557692307692308 0.016826923076923076 0.04567307692307692
3 0.453125 0.4254807692307692 0.019230769230769232 0.052884615384615384
2 0.6971153846153846 0.5949519230769231 0.03125 0.07211538461538461
2 0.3137019230769231 0.6286057692307693 0.02403846153846154 0.06009615384615385
2 0.6598557692307693 0.4110576923076923 0.021634615384615384 0.05048076923076923
2 0.4891826923076923 0.4735576923076923 0.026442307692307692 0.055288461538461536
2 0.7067307692307693 0.515625 0.028846153846153848 0.06490384615384616
3 0.9495192307692307 0.7079326923076923 0.036057692307692304 0.07932692307692307
3 0.24519230769230768 0.26802884615384615 0.014423076923076924 0.03125
0 0.4375 0.36778846153846156 0.004807692307692308 0.007211538461538462
2 0.4206730769230769 0.40024038461538464 0.016826923076923076 0.038461538461538464
2 0.6899038461538461 0.3425480769230769 0.016826923076923076 0.04326923076923077