3 0.8557692307692307 0.30528846153846156 0.008413461538461538 0.03365384615384615
2 0.4230769230769231 0.4026442307692308 0.010817307692307692 0.037259615384615384
1 0.25 0.3473557692307692 0.01201923076923077 0.036057692307692304
2 0.4362980769230769 0.4050480769230769 0.01201923076923077 0.03485576923076923
2 0.38822115384615385 0.3629807692307692 0.009615384615384616 0.042067307692307696
2 0.40625 0.3605769230769231 0.009615384615384616 0.036057692307692304
3 0.39903846153846156 0.3954326923076923 0.008413461538461538 0.042067307692307696
2 0.359375 0.40865384615384615 0.009615384615384616 0.039663461538461536
2 0.8125 0.4230769230769231 0.008413461538461538 0.046875
2 0.484375 0.4098557692307692 0.010817307692307692 0.037259615384615384
2 0.2704326923076923 0.44471153846153844 0.010817307692307692 0.04326923076923077
2 0.6814903846153846 0.3641826923076923 0.010817307692307692 0.037259615384615384
2 0.5420673076923077 0.453125 0.010817307692307692 0.04326923076923077
2 0.24879807692307693 0.49158653846153844 0.009615384615384616 0.046875
3 0.025240384615384616 0.6334134615384616 0.018028846153846152 0.06490384615384616
2 0.59375 0.3870192307692308 0.008413461538461538 0.040865384615384616
2 0.31850961538461536 0.48677884615384615 0.009615384615384616 0.04927884615384615
2 0.4375 0.4795673076923077 0.010817307692307692 0.046875
2 0.7860576923076923 0.42908653846153844 0.010817307692307692 0.046875
2 0.7091346153846154 0.5288461538461539 0.013221153846153846 0.056490384615384616
2 0.5084134615384616 0.5228365384615384 0.009615384615384616 0.056490384615384616
2 0.6802884615384616 0.5396634615384616 0.014423076923076924 0.051682692307692304
2 0.42427884615384615 0.3701923076923077 0.009615384615384616 0.042067307692307696