2 0.5180288461538461 0.35336538461538464 0.014423076923076924 0.04807692307692308
1 0.8257211538461539 0.3870192307692308 0.019230769230769232 0.04326923076923077
2 0.5240384615384616 0.3449519230769231 0.014423076923076924 0.04567307692307692
3 0.1141826923076923 0.2536057692307692 0.016826923076923076 0.038461538461538464
2 0.12379807692307693 0.35336538461538464 0.014423076923076924 0.04807692307692308
2 0.40625 0.4543269230769231 0.021634615384615384 0.04807692307692308
2 0.14783653846153846 0.49278846153846156 0.019230769230769232 0.0625
3 0.4495192307692308 0.40625 0.014423076923076924 0.04807692307692308
2 0.5709134615384616 0.4110576923076923 0.02403846153846154 0.04567307692307692
2 0.30408653846153844 0.3401442307692308 0.01201923076923077 0.040865384615384616
2 0.6334134615384616 0.44350961538461536 0.02403846153846154 0.04807692307692308
2 0.14903846153846154 0.3762019230769231 0.016826923076923076 0.05048076923076923
2 0.2608173076923077 0.3293269230769231 0.014423076923076924 0.04567307692307692
2 0.296875 0.3942307692307692 0.016826923076923076 0.04326923076923077
2 0.5865384615384616 0.38822115384615385 0.019230769230769232 0.04807692307692308
2 0.6069711538461539 0.5012019230769231 0.014423076923076924 0.052884615384615384
2 0.7007211538461539 0.5240384615384616 0.016826923076923076 0.05048076923076923
2 0.49759615384615385 0.49158653846153844 0.014423076923076924 0.04567307692307692
2 0.5216346153846154 0.4362980769230769 0.019230769230769232 0.04807692307692308
2 0.17427884615384615 0.5084134615384616 0.019230769230769232 0.055288461538461536
2 0.7884615384615384 0.6899038461538461 0.02403846153846154 0.06971153846153846
2 0.38822115384615385 0.5336538461538461 0.019230769230769232 0.06490384615384616
3 0.9182692307692307 0.7788461538461539 0.028846153846153848 0.08413461538461539
0 0.40625 0.47716346153846156 0.007211538461538462 0.009615384615384616
2 0.44471153846153844 0.40625 0.016826923076923076 0.04807692307692308