1 0.8112980769230769 0.33774038461538464 0.01201923076923077 0.03365384615384615
2 0.2704326923076923 0.37740384615384615 0.009615384615384616 0.04326923076923077
2 0.4338942307692308 0.3293269230769231 0.007211538461538462 0.036057692307692304
2 0.30528846153846156 0.2980769230769231 0.007211538461538462 0.03125
2 0.25961538461538464 0.41346153846153844 0.01201923076923077 0.04567307692307692
2 0.4651442307692308 0.27884615384615385 0.007211538461538462 0.03125
2 0.609375 0.33413461538461536 0.009615384615384616 0.038461538461538464
2 0.31971153846153844 0.3004807692307692 0.007211538461538462 0.03365384615384615
2 0.23677884615384615 0.5372596153846154 0.01201923076923077 0.052884615384615384
2 0.7127403846153846 0.2800480769230769 0.009615384615384616 0.03125
2 0.5600961538461539 0.4014423076923077 0.01201923076923077 0.04326923076923077
2 0.8629807692307693 0.4375 0.016826923076923076 0.04567307692307692
2 0.7271634615384616 0.38822115384615385 0.01201923076923077 0.04326923076923077
2 0.6454326923076923 0.40865384615384615 0.01201923076923077 0.04326923076923077
2 0.31850961538461536 0.49158653846153844 0.014423076923076924 0.052884615384615384
3 0.3798076923076923 0.3918269230769231 0.009615384615384616 0.04326923076923077
2 0.2608173076923077 0.7067307692307693 0.019230769230769232 0.0625
2 0.6442307692307693 0.6610576923076923 0.021634615384615384 0.0673076923076923
2 0.5324519230769231 0.5444711538461539 0.014423076923076924 0.057692307692307696
3 0.29927884615384615 0.24519230769230768 0.01201923076923077 0.040865384615384616
2 0.27403846153846156 0.36177884615384615 0.009615384615384616 0.04326923076923077
2 0.5685096153846154 0.24519230769230768 0.009615384615384616 0.03365384615384615
2 0.4362980769230769 0.3125 0.009615384615384616 0.038461538461538464
0 0.8028846153846154 0.35096153846153844 0.004807692307692308 0.009615384615384616