2 0.5048076923076923 0.3485576923076923 0.021634615384615384 0.038461538461538464
2 0.5060096153846154 0.28966346153846156 0.014423076923076924 0.036057692307692304
2 0.4170673076923077 0.2932692307692308 0.01201923076923077 0.03125
2 0.6189903846153846 0.2860576923076923 0.014423076923076924 0.038461538461538464
2 0.6069711538461539 0.35216346153846156 0.014423076923076924 0.03365384615384615
2 0.7043269230769231 0.3545673076923077 0.021634615384615384 0.04807692307692308
2 0.3918269230769231 0.3317307692307692 0.014423076923076924 0.040865384615384616
2 0.38341346153846156 0.375 0.016826923076923076 0.040865384615384616
2 0.515625 0.42427884615384615 0.019230769230769232 0.04567307692307692
2 0.625 0.2824519230769231 0.014423076923076924 0.040865384615384616
2 0.5540865384615384 0.32572115384615385 0.016826923076923076 0.036057692307692304
2 0.2860576923076923 0.453125 0.016826923076923076 0.05048076923076923
3 0.46274038461538464 0.36538461538461536 0.014423076923076924 0.04326923076923077
2 0.7235576923076923 0.36778846153846156 0.019230769230769232 0.05048076923076923
2 0.7091346153846154 0.2980769230769231 0.016826923076923076 0.040865384615384616
2 0.3137019230769231 0.3870192307692308 0.019230769230769232 0.04567307692307692
2 0.4230769230769231 0.33774038461538464 0.019230769230769232 0.040865384615384616
2 0.33653846153846156 0.3762019230769231 0.014423076923076924 0.040865384615384616
2 0.7199519230769231 0.43509615384615385 0.021634615384615384 0.057692307692307696
2 0.4362980769230769 0.40625 0.019230769230769232 0.04326923076923077
2 0.5793269230769231 0.5048076923076923 0.026442307692307692 0.06009615384615385
3 0.15144230769230768 0.8653846153846154 0.036057692307692304 0.08653846153846154
0 0.49038461538461536 0.3557692307692308 0.009615384615384616 0.014423076923076924
3 0.6622596153846154 0.21033653846153846 0.016826923076923076 0.040865384615384616