2 0.8629807692307693 0.45072115384615385 0.010817307692307692 0.038461538461538464
1 0.8629807692307693 0.33774038461538464 0.013221153846153846 0.036057692307692304
2 0.6466346153846154 0.29927884615384615 0.007211538461538462 0.030048076923076924
2 0.6682692307692307 0.4014423076923077 0.010817307692307692 0.04447115384615385
2 0.7019230769230769 0.33413461538461536 0.010817307692307692 0.038461538461538464
2 0.8293269230769231 0.46033653846153844 0.014423076923076924 0.046875
2 0.7271634615384616 0.45552884615384615 0.018028846153846152 0.046875
2 0.3329326923076923 0.31490384615384615 0.008413461538461538 0.036057692307692304
2 0.19110576923076922 0.3425480769230769 0.008413461538461538 0.042067307692307696
2 0.6237980769230769 0.3894230769230769 0.010817307692307692 0.04326923076923077
2 0.33533653846153844 0.39783653846153844 0.008413461538461538 0.037259615384615384
2 0.4362980769230769 0.49038461538461536 0.014423076923076924 0.042067307692307696
2 0.22596153846153846 0.41586538461538464 0.010817307692307692 0.046875
2 0.6574519230769231 0.44471153846153844 0.009615384615384616 0.04567307692307692
2 0.7463942307692307 0.5072115384615384 0.015625 0.05048076923076923
3 0.6081730769230769 0.44591346153846156 0.010817307692307692 0.046875
2 0.20552884615384615 0.5360576923076923 0.014423076923076924 0.05048076923076923
2 0.17908653846153846 0.3581730769230769 0.010817307692307692 0.042067307692307696
2 0.7439903846153846 0.4483173076923077 0.016826923076923076 0.046875
2 0.19951923076923078 0.46033653846153844 0.015625 0.055288461538461536
2 0.4831730769230769 0.5372596153846154 0.013221153846153846 0.05889423076923077
3 0.08774038461538461 0.859375 0.030048076923076924 0.0829326923076923
2 0.37259615384615385 0.2860576923076923 0.010817307692307692 0.030048076923076924
3 0.5877403846153846 0.2127403846153846 0.009615384615384616 0.030048076923076924
0 0.6658653846153846 0.515625 0.007211538461538462 0.013221153846153846