3 0.9230769230769231 0.38100961538461536 0.016826923076923076 0.036057692307692304
2 0.4651442307692308 0.3786057692307692 0.019230769230769232 0.040865384615384616
1 0.3016826923076923 0.2824519230769231 0.021634615384615384 0.038461538461538464
2 0.47716346153846156 0.38461538461538464 0.021634615384615384 0.038461538461538464
2 0.4375 0.33052884615384615 0.019230769230769232 0.04326923076923077
2 0.4567307692307692 0.3329326923076923 0.016826923076923076 0.038461538461538464
3 0.4423076923076923 0.36658653846153844 0.019230769230769232 0.04326923076923077
2 0.39903846153846156 0.36899038461538464 0.019230769230769232 0.040865384615384616
2 0.8521634615384616 0.49158653846153844 0.021634615384615384 0.05048076923076923
2 0.5240384615384616 0.40024038461538464 0.019230769230769232 0.040865384615384616
2 0.3004807692307692 0.3858173076923077 0.021634615384615384 0.04567307692307692
2 0.734375 0.4014423076923077 0.019230769230769232 0.040865384615384616
2 0.5721153846153846 0.4579326923076923 0.021634615384615384 0.04567307692307692
2 0.2668269230769231 0.42908653846153844 0.019230769230769232 0.04807692307692308
3 0.01201923076923077 0.5180288461538461 0.02403846153846154 0.06971153846153846
2 0.640625 0.4026442307692308 0.019230769230769232 0.04326923076923077
2 0.3389423076923077 0.4411057692307692 0.021634615384615384 0.052884615384615384
2 0.46153846153846156 0.46033653846153844 0.021634615384615384 0.05048076923076923
2 0.8257211538461539 0.49158653846153844 0.021634615384615384 0.04807692307692308
2 0.7235576923076923 0.5733173076923077 0.026442307692307692 0.06009615384615385
2 0.5228365384615384 0.5204326923076923 0.021634615384615384 0.06009615384615385
2 0.6935096153846154 0.578125 0.026442307692307692 0.055288461538461536
2 0.4735576923076923 0.34615384615384615 0.021634615384615384 0.04567307692307692