3 0.5985576923076923 0.20793269230769232 0.016826923076923076 0.03125
2 0.7403846153846154 0.3485576923076923 0.021634615384615384 0.04807692307692308
2 0.53125 0.28966346153846156 0.014423076923076924 0.03125
2 0.35697115384615385 0.34375 0.016826923076923076 0.038461538461538464
2 0.30528846153846156 0.3918269230769231 0.021634615384615384 0.040865384615384616
2 0.5336538461538461 0.35336538461538464 0.016826923076923076 0.038461538461538464
2 0.7608173076923077 0.4375 0.02403846153846154 0.04807692307692308
2 0.27884615384615385 0.33653846153846156 0.014423076923076924 0.03365384615384615
2 0.33774038461538464 0.35697115384615385 0.021634615384615384 0.036057692307692304
2 0.4098557692307692 0.30649038461538464 0.016826923076923076 0.036057692307692304
2 0.2668269230769231 0.38221153846153844 0.016826923076923076 0.038461538461538464
2 0.5372596153846154 0.32572115384615385 0.021634615384615384 0.038461538461538464
2 0.5540865384615384 0.26322115384615385 0.016826923076923076 0.038461538461538464
2 0.17427884615384615 0.43509615384615385 0.021634615384615384 0.04807692307692308
3 0.3641826923076923 0.39663461538461536 0.019230769230769232 0.04567307692307692
2 0.28125 0.4567307692307692 0.02403846153846154 0.04807692307692308
2 0.5192307692307693 0.48677884615384615 0.026442307692307692 0.0625
2 0.7572115384615384 0.3918269230769231 0.026442307692307692 0.06009615384615385
2 0.6838942307692307 0.27884615384615385 0.019230769230769232 0.04326923076923077
2 0.6153846153846154 0.3762019230769231 0.019230769230769232 0.04807692307692308
2 0.21394230769230768 0.5228365384615384 0.021634615384615384 0.057692307692307696
2 0.6165865384615384 0.5504807692307693 0.03365384615384615 0.06490384615384616