1 0.8810096153846154 0.36899038461538464 0.009615384615384616 0.038461538461538464
2 0.5396634615384616 0.7079326923076923 0.02403846153846154 0.06850961538461539
2 0.3293269230769231 0.3317307692307692 0.007211538461538462 0.03485576923076923
2 0.4879807692307692 0.5444711538461539 0.019230769230769232 0.04807692307692308
2 0.5805288461538461 0.4266826923076923 0.013221153846153846 0.042067307692307696
2 0.5733173076923077 0.4807692307692308 0.013221153846153846 0.046875
2 0.6310096153846154 0.3425480769230769 0.010817307692307692 0.03485576923076923
2 0.49278846153846156 0.29927884615384615 0.006009615384615385 0.030048076923076924
2 0.8076923076923077 0.49759615384615385 0.009615384615384616 0.046875
2 0.8149038461538461 0.5985576923076923 0.019230769230769232 0.04927884615384615
2 0.33774038461538464 0.4543269230769231 0.01201923076923077 0.04927884615384615
3 0.4579326923076923 0.4362980769230769 0.008413461538461538 0.042067307692307696
2 0.265625 0.35336538461538464 0.009615384615384616 0.037259615384615384
2 0.4050480769230769 0.39663461538461536 0.010817307692307692 0.040865384615384616
2 0.6430288461538461 0.37740384615384615 0.007211538461538462 0.038461538461538464
2 0.2764423076923077 0.4170673076923077 0.014423076923076924 0.042067307692307696
2 0.32572115384615385 0.46875 0.013221153846153846 0.037259615384615384
2 0.4026442307692308 0.49278846153846156 0.015625 0.03485576923076923
2 0.734375 0.6129807692307693 0.018028846153846152 0.055288461538461536
2 0.22716346153846154 0.44471153846153844 0.018028846153846152 0.042067307692307696
2 0.47836538461538464 0.6237980769230769 0.025240384615384616 0.057692307692307696
3 0.13341346153846154 0.8413461538461539 0.026442307692307692 0.08173076923076923
2 0.8870192307692307 0.4699519230769231 0.013221153846153846 0.046875
3 0.6442307692307693 0.25240384615384615 0.007211538461538462 0.028846153846153848