2 0.5901442307692307 0.17427884615384615 0.01201923076923077 0.03365384615384615
2 0.6382211538461539 0.18028846153846154 0.014423076923076924 0.04326923076923077
2 0.27283653846153844 0.18629807692307693 0.014423076923076924 0.04807692307692308
2 0.8605769230769231 0.37740384615384615 0.03125 0.055288461538461536
2 0.6550480769230769 0.1971153846153846 0.019230769230769232 0.04567307692307692
2 0.5180288461538461 0.1778846153846154 0.01201923076923077 0.04326923076923077
2 0.48197115384615385 0.17427884615384615 0.014423076923076924 0.05048076923076923
2 0.421875 0.2091346153846154 0.01201923076923077 0.04567307692307692
2 0.5432692307692307 0.22596153846153846 0.019230769230769232 0.038461538461538464
2 0.29086538461538464 0.23197115384615385 0.016826923076923076 0.05048076923076923
2 0.5721153846153846 0.22716346153846154 0.02403846153846154 0.04807692307692308
2 0.49278846153846156 0.20793269230769232 0.016826923076923076 0.04567307692307692
2 0.8269230769230769 0.3269230769230769 0.019230769230769232 0.06009615384615385
2 0.5997596153846154 0.3088942307692308 0.016826923076923076 0.055288461538461536
2 0.6586538461538461 0.40865384615384615 0.02403846153846154 0.0673076923076923
2 0.8701923076923077 0.39663461538461536 0.028846153846153848 0.06490384615384616
2 0.375 0.29927884615384615 0.021634615384615384 0.06009615384615385
2 0.19831730769230768 0.40024038461538464 0.026442307692307692 0.06971153846153846
3 0.6370192307692307 0.28365384615384615 0.016826923076923076 0.055288461538461536
2 0.7175480769230769 0.3269230769230769 0.019230769230769232 0.057692307692307696
2 0.7163461538461539 0.7055288461538461 0.04326923076923077 0.0985576923076923
0 0.49158653846153844 0.22596153846153846 0.004807692307692308 0.007211538461538462
3 0.2764423076923077 0.1502403846153846 0.014423076923076924 0.04567307692307692