1 0.8930288461538461 0.2956730769230769 0.016826923076923076 0.040865384615384616
2 0.5961538461538461 0.703125 0.036057692307692304 0.07451923076923077
2 0.3161057692307692 0.34615384615384615 0.01201923076923077 0.036057692307692304
2 0.515625 0.5408653846153846 0.026442307692307692 0.052884615384615384
2 0.5913461538461539 0.40384615384615385 0.019230769230769232 0.04567307692307692
2 0.5925480769230769 0.46153846153846156 0.021634615384615384 0.05048076923076923
2 0.6298076923076923 0.3088942307692308 0.016826923076923076 0.038461538461538464
2 0.4795673076923077 0.2860576923076923 0.01201923076923077 0.03365384615384615
2 0.8389423076923077 0.43990384615384615 0.016826923076923076 0.05048076923076923
2 0.8629807692307693 0.5432692307692307 0.028846153846153848 0.055288461538461536
2 0.3449519230769231 0.4723557692307692 0.021634615384615384 0.052884615384615384
3 0.46634615384615385 0.43509615384615385 0.014423076923076924 0.04326923076923077
2 0.2536057692307692 0.3798076923076923 0.014423076923076924 0.038461538461538464
2 0.4050480769230769 0.4014423076923077 0.016826923076923076 0.04326923076923077
2 0.6490384615384616 0.3425480769230769 0.014423076923076924 0.040865384615384616
2 0.27524038461538464 0.44471153846153844 0.021634615384615384 0.04567307692307692
2 0.33533653846153844 0.4891826923076923 0.019230769230769232 0.040865384615384616
2 0.4182692307692308 0.5024038461538461 0.021634615384615384 0.038461538461538464
2 0.78125 0.5721153846153846 0.026442307692307692 0.06009615384615385
2 0.22956730769230768 0.4807692307692308 0.026442307692307692 0.04567307692307692
2 0.5180288461538461 0.625 0.036057692307692304 0.06490384615384616
3 0.1971153846153846 0.9074519230769231 0.040865384615384616 0.0889423076923077
2 0.9170673076923077 0.39903846153846156 0.021634615384615384 0.05048076923076923
3 0.6298076923076923 0.2127403846153846 0.01201923076923077 0.03125