2 0.5625 0.359375 0.019230769230769232 0.040865384615384616
2 0.5793269230769231 0.2980769230769231 0.01201923076923077 0.036057692307692304
2 0.4879807692307692 0.2776442307692308 0.009615384615384616 0.03125
2 0.6935096153846154 0.32572115384615385 0.009615384615384616 0.040865384615384616
2 0.6646634615384616 0.390625 0.01201923076923077 0.036057692307692304
2 0.7620192307692307 0.4182692307692308 0.019230769230769232 0.04807692307692308
2 0.4543269230769231 0.3112980769230769 0.01201923076923077 0.04326923076923077
2 0.43028846153846156 0.35336538461538464 0.014423076923076924 0.040865384615384616
2 0.5540865384615384 0.4387019230769231 0.016826923076923076 0.04807692307692308
2 0.7019230769230769 0.3233173076923077 0.01201923076923077 0.04326923076923077
2 0.6189903846153846 0.3485576923076923 0.01201923076923077 0.038461538461538464
2 0.3125 0.40625 0.014423076923076924 0.052884615384615384
3 0.515625 0.3641826923076923 0.014423076923076924 0.04567307692307692
2 0.7776442307692307 0.4375 0.016826923076923076 0.052884615384615384
2 0.7824519230769231 0.3629807692307692 0.014423076923076924 0.040865384615384616
2 0.359375 0.34615384615384615 0.014423076923076924 0.04807692307692308
2 0.48197115384615385 0.32572115384615385 0.016826923076923076 0.040865384615384616
2 0.38461538461538464 0.3401442307692308 0.01201923076923077 0.04326923076923077
2 0.7572115384615384 0.5060096153846154 0.016826923076923076 0.06009615384615385
2 0.47716346153846156 0.39903846153846156 0.016826923076923076 0.04567307692307692
2 0.5949519230769231 0.5360576923076923 0.021634615384615384 0.0625
3 0.06490384615384616 0.7860576923076923 0.03125 0.0889423076923077
0 0.5456730769230769 0.3605769230769231 0.009615384615384616 0.014423076923076924
3 0.7596153846153846 0.2608173076923077 0.014423076923076924 0.040865384615384616