2 0.6418269230769231 0.359375 0.008413461538461538 0.038461538461538464
2 0.4723557692307692 0.25721153846153844 0.008413461538461538 0.028846153846153848
2 0.59375 0.2620192307692308 0.004807692307692308 0.025240384615384616
2 0.578125 0.24759615384615385 0.007211538461538462 0.026442307692307692
2 0.6394230769230769 0.3401442307692308 0.009615384615384616 0.042067307692307696
2 0.5060096153846154 0.2776442307692308 0.007211538461538462 0.027644230769230768
2 0.30649038461538464 0.2608173076923077 0.008413461538461538 0.030048076923076924
2 0.3798076923076923 0.28966346153846156 0.007211538461538462 0.03365384615384615
2 0.4519230769230769 0.4519230769230769 0.009615384615384616 0.04326923076923077
2 0.28966346153846156 0.35096153846153844 0.009615384615384616 0.040865384615384616
2 0.4543269230769231 0.3473557692307692 0.009615384615384616 0.036057692307692304
1 0.09735576923076923 0.33052884615384615 0.008413461538461538 0.036057692307692304
2 0.0985576923076923 0.42427884615384615 0.01201923076923077 0.04326923076923077
1 0.9170673076923077 0.3641826923076923 0.013221153846153846 0.039663461538461536
2 0.6490384615384616 0.4483173076923077 0.009615384615384616 0.04447115384615385
2 0.36899038461538464 0.3293269230769231 0.013221153846153846 0.038461538461538464
3 0.5336538461538461 0.3449519230769231 0.008413461538461538 0.038461538461538464
2 0.5721153846153846 0.41225961538461536 0.009615384615384616 0.04567307692307692
2 0.6742788461538461 0.6286057692307693 0.019230769230769232 0.057692307692307696
2 0.23317307692307693 0.5901442307692307 0.014423076923076924 0.0625
0 0.3173076923076923 0.27403846153846156 0.004807692307692308 0.007211538461538462
3 0.6117788461538461 0.2283653846153846 0.007211538461538462 0.027644230769230768
2 0.5 0.2956730769230769 0.010817307692307692 0.03125
2 0.6418269230769231 0.31850961538461536 0.008413461538461538 0.030048076923076924
2 0.39302884615384615 0.22956730769230768 0.006009615384615385 0.02403846153846154