2 0.4362980769230769 0.3485576923076923 0.016826923076923076 0.040865384615384616
2 0.41225961538461536 0.25 0.01201923076923077 0.03365384615384615
2 0.29927884615384615 0.28365384615384615 0.014423076923076924 0.036057692307692304
2 0.26802884615384615 0.36778846153846156 0.016826923076923076 0.04567307692307692
2 0.24639423076923078 0.4831730769230769 0.019230769230769232 0.05048076923076923
2 0.4074519230769231 0.6310096153846154 0.03125 0.057692307692307696
2 0.49399038461538464 0.29447115384615385 0.014423076923076924 0.04326923076923077
2 0.6225961538461539 0.3125 0.016826923076923076 0.04807692307692308
2 0.7728365384615384 0.4254807692307692 0.021634615384615384 0.06009615384615385
2 0.7367788461538461 0.6213942307692307 0.028846153846153848 0.07211538461538461
2 0.6742788461538461 0.46634615384615385 0.02403846153846154 0.055288461538461536
2 0.33413461538461536 0.26322115384615385 0.014423076923076924 0.036057692307692304
2 0.25841346153846156 0.36899038461538464 0.019230769230769232 0.04807692307692308
2 0.5949519230769231 0.4723557692307692 0.02403846153846154 0.055288461538461536
3 0.39783653846153844 0.3942307692307692 0.016826923076923076 0.04807692307692308
2 0.2860576923076923 0.5060096153846154 0.019230769230769232 0.05048076923076923
2 0.7043269230769231 0.23557692307692307 0.014423076923076924 0.040865384615384616
2 0.8185096153846154 0.6454326923076923 0.028846153846153848 0.07451923076923077
2 0.8521634615384616 0.390625 0.026442307692307692 0.057692307692307696
0 0.8137019230769231 0.6706730769230769 0.009615384615384616 0.014423076923076924
2 0.4987980769230769 0.19110576923076922 0.014423076923076924 0.036057692307692304
3 0.296875 0.20552884615384615 0.014423076923076924 0.03365384615384615
2 0.3894230769230769 0.6201923076923077 0.026442307692307692 0.0625