2 0.5721153846153846 0.3293269230769231 0.009615384615384616 0.030048076923076924
2 0.3245192307692308 0.37740384615384615 0.010817307692307692 0.04326923076923077
2 0.17307692307692307 0.49158653846153844 0.015625 0.05048076923076923
2 0.6634615384615384 0.3401442307692308 0.010817307692307692 0.036057692307692304
2 0.4855769230769231 0.40024038461538464 0.019230769230769232 0.036057692307692304
1 0.025240384615384616 0.39903846153846156 0.010817307692307692 0.042067307692307696
2 0.41225961538461536 0.3137019230769231 0.008413461538461538 0.036057692307692304
2 0.5961538461538461 0.421875 0.009615384615384616 0.046875
2 0.2620192307692308 0.6382211538461539 0.010817307692307692 0.055288461538461536
2 0.46153846153846156 0.43028846153846156 0.010817307692307692 0.038461538461538464
2 0.44350961538461536 0.5372596153846154 0.010817307692307692 0.052884615384615384
2 0.20673076923076922 0.5024038461538461 0.009615384615384616 0.05048076923076923
2 0.3137019230769231 0.3870192307692308 0.01201923076923077 0.036057692307692304
2 0.7211538461538461 0.4206730769230769 0.008413461538461538 0.04326923076923077
3 0.484375 0.44591346153846156 0.010817307692307692 0.04927884615384615
2 0.6850961538461539 0.6442307692307693 0.019230769230769232 0.0673076923076923
2 0.32091346153846156 0.6129807692307693 0.013221153846153846 0.055288461538461536
2 0.6802884615384616 0.4675480769230769 0.01201923076923077 0.046875
2 0.5096153846153846 0.49759615384615385 0.016826923076923076 0.05048076923076923
2 0.7067307692307693 0.5721153846153846 0.018028846153846152 0.06009615384615385
3 0.9014423076923077 0.7908653846153846 0.02283653846153846 0.07211538461538461
3 0.3173076923076923 0.2644230769230769 0.008413461538461538 0.028846153846153848
0 0.4795673076923077 0.390625 0.003605769230769231 0.007211538461538462
2 0.4579326923076923 0.4170673076923077 0.008413461538461538 0.036057692307692304
2 0.71875 0.40625 0.008413461538461538 0.040865384615384616
1 0.9963942307692307 0.4026442307692308 0.006009615384615385 0.042067307692307696