2 0.6911057692307693 0.3798076923076923 0.014423076923076924 0.04567307692307692
2 0.6754807692307693 0.3125 0.01201923076923077 0.04567307692307692
2 0.5865384615384616 0.33774038461538464 0.019230769230769232 0.05048076923076923
2 0.6370192307692307 0.3485576923076923 0.014423076923076924 0.04326923076923077
2 0.7247596153846154 0.3233173076923077 0.014423076923076924 0.04567307692307692
2 0.23918269230769232 0.3389423076923077 0.014423076923076924 0.04567307692307692
2 0.7127403846153846 0.33774038461538464 0.019230769230769232 0.052884615384615384
2 0.7512019230769231 0.3798076923076923 0.016826923076923076 0.052884615384615384
2 0.6526442307692307 0.3605769230769231 0.016826923076923076 0.05048076923076923
2 0.5096153846153846 0.33052884615384615 0.019230769230769232 0.04326923076923077
2 0.3858173076923077 0.484375 0.019230769230769232 0.0625
3 0.5901442307692307 0.38100961538461536 0.016826923076923076 0.055288461538461536
2 0.22596153846153846 0.36778846153846156 0.014423076923076924 0.04567307692307692
2 0.48677884615384615 0.37259615384615385 0.016826923076923076 0.05048076923076923
2 0.6875 0.40865384615384615 0.021634615384615384 0.057692307692307696
2 0.15264423076923078 0.4423076923076923 0.019230769230769232 0.052884615384615384
2 0.375 0.49038461538461536 0.019230769230769232 0.06490384615384616
2 0.4483173076923077 0.40625 0.016826923076923076 0.052884615384615384
1 0.7259615384615384 0.2800480769230769 0.019230769230769232 0.052884615384615384
0 0.5492788461538461 0.30288461538461536 0.007211538461538462 0.01201923076923077
2 0.5733173076923077 0.3317307692307692 0.021634615384615384 0.04567307692307692
2 0.5949519230769231 0.2956730769230769 0.016826923076923076 0.04326923076923077
2 0.6057692307692307 0.29927884615384615 0.019230769230769232 0.040865384615384616