2 0.5877403846153846 0.3954326923076923 0.01201923076923077 0.036057692307692304
2 0.3076923076923077 0.34975961538461536 0.010817307692307692 0.02283653846153846
2 0.4879807692307692 0.33533653846153844 0.008413461538461538 0.03125
2 0.3112980769230769 0.3870192307692308 0.007211538461538462 0.03485576923076923
2 0.45913461538461536 0.3329326923076923 0.009615384615384616 0.030048076923076924
2 0.5889423076923077 0.4206730769230769 0.010817307692307692 0.04326923076923077
1 0.6935096153846154 0.34975961538461536 0.007211538461538462 0.03365384615384615
2 0.1778846153846154 0.3713942307692308 0.006009615384615385 0.03245192307692308
2 0.5192307692307693 0.36177884615384615 0.007211538461538462 0.03485576923076923
2 0.3245192307692308 0.41947115384615385 0.008413461538461538 0.037259615384615384
2 0.5324519230769231 0.3942307692307692 0.007211538461538462 0.036057692307692304
2 0.2860576923076923 0.3485576923076923 0.007211538461538462 0.030048076923076924
2 0.40384615384615385 0.3629807692307692 0.008413461538461538 0.03245192307692308
3 0.8425480769230769 0.6165865384615384 0.015625 0.06009615384615385
2 0.45913461538461536 0.47596153846153844 0.008413461538461538 0.046875
2 0.19230769230769232 0.40865384615384615 0.009615384615384616 0.038461538461538464
2 0.7259615384615384 0.5576923076923077 0.015625 0.04927884615384615
2 0.484375 0.4639423076923077 0.008413461538461538 0.040865384615384616
2 0.17307692307692307 0.5060096153846154 0.010817307692307692 0.04927884615384615
2 0.6021634615384616 0.48677884615384615 0.010817307692307692 0.04447115384615385
3 0.4495192307692308 0.42427884615384615 0.01201923076923077 0.042067307692307696
2 0.6262019230769231 0.48197115384615385 0.009615384615384616 0.04807692307692308
0 0.31971153846153844 0.31490384615384615 0.004807692307692308 0.008413461538461538
2 0.171875 0.49038461538461536 0.010817307692307692 0.04807692307692308
3 0.15625 0.3161057692307692 0.008413461538461538 0.03125