2 0.31971153846153844 0.3449519230769231 0.014423076923076924 0.038461538461538464
3 0.9483173076923077 0.16826923076923078 0.016826923076923076 0.04567307692307692
2 0.45913461538461536 0.27524038461538464 0.01201923076923077 0.036057692307692304
0 0.41466346153846156 0.33052884615384615 0.009615384615384616 0.01201923076923077
2 0.5492788461538461 0.21754807692307693 0.016826923076923076 0.038461538461538464
2 0.4963942307692308 0.2920673076923077 0.019230769230769232 0.05048076923076923
2 0.6346153846153846 0.3016826923076923 0.019230769230769232 0.052884615384615384
2 0.48677884615384615 0.4182692307692308 0.02403846153846154 0.055288461538461536
2 0.7439903846153846 0.21875 0.016826923076923076 0.04807692307692308
1 0.09375 0.3557692307692308 0.021634615384615384 0.055288461538461536
2 0.7860576923076923 0.21033653846153846 0.016826923076923076 0.04567307692307692
3 0.5180288461538461 0.32091346153846156 0.019230769230769232 0.052884615384615384
2 0.7896634615384616 0.2692307692307692 0.016826923076923076 0.052884615384615384
2 0.5264423076923077 0.23197115384615385 0.021634615384615384 0.04326923076923077
2 0.4543269230769231 0.32211538461538464 0.021634615384615384 0.052884615384615384
2 0.8737980769230769 0.2848557692307692 0.019230769230769232 0.05048076923076923
2 0.9615384615384616 0.23317307692307693 0.016826923076923076 0.052884615384615384
2 0.5865384615384616 0.3473557692307692 0.026442307692307692 0.055288461538461536
2 0.3161057692307692 0.37740384615384615 0.021634615384615384 0.0625
2 0.7920673076923077 0.3425480769230769 0.021634615384615384 0.0625
2 0.265625 0.40024038461538464 0.021634615384615384 0.0625
2 0.7151442307692307 0.3137019230769231 0.026442307692307692 0.05048076923076923
2 0.9675480769230769 0.4411057692307692 0.03365384615384615 0.07451923076923077
2 0.2283653846153846 0.7283653846153846 0.04326923076923077 0.08413461538461539