3 0.18269230769230768 0.22596153846153846 0.016826923076923076 0.036057692307692304
2 0.5949519230769231 0.41586538461538464 0.019230769230769232 0.040865384615384616
1 0.7824519230769231 0.39783653846153844 0.021634615384615384 0.038461538461538464
2 0.5817307692307693 0.4170673076923077 0.019230769230769232 0.038461538461538464
2 0.6394230769230769 0.38461538461538464 0.019230769230769232 0.04326923076923077
2 0.6201923076923077 0.3786057692307692 0.016826923076923076 0.038461538461538464
3 0.6213942307692307 0.41466346153846156 0.019230769230769232 0.04326923076923077
2 0.6574519230769231 0.43509615384615385 0.016826923076923076 0.040865384615384616
2 0.20072115384615385 0.3545673076923077 0.019230769230769232 0.04807692307692308
2 0.5324519230769231 0.4110576923076923 0.019230769230769232 0.040865384615384616
2 0.7391826923076923 0.49038461538461536 0.019230769230769232 0.04567307692307692
2 0.34375 0.3233173076923077 0.019230769230769232 0.040865384615384616
2 0.4651442307692308 0.4411057692307692 0.021634615384615384 0.04567307692307692
2 0.7524038461538461 0.5432692307692307 0.019230769230769232 0.04807692307692308
3 0.9459134615384616 0.7331730769230769 0.03125 0.0673076923076923
2 0.42788461538461536 0.36538461538461536 0.019230769230769232 0.04326923076923077
2 0.6826923076923077 0.5240384615384616 0.021634615384615384 0.05048076923076923
2 0.5637019230769231 0.49038461538461536 0.021634615384615384 0.05048076923076923
2 0.2247596153846154 0.36538461538461536 0.021634615384615384 0.04807692307692308
2 0.2800480769230769 0.4831730769230769 0.026442307692307692 0.06009615384615385
2 0.48197115384615385 0.5180288461538461 0.021634615384615384 0.057692307692307696
2 0.3076923076923077 0.5 0.02403846153846154 0.055288461538461536
2 0.6009615384615384 0.38221153846153844 0.019230769230769232 0.04567307692307692