2 0.11538461538461539 0.3269230769230769 0.021634615384615384 0.04326923076923077
1 0.14302884615384615 0.21033653846153846 0.021634615384615384 0.040865384615384616
2 0.37740384615384615 0.22235576923076922 0.014423076923076924 0.03365384615384615
2 0.3293269230769231 0.3233173076923077 0.021634615384615384 0.05048076923076923
2 0.3112980769230769 0.24519230769230768 0.019230769230769232 0.04326923076923077
2 0.14783653846153846 0.34615384615384615 0.026442307692307692 0.052884615384615384
2 0.25600961538461536 0.3641826923076923 0.028846153846153848 0.052884615384615384
2 0.6995192307692307 0.3125 0.016826923076923076 0.038461538461538464
2 0.8401442307692307 0.3762019230769231 0.019230769230769232 0.04567307692307692
2 0.3798076923076923 0.32211538461538464 0.021634615384615384 0.04807692307692308
2 0.6778846153846154 0.39903846153846156 0.019230769230769232 0.040865384615384616
2 0.5504807692307693 0.47115384615384615 0.02403846153846154 0.04567307692307692
2 0.7872596153846154 0.44350961538461536 0.021634615384615384 0.05048076923076923
2 0.3317307692307692 0.3713942307692308 0.019230769230769232 0.04807692307692308
2 0.22355769230769232 0.41466346153846156 0.028846153846153848 0.055288461538461536
3 0.38100961538461536 0.38221153846153844 0.02403846153846154 0.052884615384615384
2 0.7788461538461539 0.5733173076923077 0.026442307692307692 0.055288461538461536
2 0.8485576923076923 0.3942307692307692 0.021634615384615384 0.04567307692307692
2 0.2403846153846154 0.35216346153846156 0.028846153846153848 0.052884615384615384
2 0.8040865384615384 0.4963942307692308 0.028846153846153848 0.06009615384615385
2 0.4891826923076923 0.5084134615384616 0.026442307692307692 0.06490384615384616
3 0.8245192307692307 0.9387019230769231 0.05048076923076923 0.09375
2 0.6658653846153846 0.27403846153846156 0.019230769230769232 0.03365384615384615
3 0.46033653846153844 0.1466346153846154 0.016826923076923076 0.03365384615384615
0 0.30649038461538464 0.4423076923076923 0.01201923076923077 0.016826923076923076