2 0.5649038461538461 0.3798076923076923 0.019230769230769232 0.038461538461538464
2 0.27884615384615385 0.39302884615384615 0.016826923076923076 0.02403846153846154
2 0.4543269230769231 0.34134615384615385 0.014423076923076924 0.03365384615384615
2 0.28966346153846156 0.43028846153846156 0.014423076923076924 0.036057692307692304
2 0.4254807692307692 0.3449519230769231 0.016826923076923076 0.03365384615384615
2 0.5721153846153846 0.4050480769230769 0.019230769230769232 0.04567307692307692
1 0.6598557692307693 0.3125 0.014423076923076924 0.03365384615384615
2 0.15504807692307693 0.4423076923076923 0.01201923076923077 0.03365384615384615
2 0.49038461538461536 0.3605769230769231 0.014423076923076924 0.036057692307692304
2 0.3088942307692308 0.4579326923076923 0.016826923076923076 0.038461538461538464
2 0.5096153846153846 0.390625 0.014423076923076924 0.036057692307692304
2 0.25721153846153844 0.39663461538461536 0.014423076923076924 0.03125
2 0.3762019230769231 0.3858173076923077 0.014423076923076924 0.03365384615384615
3 0.8629807692307693 0.5444711538461539 0.028846153846153848 0.0625
2 0.4543269230769231 0.48677884615384615 0.016826923076923076 0.04807692307692308
2 0.17668269230769232 0.47596153846153844 0.016826923076923076 0.038461538461538464
2 0.7355769230769231 0.5108173076923077 0.026442307692307692 0.05048076923076923
2 0.47596153846153844 0.4699519230769231 0.016826923076923076 0.040865384615384616
2 0.1778846153846154 0.5757211538461539 0.021634615384615384 0.05048076923076923
2 0.5985576923076923 0.46634615384615385 0.021634615384615384 0.04567307692307692
3 0.4338942307692308 0.4375 0.021634615384615384 0.04326923076923077
2 0.6213942307692307 0.4567307692307692 0.019230769230769232 0.04807692307692308
0 0.28365384615384615 0.3557692307692308 0.007211538461538462 0.009615384615384616
2 0.17427884615384615 0.5612980769230769 0.021634615384615384 0.05048076923076923
3 0.12259615384615384 0.3918269230769231 0.014423076923076924 0.03365384615384615