2 0.39663461538461536 0.3016826923076923 0.019230769230769232 0.040865384615384616
2 0.5552884615384616 0.29086538461538464 0.016826923076923076 0.036057692307692304
0 0.49278846153846156 0.3245192307692308 0.01201923076923077 0.014423076923076924
2 0.6622596153846154 0.2704326923076923 0.019230769230769232 0.038461538461538464
2 0.5841346153846154 0.32091346153846156 0.02403846153846154 0.05048076923076923
2 0.7115384615384616 0.38341346153846156 0.02403846153846154 0.055288461538461536
2 0.5288461538461539 0.43509615384615385 0.03125 0.057692307692307696
2 0.8473557692307693 0.34615384615384615 0.021634615384615384 0.04807692307692308
1 0.18028846153846154 0.22596153846153846 0.026442307692307692 0.057692307692307696
2 0.8882211538461539 0.35336538461538464 0.019230769230769232 0.04567307692307692
3 0.59375 0.35697115384615385 0.02403846153846154 0.055288461538461536
2 0.8689903846153846 0.4098557692307692 0.02403846153846154 0.052884615384615384
2 0.6358173076923077 0.27524038461538464 0.028846153846153848 0.04567307692307692
2 0.5348557692307693 0.3329326923076923 0.028846153846153848 0.055288461538461536
2 0.9423076923076923 0.4579326923076923 0.02403846153846154 0.052884615384615384
2 0.6478365384615384 0.4074519230769231 0.03125 0.057692307692307696
2 0.38341346153846156 0.3329326923076923 0.028846153846153848 0.06490384615384616
2 0.84375 0.4807692307692308 0.028846153846153848 0.06490384615384616
2 0.32572115384615385 0.33533653846153844 0.028846153846153848 0.0625
2 0.7824519230769231 0.4230769230769231 0.03125 0.052884615384615384
2 0.9699519230769231 0.640625 0.036057692307692304 0.07451923076923077
2 0.1658653846153846 0.6298076923076923 0.05048076923076923 0.08653846153846154