2 0.5048076923076923 0.25721153846153844 0.006009615384615385 0.028846153846153848
2 0.7439903846153846 0.3737980769230769 0.007211538461538462 0.039663461538461536
2 0.5889423076923077 0.296875 0.007211538461538462 0.03125
2 0.7367788461538461 0.3737980769230769 0.008413461538461538 0.038461538461538464
2 0.5612980769230769 0.3762019230769231 0.007211538461538462 0.03485576923076923
2 0.7139423076923077 0.3173076923076923 0.007211538461538462 0.030048076923076924
2 0.2692307692307692 0.47836538461538464 0.010817307692307692 0.046875
1 0.9951923076923077 0.3954326923076923 0.009615384615384616 0.038461538461538464
2 0.5324519230769231 0.35336538461538464 0.009615384615384616 0.037259615384615384
2 0.19110576923076922 0.44711538461538464 0.009615384615384616 0.04447115384615385
2 0.6778846153846154 0.31009615384615385 0.007211538461538462 0.03245192307692308
2 0.7584134615384616 0.6081730769230769 0.014423076923076924 0.055288461538461536
2 0.4074519230769231 0.37259615384615385 0.008413461538461538 0.038461538461538464
3 0.03245192307692308 0.6682692307692307 0.020432692307692308 0.0625
2 0.43028846153846156 0.5132211538461539 0.010817307692307692 0.04927884615384615
3 0.6442307692307693 0.42427884615384615 0.007211538461538462 0.042067307692307696
2 0.3870192307692308 0.5540865384615384 0.01201923076923077 0.05048076923076923
2 0.7295673076923077 0.5204326923076923 0.010817307692307692 0.05889423076923077
2 0.7115384615384616 0.5444711538461539 0.010817307692307692 0.054086538461538464
2 0.30528846153846156 0.3125 0.007211538461538462 0.037259615384615384
2 0.31850961538461536 0.49278846153846156 0.010817307692307692 0.054086538461538464
2 0.4110576923076923 0.5685096153846154 0.01201923076923077 0.056490384615384616
2 0.8389423076923077 0.7091346153846154 0.019230769230769232 0.06009615384615385
3 0.6947115384615384 0.24639423076923078 0.007211538461538462 0.03125
1 0.08052884615384616 0.3701923076923077 0.014423076923076924 0.038461538461538464
0 0.19471153846153846 0.4639423076923077 0.004807692307692308 0.010817307692307692