3 0.29086538461538464 0.14783653846153846 0.01201923076923077 0.038461538461538464
2 0.47836538461538464 0.18509615384615385 0.014423076923076924 0.03125
2 0.35336538461538464 0.17427884615384615 0.019230769230769232 0.052884615384615384
2 0.6646634615384616 0.20673076923076922 0.01201923076923077 0.038461538461538464
2 0.7872596153846154 0.36177884615384615 0.02403846153846154 0.06009615384615385
2 0.5372596153846154 0.23557692307692307 0.014423076923076924 0.04567307692307692
2 0.4026442307692308 0.21875 0.014423076923076924 0.04807692307692308
2 0.7043269230769231 0.2644230769230769 0.014423076923076924 0.04807692307692308
2 0.6514423076923077 0.2536057692307692 0.014423076923076924 0.04567307692307692
2 0.47596153846153844 0.2548076923076923 0.019230769230769232 0.052884615384615384
3 0.6694711538461539 0.30528846153846156 0.016826923076923076 0.052884615384615384
2 0.6105769230769231 0.31850961538461536 0.019230769230769232 0.052884615384615384
2 0.3088942307692308 0.21514423076923078 0.014423076923076924 0.04807692307692308
2 0.3605769230769231 0.3088942307692308 0.019230769230769232 0.057692307692307696
2 0.6153846153846154 0.453125 0.021634615384615384 0.06490384615384616
2 0.8161057692307693 0.4074519230769231 0.019230769230769232 0.06490384615384616
2 0.8317307692307693 0.43509615384615385 0.02403846153846154 0.06490384615384616
2 0.15985576923076922 0.4362980769230769 0.02403846153846154 0.07211538461538461
2 0.5661057692307693 0.7415865384615384 0.03125 0.0889423076923077
2 0.703125 0.42427884615384615 0.02403846153846154 0.0673076923076923
2 0.5192307692307693 0.16826923076923078 0.01201923076923077 0.036057692307692304
2 0.6514423076923077 0.17908653846153846 0.01201923076923077 0.036057692307692304