3 0.7512019230769231 0.2776442307692308 0.016826923076923076 0.03365384615384615
2 0.8293269230769231 0.47836538461538464 0.021634615384615384 0.05048076923076923
2 0.6502403846153846 0.328125 0.014423076923076924 0.03365384615384615
2 0.453125 0.30408653846153844 0.019230769230769232 0.04326923076923077
2 0.38100961538461536 0.3317307692307692 0.021634615384615384 0.04326923076923077
2 0.625 0.3918269230769231 0.019230769230769232 0.04326923076923077
2 0.8100961538461539 0.5745192307692307 0.021634615384615384 0.052884615384615384
2 0.3798076923076923 0.26322115384615385 0.014423076923076924 0.036057692307692304
2 0.42788461538461536 0.3112980769230769 0.021634615384615384 0.038461538461538464
2 0.5204326923076923 0.29086538461538464 0.016826923076923076 0.038461538461538464
2 0.3485576923076923 0.30408653846153844 0.016826923076923076 0.040865384615384616
2 0.6394230769230769 0.36778846153846156 0.021634615384615384 0.04326923076923077
2 0.6838942307692307 0.3125 0.016826923076923076 0.040865384615384616
2 0.23317307692307693 0.31490384615384615 0.021634615384615384 0.05048076923076923
3 0.4375 0.36177884615384615 0.016826923076923076 0.05048076923076923
2 0.3293269230769231 0.38341346153846156 0.02403846153846154 0.05048076923076923
2 0.5504807692307693 0.5180288461538461 0.026442307692307692 0.0673076923076923
2 0.8293269230769231 0.5288461538461539 0.026442307692307692 0.06490384615384616
2 0.8040865384615384 0.38461538461538464 0.019230769230769232 0.04567307692307692
2 0.6947115384615384 0.45072115384615385 0.019230769230769232 0.05048076923076923
2 0.234375 0.41947115384615385 0.021634615384615384 0.0625
2 0.6189903846153846 0.625 0.03365384615384615 0.07211538461538461