2 0.5612980769230769 0.4026442307692308 0.016826923076923076 0.040865384615384616
2 0.26322115384615385 0.3954326923076923 0.014423076923076924 0.026442307692307692
2 0.4483173076923077 0.3545673076923077 0.01201923076923077 0.03365384615384615
2 0.27283653846153844 0.43509615384615385 0.014423076923076924 0.036057692307692304
2 0.4182692307692308 0.3557692307692308 0.014423076923076924 0.03365384615384615
2 0.5661057692307693 0.42908653846153844 0.016826923076923076 0.04567307692307692
1 0.6658653846153846 0.3389423076923077 0.01201923076923077 0.036057692307692304
2 0.1310096153846154 0.4375 0.009615384615384616 0.03365384615384615
2 0.4855769230769231 0.3786057692307692 0.014423076923076924 0.038461538461538464
2 0.28966346153846156 0.46634615384615385 0.014423076923076924 0.040865384615384616
2 0.5036057692307693 0.4098557692307692 0.01201923076923077 0.038461538461538464
2 0.23918269230769232 0.39783653846153844 0.01201923076923077 0.03125
2 0.3641826923076923 0.3954326923076923 0.01201923076923077 0.03365384615384615
3 0.859375 0.5949519230769231 0.02403846153846154 0.06490384615384616
2 0.4387019230769231 0.5048076923076923 0.014423076923076924 0.05048076923076923
2 0.1502403846153846 0.4735576923076923 0.014423076923076924 0.040865384615384616
2 0.7295673076923077 0.5528846153846154 0.021634615384615384 0.052884615384615384
2 0.46274038461538464 0.4891826923076923 0.014423076923076924 0.04326923076923077
2 0.14423076923076922 0.5793269230769231 0.019230769230769232 0.052884615384615384
2 0.5889423076923077 0.4963942307692308 0.019230769230769232 0.04807692307692308
3 0.4206730769230769 0.4543269230769231 0.019230769230769232 0.04567307692307692
2 0.6141826923076923 0.4879807692307692 0.016826923076923076 0.05048076923076923
0 0.2704326923076923 0.35697115384615385 0.007211538461538462 0.009615384615384616
2 0.140625 0.5625 0.019230769230769232 0.05048076923076923
3 0.0985576923076923 0.38341346153846156 0.014423076923076924 0.03365384615384615