2 0.6081730769230769 0.33774038461538464 0.014423076923076924 0.03125
2 0.35096153846153844 0.34615384615384615 0.019230769230769232 0.04567307692307692
2 0.18028846153846154 0.4375 0.02403846153846154 0.052884615384615384
2 0.6995192307692307 0.3641826923076923 0.016826923076923076 0.038461538461538464
2 0.5120192307692307 0.3954326923076923 0.02403846153846154 0.040865384615384616
1 0.046875 0.32091346153846156 0.019230769230769232 0.04567307692307692
2 0.45072115384615385 0.296875 0.014423076923076924 0.038461538461538464
2 0.6189903846153846 0.43509615384615385 0.016826923076923076 0.04807692307692308
2 0.24639423076923078 0.5997596153846154 0.021634615384615384 0.055288461538461536
2 0.48197115384615385 0.421875 0.016826923076923076 0.040865384615384616
2 0.44711538461538464 0.5264423076923077 0.019230769230769232 0.055288461538461536
2 0.2127403846153846 0.453125 0.016826923076923076 0.052884615384615384
2 0.3389423076923077 0.3557692307692308 0.019230769230769232 0.038461538461538464
2 0.7451923076923077 0.453125 0.014423076923076924 0.04326923076923077
3 0.5024038461538461 0.4411057692307692 0.019230769230769232 0.05048076923076923
2 0.6730769230769231 0.6730769230769231 0.028846153846153848 0.06971153846153846
2 0.3112980769230769 0.5829326923076923 0.021634615384615384 0.057692307692307696
2 0.6971153846153846 0.49399038461538464 0.019230769230769232 0.04807692307692308
2 0.5204326923076923 0.49759615384615385 0.026442307692307692 0.052884615384615384
2 0.7067307692307693 0.6045673076923077 0.026442307692307692 0.0625
3 0.8677884615384616 0.8545673076923077 0.036057692307692304 0.07692307692307693
3 0.3629807692307692 0.23076923076923078 0.01201923076923077 0.028846153846153848
0 0.5060096153846154 0.38461538461538464 0.004807692307692308 0.007211538461538462
2 0.4807692307692308 0.40865384615384615 0.014423076923076924 0.038461538461538464
2 0.7439903846153846 0.4387019230769231 0.014423076923076924 0.04326923076923077