2 0.5673076923076923 0.3161057692307692 0.019230769230769232 0.040865384615384616
2 0.5757211538461539 0.25 0.01201923076923077 0.038461538461538464
2 0.47836538461538464 0.24519230769230768 0.009615384615384616 0.03365384615384615
2 0.6983173076923077 0.25961538461538464 0.01201923076923077 0.04326923076923077
2 0.6790865384615384 0.33052884615384615 0.014423076923076924 0.036057692307692304
2 0.7848557692307693 0.34375 0.019230769230769232 0.05048076923076923
2 0.44711538461538464 0.28365384615384615 0.01201923076923077 0.04567307692307692
2 0.43028846153846156 0.33052884615384615 0.014423076923076924 0.04326923076923077
2 0.5709134615384616 0.39903846153846156 0.014423076923076924 0.05048076923076923
2 0.7067307692307693 0.25600961538461536 0.01201923076923077 0.04326923076923077
2 0.625 0.2956730769230769 0.014423076923076924 0.040865384615384616
2 0.3173076923076923 0.40384615384615385 0.014423076923076924 0.055288461538461536
3 0.5192307692307693 0.3293269230769231 0.01201923076923077 0.04807692307692308
2 0.8040865384615384 0.36177884615384615 0.016826923076923076 0.055288461538461536
2 0.7956730769230769 0.2824519230769231 0.014423076923076924 0.04326923076923077
2 0.3545673076923077 0.33653846153846156 0.014423076923076924 0.05048076923076923
2 0.47836538461538464 0.29447115384615385 0.016826923076923076 0.04326923076923077
2 0.38221153846153844 0.32572115384615385 0.01201923076923077 0.04567307692307692
2 0.7944711538461539 0.43509615384615385 0.016826923076923076 0.0625
2 0.4855769230769231 0.3713942307692308 0.016826923076923076 0.04807692307692308
2 0.6298076923076923 0.49278846153846156 0.021634615384615384 0.0625
3 0.12379807692307693 0.8389423076923077 0.03125 0.09375
0 0.5516826923076923 0.32091346153846156 0.007211538461538462 0.014423076923076924
3 0.7560096153846154 0.1814903846153846 0.014423076923076924 0.04326923076923077