2 0.33052884615384615 0.36778846153846156 0.016826923076923076 0.04567307692307692
2 0.3449519230769231 0.3004807692307692 0.014423076923076924 0.04567307692307692
2 0.43509615384615385 0.3293269230769231 0.019230769230769232 0.04807692307692308
2 0.38341346153846156 0.33774038461538464 0.014423076923076924 0.04326923076923077
2 0.296875 0.31009615384615385 0.016826923076923076 0.04567307692307692
2 0.7788461538461539 0.3425480769230769 0.016826923076923076 0.04567307692307692
2 0.3088942307692308 0.3245192307692308 0.019230769230769232 0.052884615384615384
2 0.2668269230769231 0.3641826923076923 0.019230769230769232 0.052884615384615384
2 0.36899038461538464 0.3485576923076923 0.019230769230769232 0.05048076923076923
2 0.5108173076923077 0.3245192307692308 0.019230769230769232 0.04326923076923077
2 0.6298076923076923 0.4807692307692308 0.019230769230769232 0.0625
3 0.42908653846153844 0.3713942307692308 0.019230769230769232 0.055288461538461536
2 0.7932692307692307 0.3713942307692308 0.014423076923076924 0.04567307692307692
2 0.5324519230769231 0.36658653846153844 0.019230769230769232 0.05048076923076923
2 0.33052884615384615 0.39663461538461536 0.02403846153846154 0.057692307692307696
2 0.8617788461538461 0.44711538461538464 0.019230769230769232 0.052884615384615384
2 0.6394230769230769 0.48677884615384615 0.021634615384615384 0.06490384615384616
2 0.5697115384615384 0.4014423076923077 0.019230769230769232 0.052884615384615384
1 0.296875 0.265625 0.021634615384615384 0.05048076923076923
0 0.4723557692307692 0.29447115384615385 0.007211538461538462 0.01201923076923077
2 0.44711538461538464 0.3233173076923077 0.02403846153846154 0.04567307692307692
2 0.42788461538461536 0.28725961538461536 0.019230769230769232 0.04326923076923077
2 0.4170673076923077 0.28966346153846156 0.019230769230769232 0.038461538461538464