2 0.5108173076923077 0.35096153846153844 0.019230769230769232 0.038461538461538464
2 0.5132211538461539 0.28966346153846156 0.01201923076923077 0.036057692307692304
2 0.42427884615384615 0.29086538461538464 0.01201923076923077 0.03125
2 0.6274038461538461 0.29086538461538464 0.01201923076923077 0.038461538461538464
2 0.6129807692307693 0.35697115384615385 0.014423076923076924 0.03365384615384615
2 0.7103365384615384 0.3629807692307692 0.021634615384615384 0.04807692307692308
2 0.39783653846153844 0.328125 0.014423076923076924 0.040865384615384616
2 0.3858173076923077 0.37259615384615385 0.016826923076923076 0.040865384615384616
2 0.5192307692307693 0.4254807692307692 0.016826923076923076 0.04567307692307692
2 0.6334134615384616 0.28725961538461536 0.014423076923076924 0.040865384615384616
2 0.5625 0.328125 0.014423076923076924 0.036057692307692304
2 0.2860576923076923 0.44711538461538464 0.016826923076923076 0.05048076923076923
3 0.4675480769230769 0.36538461538461536 0.014423076923076924 0.04326923076923077
2 0.7295673076923077 0.3762019230769231 0.016826923076923076 0.052884615384615384
2 0.7163461538461539 0.30528846153846156 0.016826923076923076 0.040865384615384616
2 0.3173076923076923 0.38221153846153844 0.016826923076923076 0.04567307692307692
2 0.42788461538461536 0.33653846153846156 0.019230769230769232 0.040865384615384616
2 0.34134615384615385 0.3701923076923077 0.014423076923076924 0.040865384615384616
2 0.7247596153846154 0.44471153846153844 0.019230769230769232 0.057692307692307696
2 0.43990384615384615 0.4050480769230769 0.016826923076923076 0.04567307692307692
2 0.5793269230769231 0.5084134615384616 0.02403846153846154 0.06009615384615385
3 0.13701923076923078 0.8569711538461539 0.03365384615384615 0.08653846153846154
0 0.4951923076923077 0.3545673076923077 0.009615384615384616 0.014423076923076924
3 0.6742788461538461 0.21634615384615385 0.016826923076923076 0.038461538461538464