2 0.6538461538461539 0.28725961538461536 0.019230769230769232 0.04326923076923077
1 0.9122596153846154 0.36778846153846156 0.019230769230769232 0.04326923076923077
2 0.5961538461538461 0.5 0.03365384615384615 0.06490384615384616
2 0.22115384615384615 0.22596153846153846 0.016826923076923076 0.038461538461538464
2 0.7920673076923077 0.47115384615384615 0.019230769230769232 0.052884615384615384
2 0.3557692307692308 0.21153846153846154 0.016826923076923076 0.036057692307692304
2 0.2091346153846154 0.23557692307692307 0.019230769230769232 0.04567307692307692
2 0.3125 0.31971153846153844 0.026442307692307692 0.04807692307692308
2 0.7211538461538461 0.3173076923076923 0.016826923076923076 0.04326923076923077
2 0.18629807692307693 0.4987980769230769 0.028846153846153848 0.0673076923076923
3 0.5180288461538461 0.41586538461538464 0.028846153846153848 0.04807692307692308
2 0.3545673076923077 0.38341346153846156 0.02403846153846154 0.06009615384615385
2 0.38822115384615385 0.23557692307692307 0.019230769230769232 0.040865384615384616
2 0.5612980769230769 0.49158653846153844 0.02403846153846154 0.055288461538461536
2 0.6382211538461539 0.3713942307692308 0.021634615384615384 0.05048076923076923
2 0.7463942307692307 0.4206730769230769 0.021634615384615384 0.052884615384615384
2 0.6382211538461539 0.6213942307692307 0.03125 0.07211538461538461
2 0.5216346153846154 0.46153846153846156 0.028846153846153848 0.055288461538461536
2 0.17548076923076922 0.35336538461538464 0.028846153846153848 0.06009615384615385
2 0.6862980769230769 0.6165865384615384 0.04567307692307692 0.0625
2 0.7992788461538461 0.5072115384615384 0.026442307692307692 0.0625
3 0.6502403846153846 0.17427884615384615 0.016826923076923076 0.036057692307692304
2 0.6021634615384616 0.4891826923076923 0.036057692307692304 0.057692307692307696
0 0.5588942307692307 0.5288461538461539 0.007211538461538462 0.01201923076923077