2 0.6225961538461539 0.34975961538461536 0.019230769230769232 0.04326923076923077
2 0.30649038461538464 0.3425480769230769 0.014423076923076924 0.026442307692307692
2 0.5024038461538461 0.29927884615384615 0.014423076923076924 0.036057692307692304
2 0.3173076923076923 0.38341346153846156 0.014423076923076924 0.038461538461538464
2 0.47115384615384615 0.3016826923076923 0.014423076923076924 0.03365384615384615
2 0.6274038461538461 0.37740384615384615 0.019230769230769232 0.05048076923076923
1 0.7319711538461539 0.2824519230769231 0.014423076923076924 0.038461538461538464
2 0.16706730769230768 0.3870192307692308 0.01201923076923077 0.036057692307692304
2 0.5420673076923077 0.3245192307692308 0.014423076923076924 0.038461538461538464
2 0.33533653846153844 0.41586538461538464 0.014423076923076924 0.040865384615384616
2 0.5612980769230769 0.3581730769230769 0.01201923076923077 0.040865384615384616
2 0.2824519230769231 0.3449519230769231 0.01201923076923077 0.03365384615384615
2 0.41346153846153844 0.3425480769230769 0.014423076923076924 0.036057692307692304
3 0.9362980769230769 0.5528846153846154 0.026442307692307692 0.06971153846153846
2 0.49278846153846156 0.4567307692307692 0.016826923076923076 0.052884615384615384
2 0.18870192307692307 0.4254807692307692 0.016826923076923076 0.04326923076923077
2 0.7992788461538461 0.5072115384615384 0.02403846153846154 0.057692307692307696
2 0.5180288461538461 0.4411057692307692 0.016826923076923076 0.04567307692307692
2 0.1814903846153846 0.5348557692307693 0.019230769230769232 0.055288461538461536
2 0.6514423076923077 0.44711538461538464 0.019230769230769232 0.05048076923076923
3 0.47475961538461536 0.4026442307692308 0.019230769230769232 0.04807692307692308
2 0.6778846153846154 0.4387019230769231 0.019230769230769232 0.052884615384615384
0 0.3161057692307692 0.30288461538461536 0.007211538461538462 0.009615384615384616
2 0.18028846153846154 0.5180288461538461 0.019230769230769232 0.055288461538461536
3 0.1346153846153846 0.3293269230769231 0.014423076923076924 0.036057692307692304