3 0.08173076923076923 0.40625 0.019230769230769232 0.036057692307692304
2 0.6826923076923077 0.5360576923076923 0.028846153846153848 0.04567307692307692
2 0.6057692307692307 0.3485576923076923 0.02403846153846154 0.04326923076923077
1 0.7355769230769231 0.2800480769230769 0.021634615384615384 0.04326923076923077
2 0.5168269230769231 0.3629807692307692 0.026442307692307692 0.04807692307692308
2 0.59375 0.35336538461538464 0.019230769230769232 0.04567307692307692
2 0.23076923076923078 0.4375 0.019230769230769232 0.040865384615384616
2 0.71875 0.4411057692307692 0.021634615384615384 0.05048076923076923
2 0.6935096153846154 0.5204326923076923 0.036057692307692304 0.0625
2 0.35096153846153844 0.4639423076923077 0.02403846153846154 0.05048076923076923
2 0.546875 0.33533653846153844 0.019230769230769232 0.040865384615384616
3 0.5120192307692307 0.39783653846153844 0.021634615384615384 0.04807692307692308
2 0.43149038461538464 0.49759615384615385 0.021634615384615384 0.055288461538461536
2 0.6201923076923077 0.4338942307692308 0.03125 0.05048076923076923
2 0.3245192307692308 0.42427884615384615 0.02403846153846154 0.04567307692307692
2 0.46274038461538464 0.5745192307692307 0.028846153846153848 0.0625
2 0.1466346153846154 0.4987980769230769 0.02403846153846154 0.05048076923076923
2 0.16826923076923078 0.5024038461538461 0.021634615384615384 0.05048076923076923
2 0.4519230769230769 0.41947115384615385 0.021634615384615384 0.04567307692307692
2 0.23557692307692307 0.6105769230769231 0.026442307692307692 0.0625
2 0.7439903846153846 0.41225961538461536 0.028846153846153848 0.055288461538461536
2 0.5709134615384616 0.4963942307692308 0.028846153846153848 0.052884615384615384
2 0.2956730769230769 0.6057692307692307 0.03125 0.057692307692307696
0 0.6526442307692307 0.5264423076923077 0.009615384615384616 0.014423076923076924