2 0.5192307692307693 0.3870192307692308 0.026442307692307692 0.04326923076923077
2 0.5252403846153846 0.31971153846153844 0.016826923076923076 0.038461538461538464
2 0.6201923076923077 0.3329326923076923 0.014423076923076924 0.03365384615384615
2 0.40384615384615385 0.30649038461538464 0.019230769230769232 0.040865384615384616
2 0.40865384615384615 0.3798076923076923 0.019230769230769232 0.038461538461538464
2 0.30408653846153844 0.37259615384615385 0.028846153846153848 0.05048076923076923
2 0.6442307692307693 0.3786057692307692 0.019230769230769232 0.04567307692307692
2 0.6502403846153846 0.4254807692307692 0.021634615384615384 0.04326923076923077
2 0.5012019230769231 0.46634615384615385 0.02403846153846154 0.052884615384615384
2 0.3954326923076923 0.3016826923076923 0.019230769230769232 0.04326923076923077
2 0.46875 0.3557692307692308 0.021634615384615384 0.040865384615384616
2 0.7487980769230769 0.5204326923076923 0.02403846153846154 0.055288461538461536
3 0.5649038461538461 0.4074519230769231 0.021634615384615384 0.04807692307692308
2 0.2824519230769231 0.3870192307692308 0.026442307692307692 0.057692307692307696
2 0.30408653846153844 0.3112980769230769 0.021634615384615384 0.04326923076923077
2 0.7247596153846154 0.44711538461538464 0.02403846153846154 0.05048076923076923
2 0.6105769230769231 0.38100961538461536 0.02403846153846154 0.04326923076923077
2 0.7019230769230769 0.43028846153846156 0.019230769230769232 0.04567307692307692
2 0.2764423076923077 0.46033653846153844 0.026442307692307692 0.0625
2 0.5889423076923077 0.45552884615384615 0.02403846153846154 0.04807692307692308
2 0.4266826923076923 0.546875 0.03125 0.06490384615384616
3 0.8557692307692307 0.9663461538461539 0.04807692307692308 0.0673076923076923
0 0.5348557692307693 0.39302884615384615 0.009615384615384616 0.016826923076923076
3 0.3629807692307692 0.21875 0.021634615384615384 0.04326923076923077