3 0.9026442307692307 0.41346153846153844 0.019230769230769232 0.036057692307692304
2 0.44350961538461536 0.3954326923076923 0.019230769230769232 0.040865384615384616
1 0.28365384615384615 0.29447115384615385 0.021634615384615384 0.038461538461538464
2 0.45552884615384615 0.4014423076923077 0.021634615384615384 0.038461538461538464
2 0.4182692307692308 0.34615384615384615 0.021634615384615384 0.04326923076923077
2 0.4375 0.3485576923076923 0.019230769230769232 0.038461538461538464
3 0.4206730769230769 0.38221153846153844 0.021634615384615384 0.04326923076923077
2 0.3786057692307692 0.38341346153846156 0.019230769230769232 0.040865384615384616
2 0.828125 0.5204326923076923 0.021634615384615384 0.05048076923076923
2 0.5024038461538461 0.4182692307692308 0.019230769230769232 0.040865384615384616
2 0.27884615384615385 0.3954326923076923 0.021634615384615384 0.04567307692307692
2 0.7127403846153846 0.4266826923076923 0.019230769230769232 0.040865384615384616
2 0.5492788461538461 0.47836538461538464 0.02403846153846154 0.04567307692307692
2 0.2439903846153846 0.4375 0.021634615384615384 0.04807692307692308
2 0.6177884615384616 0.4254807692307692 0.019230769230769232 0.04326923076923077
2 0.31490384615384615 0.4519230769230769 0.02403846153846154 0.052884615384615384
2 0.4362980769230769 0.47596153846153844 0.02403846153846154 0.05048076923076923
2 0.7992788461538461 0.5192307692307693 0.02403846153846154 0.04807692307692308
2 0.6959134615384616 0.5985576923076923 0.028846153846153848 0.06009615384615385
2 0.49759615384615385 0.5384615384615384 0.02403846153846154 0.06009615384615385
2 0.6646634615384616 0.6021634615384616 0.028846153846153848 0.055288461538461536
2 0.453125 0.3629807692307692 0.021634615384615384 0.04567307692307692