2 0.6694711538461539 0.3076923076923077 0.008413461538461538 0.036057692307692304
3 0.06610576923076923 0.22716346153846154 0.010817307692307692 0.039663461538461536
2 0.5300480769230769 0.2620192307692308 0.007211538461538462 0.03245192307692308
0 0.5793269230769231 0.30649038461538464 0.007211538461538462 0.010817307692307692
2 0.4411057692307692 0.22115384615384615 0.010817307692307692 0.03365384615384615
2 0.4987980769230769 0.2824519230769231 0.010817307692307692 0.04447115384615385
2 0.3713942307692308 0.31009615384615385 0.010817307692307692 0.04927884615384615
2 0.5216346153846154 0.39783653846153844 0.015625 0.05048076923076923
2 0.25961538461538464 0.24759615384615385 0.008413461538461538 0.04447115384615385
1 0.8774038461538461 0.28846153846153844 0.01201923076923077 0.05048076923076923
2 0.22115384615384615 0.2439903846153846 0.008413461538461538 0.042067307692307696
3 0.48197115384615385 0.3125 0.010817307692307692 0.04807692307692308
2 0.22596153846153846 0.29927884615384615 0.009615384615384616 0.04807692307692308
2 0.4639423076923077 0.23076923076923078 0.015625 0.038461538461538464
2 0.5408653846153846 0.30408653846153844 0.014423076923076924 0.04807692307692308
2 0.1502403846153846 0.32572115384615385 0.010817307692307692 0.046875
2 0.06009615384615385 0.28846153846153844 0.010817307692307692 0.04807692307692308
2 0.421875 0.3449519230769231 0.018028846153846152 0.04927884615384615
2 0.6754807692307693 0.3389423076923077 0.01201923076923077 0.057692307692307696
2 0.23197115384615385 0.36658653846153844 0.013221153846153846 0.057692307692307696
2 0.7247596153846154 0.35336538461538464 0.013221153846153846 0.055288461538461536
2 0.2980769230769231 0.33052884615384615 0.019230769230769232 0.04567307692307692
2 0.08413461538461539 0.48197115384615385 0.021634615384615384 0.06610576923076923
2 0.8016826923076923 0.6502403846153846 0.030048076923076924 0.07451923076923077