2 0.47716346153846156 0.3425480769230769 0.008413461538461538 0.042067307692307696
1 0.7572115384615384 0.3389423076923077 0.01201923076923077 0.038461538461538464
2 0.48197115384615385 0.33533653846153844 0.008413461538461538 0.039663461538461536
3 0.10576923076923077 0.2980769230769231 0.010817307692307692 0.03485576923076923
2 0.125 0.3858173076923077 0.008413461538461538 0.04326923076923077
2 0.3894230769230769 0.44591346153846156 0.013221153846153846 0.042067307692307696
2 0.16105769230769232 0.5084134615384616 0.010817307692307692 0.055288461538461536
3 0.421875 0.39783653846153844 0.008413461538461538 0.04326923076923077
2 0.5300480769230769 0.38822115384615385 0.016826923076923076 0.038461538461538464
2 0.2848557692307692 0.3545673076923077 0.007211538461538462 0.036057692307692304
2 0.5901442307692307 0.4110576923076923 0.015625 0.042067307692307696
2 0.1502403846153846 0.40384615384615385 0.010817307692307692 0.04447115384615385
2 0.2439903846153846 0.34975961538461536 0.007211538461538462 0.039663461538461536
2 0.2848557692307692 0.4026442307692308 0.009615384615384616 0.038461538461538464
2 0.5420673076923077 0.36658653846153844 0.01201923076923077 0.042067307692307696
2 0.5721153846153846 0.4651442307692308 0.007211538461538462 0.046875
2 0.6586538461538461 0.47596153846153844 0.010817307692307692 0.04447115384615385
2 0.4735576923076923 0.46875 0.008413461538461538 0.039663461538461536
2 0.4891826923076923 0.4170673076923077 0.01201923076923077 0.042067307692307696
2 0.1875 0.5192307692307693 0.010817307692307692 0.04927884615384615
2 0.7560096153846154 0.6141826923076923 0.013221153846153846 0.0625
2 0.38100961538461536 0.5180288461538461 0.010817307692307692 0.057692307692307696
3 0.8822115384615384 0.6802884615384616 0.016826923076923076 0.07451923076923077
0 0.390625 0.46634615384615385 0.006009615384615385 0.008413461538461538
2 0.4170673076923077 0.39903846153846156 0.010817307692307692 0.042067307692307696