2 0.6995192307692307 0.41346153846153844 0.014423076923076924 0.04567307692307692
2 0.7007211538461539 0.3425480769230769 0.01201923076923077 0.04807692307692308
2 0.6069711538461539 0.3485576923076923 0.019230769230769232 0.04807692307692308
2 0.6538461538461539 0.3701923076923077 0.01201923076923077 0.04567307692307692
2 0.7475961538461539 0.36658653846153844 0.014423076923076924 0.04567307692307692
2 0.2620192307692308 0.2704326923076923 0.014423076923076924 0.04567307692307692
2 0.7307692307692307 0.37740384615384615 0.016826923076923076 0.052884615384615384
2 0.7608173076923077 0.4266826923076923 0.016826923076923076 0.055288461538461536
2 0.6658653846153846 0.3858173076923077 0.016826923076923076 0.052884615384615384
2 0.5324519230769231 0.3233173076923077 0.016826923076923076 0.04326923076923077
2 0.37259615384615385 0.44591346153846156 0.016826923076923076 0.06490384615384616
3 0.5997596153846154 0.390625 0.016826923076923076 0.057692307692307696
2 0.24278846153846154 0.2956730769230769 0.014423076923076924 0.04807692307692308
2 0.4987980769230769 0.3581730769230769 0.016826923076923076 0.05048076923076923
2 0.6899038461538461 0.4411057692307692 0.021634615384615384 0.06009615384615385
2 0.15264423076923078 0.35216346153846156 0.016826923076923076 0.052884615384615384
2 0.36177884615384615 0.45072115384615385 0.019230769230769232 0.06490384615384616
2 0.4543269230769231 0.38341346153846156 0.016826923076923076 0.055288461538461536
1 0.7584134615384616 0.32211538461538464 0.019230769230769232 0.05048076923076923
0 0.5769230769230769 0.30528846153846156 0.007211538461538462 0.01201923076923077
2 0.59375 0.3389423076923077 0.021634615384615384 0.04567307692307692
2 0.6237980769230769 0.3088942307692308 0.016826923076923076 0.04326923076923077
2 0.6346153846153846 0.3137019230769231 0.019230769230769232 0.040865384615384616