2 0.6574519230769231 0.32211538461538464 0.019230769230769232 0.04326923076923077
2 0.4519230769230769 0.2536057692307692 0.014423076923076924 0.03125
2 0.5817307692307693 0.22956730769230768 0.01201923076923077 0.028846153846153848
2 0.5625 0.21754807692307693 0.014423076923076924 0.03125
2 0.6502403846153846 0.3004807692307692 0.021634615384615384 0.04807692307692308
2 0.49038461538461536 0.2668269230769231 0.014423076923076924 0.03125
2 0.27403846153846156 0.2980769230769231 0.016826923076923076 0.03365384615384615
2 0.3605769230769231 0.3112980769230769 0.014423076923076924 0.036057692307692304
2 0.47596153846153844 0.4675480769230769 0.021634615384615384 0.04807692307692308
2 0.27884615384615385 0.39903846153846156 0.021634615384615384 0.04567307692307692
2 0.4543269230769231 0.3545673076923077 0.019230769230769232 0.040865384615384616
1 0.0673076923076923 0.42427884615384615 0.016826923076923076 0.040865384615384616
2 0.09134615384615384 0.5252403846153846 0.02403846153846154 0.05048076923076923
1 0.9507211538461539 0.25721153846153844 0.021634615384615384 0.04567307692307692
2 0.6875 0.41346153846153844 0.021634615384615384 0.05048076923076923
2 0.3581730769230769 0.3557692307692308 0.02403846153846154 0.04326923076923077
3 0.5384615384615384 0.3317307692307692 0.019230769230769232 0.04326923076923077
2 0.5949519230769231 0.3942307692307692 0.021634615384615384 0.05048076923076923
2 0.7584134615384616 0.6009615384615384 0.03365384615384615 0.0673076923076923
2 0.2776442307692308 0.6682692307692307 0.03125 0.06971153846153846
0 0.28846153846153844 0.31009615384615385 0.007211538461538462 0.009615384615384616
3 0.5925480769230769 0.1875 0.014423076923076924 0.03125
2 0.4891826923076923 0.28846153846153844 0.019230769230769232 0.036057692307692304
2 0.6466346153846154 0.2776442307692308 0.016826923076923076 0.036057692307692304
2 0.3581730769230769 0.2439903846153846 0.01201923076923077 0.026442307692307692