2 0.6069711538461539 0.38100961538461536 0.019230769230769232 0.03365384615384615
2 0.328125 0.36538461538461536 0.02403846153846154 0.05048076923076923
2 0.13581730769230768 0.44711538461538464 0.03125 0.06009615384615385
2 0.7019230769230769 0.4170673076923077 0.021634615384615384 0.040865384615384616
2 0.4951923076923077 0.4338942307692308 0.03125 0.04326923076923077
2 0.4387019230769231 0.32091346153846156 0.019230769230769232 0.040865384615384616
2 0.6069711538461539 0.4855769230769231 0.02403846153846154 0.052884615384615384
2 0.19110576923076922 0.6286057692307693 0.026442307692307692 0.06009615384615385
2 0.46033653846153844 0.4579326923076923 0.021634615384615384 0.04567307692307692
2 0.41346153846153844 0.5685096153846154 0.026442307692307692 0.057692307692307696
2 0.16826923076923078 0.4675480769230769 0.02403846153846154 0.057692307692307696
2 0.31490384615384615 0.3737980769230769 0.021634615384615384 0.040865384615384616
2 0.7415865384615384 0.5180288461538461 0.021634615384615384 0.04807692307692308
3 0.4807692307692308 0.48197115384615385 0.02403846153846154 0.055288461538461536
2 0.6430288461538461 0.7487980769230769 0.038461538461538464 0.07692307692307693
2 0.2620192307692308 0.6165865384615384 0.028846153846153848 0.0625
2 0.6862980769230769 0.5564903846153846 0.026442307692307692 0.052884615384615384
2 0.4951923076923077 0.5432692307692307 0.03125 0.06009615384615385
2 0.6862980769230769 0.6766826923076923 0.03365384615384615 0.06971153846153846
3 0.8365384615384616 0.9603365384615384 0.04326923076923077 0.07932692307692307
3 0.34975961538461536 0.24158653846153846 0.016826923076923076 0.03365384615384615
0 0.49158653846153844 0.4206730769230769 0.007211538461538462 0.007211538461538462
2 0.46033653846153844 0.44471153846153844 0.019230769230769232 0.040865384615384616
2 0.7439903846153846 0.5024038461538461 0.019230769230769232 0.04567307692307692