2 0.5372596153846154 0.2824519230769231 0.009615384615384616 0.03365384615384615
2 0.265625 0.33533653846153844 0.01201923076923077 0.04807692307692308
2 0.0985576923076923 0.46033653846153844 0.019230769230769232 0.055288461538461536
2 0.6370192307692307 0.29447115384615385 0.01201923076923077 0.038461538461538464
2 0.4423076923076923 0.3605769230769231 0.019230769230769232 0.038461538461538464
2 0.36177884615384615 0.265625 0.009615384615384616 0.038461538461538464
2 0.5637019230769231 0.38461538461538464 0.009615384615384616 0.05048076923076923
2 0.1971153846153846 0.6213942307692307 0.01201923076923077 0.06009615384615385
2 0.41586538461538464 0.39302884615384615 0.01201923076923077 0.04326923076923077
2 0.39663461538461536 0.5108173076923077 0.01201923076923077 0.057692307692307696
2 0.13581730769230768 0.4723557692307692 0.009615384615384616 0.055288461538461536
2 0.2536057692307692 0.34615384615384615 0.014423076923076924 0.038461538461538464
2 0.7007211538461539 0.38341346153846156 0.009615384615384616 0.04807692307692308
3 0.4411057692307692 0.4098557692307692 0.01201923076923077 0.052884615384615384
2 0.6610576923076923 0.6286057692307693 0.019230769230769232 0.07211538461538461
2 0.2620192307692308 0.59375 0.014423076923076924 0.06009615384615385
2 0.65625 0.4338942307692308 0.014423076923076924 0.05048076923076923
2 0.46875 0.4675480769230769 0.019230769230769232 0.055288461538461536
2 0.6850961538461539 0.5492788461538461 0.019230769230769232 0.0673076923076923
3 0.8990384615384616 0.7896634615384616 0.02403846153846154 0.07932692307692307
3 0.25721153846153844 0.21153846153846154 0.009615384615384616 0.03125
0 0.4362980769230769 0.34975961538461536 0.004807692307692308 0.007211538461538462
2 0.41225961538461536 0.3786057692307692 0.009615384615384616 0.038461538461538464
2 0.6983173076923077 0.36778846153846156 0.009615384615384616 0.04567307692307692