2 0.5829326923076923 0.21875 0.014423076923076924 0.04567307692307692
2 0.4879807692307692 0.2091346153846154 0.01201923076923077 0.03125
2 0.37740384615384615 0.2692307692307692 0.009615384615384616 0.04807692307692308
2 0.4699519230769231 0.2091346153846154 0.01201923076923077 0.040865384615384616
2 0.5721153846153846 0.21875 0.01201923076923077 0.04326923076923077
2 0.5889423076923077 0.20793269230769232 0.016826923076923076 0.03125
2 0.265625 0.25 0.01201923076923077 0.04807692307692308
3 0.24639423076923078 0.23197115384615385 0.01201923076923077 0.040865384615384616
2 0.24759615384615385 0.30408653846153844 0.01201923076923077 0.04807692307692308
2 0.49759615384615385 0.2704326923076923 0.01201923076923077 0.04807692307692308
2 0.44711538461538464 0.2848557692307692 0.01201923076923077 0.05048076923076923
2 0.8605769230769231 0.40024038461538464 0.016826923076923076 0.06490384615384616
2 0.5865384615384616 0.33774038461538464 0.016826923076923076 0.055288461538461536
2 0.35096153846153844 0.36658653846153844 0.016826923076923076 0.06009615384615385
2 0.7836538461538461 0.33533653846153844 0.016826923076923076 0.0625
2 0.20072115384615385 0.5240384615384616 0.02403846153846154 0.07451923076923077
2 0.8293269230769231 0.37740384615384615 0.016826923076923076 0.06490384615384616
3 0.6454326923076923 0.3004807692307692 0.016826923076923076 0.055288461538461536
2 0.6454326923076923 0.4483173076923077 0.021634615384615384 0.0673076923076923
2 0.7439903846153846 0.4170673076923077 0.021634615384615384 0.0673076923076923
2 0.7199519230769231 0.7596153846153846 0.03125 0.09375
0 0.5180288461538461 0.21875 0.007211538461538462 0.01201923076923077
2 0.5733173076923077 0.20192307692307693 0.009615384615384616 0.038461538461538464