1 0.8858173076923077 0.2668269230769231 0.014423076923076924 0.03125
2 0.4639423076923077 0.23798076923076922 0.007211538461538462 0.03365384615384615
2 0.29086538461538464 0.3233173076923077 0.009615384615384616 0.036057692307692304
2 0.65625 0.2980769230769231 0.01201923076923077 0.04326923076923077
2 0.3137019230769231 0.27163461538461536 0.007211538461538462 0.03125
2 0.28966346153846156 0.35216346153846156 0.01201923076923077 0.04326923076923077
2 0.46875 0.2956730769230769 0.009615384615384616 0.040865384615384616
1 0.002403846153846154 0.38822115384615385 0.004807692307692308 0.04567307692307692
2 0.7415865384615384 0.23197115384615385 0.009615384615384616 0.03365384615384615
2 0.8497596153846154 0.3473557692307692 0.01201923076923077 0.038461538461538464
2 0.6081730769230769 0.38341346153846156 0.01201923076923077 0.04326923076923077
2 0.8149038461538461 0.3401442307692308 0.01201923076923077 0.04807692307692308
2 0.2692307692307692 0.5552884615384616 0.014423076923076924 0.057692307692307696
2 0.49038461538461536 0.28966346153846156 0.01201923076923077 0.038461538461538464
2 0.2512019230769231 0.6911057692307693 0.014423076923076924 0.06490384615384616
3 0.38822115384615385 0.3737980769230769 0.01201923076923077 0.04567307692307692
2 0.6682692307692307 0.6033653846153846 0.02403846153846154 0.0673076923076923
2 0.6923076923076923 0.3762019230769231 0.016826923076923076 0.04567307692307692
2 0.265625 0.4254807692307692 0.009615384615384616 0.055288461538461536
2 0.33653846153846156 0.49158653846153844 0.014423076923076924 0.055288461538461536
2 0.5889423076923077 0.5012019230769231 0.014423076923076924 0.057692307692307696
2 0.3425480769230769 0.27283653846153844 0.009615384615384616 0.03365384615384615
3 0.31850961538461536 0.2091346153846154 0.007211538461538462 0.03125
0 0.84375 0.2980769230769231 0.004807692307692308 0.007211538461538462