2 0.4579326923076923 0.25721153846153844 0.01201923076923077 0.028846153846153848
2 0.47836538461538464 0.46875 0.01201923076923077 0.04807692307692308
2 0.4735576923076923 0.296875 0.009615384615384616 0.028846153846153848
2 0.5576923076923077 0.2439903846153846 0.009615384615384616 0.028846153846153848
3 0.4735576923076923 0.7728365384615384 0.02403846153846154 0.08653846153846154
2 0.36658653846153844 0.3088942307692308 0.009615384615384616 0.038461538461538464
2 0.5793269230769231 0.25600961538461536 0.009615384615384616 0.028846153846153848
2 0.40625 0.32211538461538464 0.01201923076923077 0.038461538461538464
2 0.3329326923076923 0.38461538461538464 0.009615384615384616 0.040865384615384616
2 0.6322115384615384 0.3088942307692308 0.01201923076923077 0.036057692307692304
1 0.05889423076923077 0.38221153846153844 0.014423076923076924 0.038461538461538464
2 0.25961538461538464 0.3076923076923077 0.01201923076923077 0.03365384615384615
2 0.6730769230769231 0.43509615384615385 0.014423076923076924 0.04567307692307692
3 0.5540865384615384 0.3545673076923077 0.01201923076923077 0.040865384615384616
2 0.4206730769230769 0.3701923076923077 0.01201923076923077 0.040865384615384616
2 0.6622596153846154 0.36778846153846156 0.014423076923076924 0.04326923076923077
1 0.9387019230769231 0.3389423076923077 0.016826923076923076 0.04567307692307692
2 0.5889423076923077 0.4050480769230769 0.014423076923076924 0.04567307692307692
2 0.49278846153846156 0.3581730769230769 0.01201923076923077 0.038461538461538464
2 0.6514423076923077 0.35216346153846156 0.01201923076923077 0.040865384615384616
2 0.12139423076923077 0.4483173076923077 0.01201923076923077 0.04807692307692308
2 0.3713942307692308 0.7439903846153846 0.02403846153846154 0.07451923076923077
2 0.625 0.5480769230769231 0.019230769230769232 0.052884615384615384
3 0.6009615384615384 0.21995192307692307 0.01201923076923077 0.038461538461538464
2 0.3942307692307692 0.24278846153846154 0.01201923076923077 0.038461538461538464
0 0.2692307692307692 0.32211538461538464 0.004807692307692308 0.009615384615384616