2 0.4963942307692308 0.25 0.007211538461538462 0.026442307692307692
2 0.49759615384615385 0.45072115384615385 0.007211538461538462 0.04447115384615385
2 0.5084134615384616 0.28846153846153844 0.007211538461538462 0.026442307692307692
2 0.5913461538461539 0.24519230769230768 0.007211538461538462 0.026442307692307692
3 0.4675480769230769 0.7391826923076923 0.015625 0.08173076923076923
2 0.4050480769230769 0.28966346153846156 0.007211538461538462 0.036057692307692304
2 0.6105769230769231 0.25721153846153844 0.007211538461538462 0.025240384615384616
2 0.4411057692307692 0.30649038461538464 0.008413461538461538 0.036057692307692304
2 0.36658653846153844 0.359375 0.007211538461538462 0.038461538461538464
2 0.65625 0.3125 0.007211538461538462 0.03485576923076923
1 0.10697115384615384 0.33413461538461536 0.010817307692307692 0.037259615384615384
2 0.30408653846153844 0.2800480769230769 0.007211538461538462 0.03245192307692308
2 0.6850961538461539 0.4362980769230769 0.008413461538461538 0.04326923076923077
3 0.5793269230769231 0.3485576923076923 0.007211538461538462 0.038461538461538464
2 0.4519230769230769 0.35336538461538464 0.007211538461538462 0.038461538461538464
2 0.6814903846153846 0.3701923076923077 0.008413461538461538 0.042067307692307696
1 0.9447115384615384 0.36658653846153844 0.010817307692307692 0.04326923076923077
2 0.6081730769230769 0.40024038461538464 0.008413461538461538 0.04326923076923077
2 0.5204326923076923 0.3473557692307692 0.008413461538461538 0.037259615384615384
2 0.671875 0.3545673076923077 0.009615384615384616 0.038461538461538464
2 0.15985576923076922 0.4026442307692308 0.007211538461538462 0.04567307692307692
2 0.3737980769230769 0.703125 0.016826923076923076 0.06971153846153846
2 0.6298076923076923 0.5396634615384616 0.015625 0.05048076923076923
3 0.6346153846153846 0.2247596153846154 0.008413461538461538 0.036057692307692304
2 0.4362980769230769 0.22956730769230768 0.008413461538461538 0.036057692307692304
0 0.3112980769230769 0.29447115384615385 0.004807692307692308 0.008413461538461538