2 0.5192307692307693 0.15144230769230768 0.014423076923076924 0.036057692307692304
2 0.5709134615384616 0.14543269230769232 0.014423076923076924 0.04567307692307692
2 0.1875 0.22716346153846154 0.016826923076923076 0.05048076923076923
2 0.8449519230769231 0.3076923076923077 0.03365384615384615 0.06009615384615385
2 0.5925480769230769 0.15985576923076922 0.021634615384615384 0.04807692307692308
2 0.44471153846153844 0.16826923076923078 0.01201923076923077 0.04567307692307692
2 0.4050480769230769 0.171875 0.014423076923076924 0.052884615384615384
2 0.34975961538461536 0.22235576923076922 0.014423076923076924 0.04807692307692308
2 0.4795673076923077 0.21394230769230768 0.021634615384615384 0.040865384615384616
2 0.21634615384615385 0.27163461538461536 0.019230769230769232 0.052884615384615384
2 0.5108173076923077 0.21033653846153846 0.026442307692307692 0.052884615384615384
2 0.4230769230769231 0.20432692307692307 0.016826923076923076 0.04807692307692308
2 0.7980769230769231 0.2620192307692308 0.021634615384615384 0.06490384615384616
2 0.5576923076923077 0.28846153846153844 0.016826923076923076 0.057692307692307696
2 0.6382211538461539 0.38221153846153844 0.026442307692307692 0.07211538461538461
2 0.859375 0.3269230769230769 0.03125 0.0673076923076923
2 0.31850961538461536 0.32572115384615385 0.02403846153846154 0.06490384615384616
2 0.15264423076923078 0.46634615384615385 0.03125 0.07451923076923077
3 0.5901442307692307 0.25600961538461536 0.016826923076923076 0.057692307692307696
2 0.6838942307692307 0.2848557692307692 0.021634615384615384 0.0625
2 0.7608173076923077 0.6826923076923077 0.04807692307692308 0.10576923076923077
0 0.4254807692307692 0.22355769230769232 0.004807692307692308 0.009615384615384616
3 0.18269230769230768 0.18870192307692307 0.016826923076923076 0.04807692307692308