3 0.6875 0.2536057692307692 0.01201923076923077 0.03125
2 0.7824519230769231 0.4338942307692308 0.014423076923076924 0.04567307692307692
2 0.5973557692307693 0.31009615384615385 0.009615384615384616 0.03125
2 0.4110576923076923 0.3076923076923077 0.01201923076923077 0.040865384615384616
2 0.3449519230769231 0.3389423076923077 0.014423076923076924 0.040865384615384616
2 0.5805288461538461 0.37259615384615385 0.01201923076923077 0.040865384615384616
2 0.7740384615384616 0.5276442307692307 0.016826923076923076 0.04807692307692308
2 0.3389423076923077 0.2776442307692308 0.01201923076923077 0.03365384615384615
2 0.38822115384615385 0.3161057692307692 0.016826923076923076 0.036057692307692304
2 0.4735576923076923 0.28846153846153844 0.01201923076923077 0.036057692307692304
2 0.3125 0.31850961538461536 0.01201923076923077 0.038461538461538464
2 0.5913461538461539 0.3485576923076923 0.016826923076923076 0.038461538461538464
2 0.6274038461538461 0.2932692307692308 0.01201923076923077 0.036057692307692304
2 0.20552884615384615 0.3389423076923077 0.014423076923076924 0.04567307692307692
3 0.4014423076923077 0.36177884615384615 0.01201923076923077 0.04807692307692308
2 0.30288461538461536 0.3942307692307692 0.019230769230769232 0.04567307692307692
2 0.5228365384615384 0.5 0.016826923076923076 0.0625
2 0.7848557692307693 0.48197115384615385 0.019230769230769232 0.06009615384615385
2 0.7487980769230769 0.3485576923076923 0.014423076923076924 0.04326923076923077
2 0.6526442307692307 0.421875 0.014423076923076924 0.04807692307692308
2 0.21754807692307693 0.4375 0.014423076923076924 0.057692307692307696
2 0.5985576923076923 0.5913461538461539 0.02403846153846154 0.0673076923076923