2 0.47475961538461536 0.359375 0.01201923076923077 0.04326923076923077
2 0.4807692307692308 0.2536057692307692 0.007211538461538462 0.03365384615384615
1 0.9627403846153846 0.33653846153846156 0.019230769230769232 0.04807692307692308
2 0.6033653846153846 0.265625 0.01201923076923077 0.038461538461538464
2 0.6526442307692307 0.3473557692307692 0.01201923076923077 0.04807692307692308
2 0.6983173076923077 0.46153846153846156 0.014423076923076924 0.05048076923076923
2 0.5600961538461539 0.6478365384615384 0.026442307692307692 0.057692307692307696
2 0.4026442307692308 0.31490384615384615 0.01201923076923077 0.04567307692307692
2 0.27524038461538464 0.359375 0.01201923076923077 0.05048076923076923
2 0.13942307692307693 0.5072115384615384 0.016826923076923076 0.0625
2 0.21754807692307693 0.7055288461538461 0.021634615384615384 0.07451923076923077
2 0.25 0.5300480769230769 0.016826923076923076 0.057692307692307696
2 0.5637019230769231 0.2512019230769231 0.009615384615384616 0.038461538461538464
2 0.6622596153846154 0.3449519230769231 0.014423076923076924 0.04807692307692308
2 0.33413461538461536 0.5228365384615384 0.016826923076923076 0.055288461538461536
3 0.5240384615384616 0.40024038461538464 0.01201923076923077 0.05048076923076923
2 0.6634615384615384 0.49278846153846156 0.014423076923076924 0.052884615384615384
2 0.17307692307692307 0.2956730769230769 0.01201923076923077 0.04326923076923077
2 0.13822115384615385 0.7463942307692307 0.021634615384615384 0.07692307692307693
2 0.04927884615384615 0.4879807692307692 0.021634615384615384 0.06009615384615385
0 0.1466346153846154 0.7704326923076923 0.007211538461538462 0.016826923076923076
2 0.37740384615384615 0.2091346153846154 0.01201923076923077 0.038461538461538464
3 0.5913461538461539 0.18509615384615385 0.01201923076923077 0.036057692307692304
2 0.5769230769230769 0.6334134615384616 0.019230769230769232 0.06490384615384616