3 0.09495192307692307 0.39663461538461536 0.016826923076923076 0.036057692307692304
2 0.6923076923076923 0.5360576923076923 0.028846153846153848 0.04567307692307692
2 0.6189903846153846 0.3473557692307692 0.02403846153846154 0.04326923076923077
1 0.7512019230769231 0.28125 0.021634615384615384 0.04326923076923077
2 0.5300480769230769 0.36177884615384615 0.02403846153846154 0.04807692307692308
2 0.6069711538461539 0.35216346153846156 0.019230769230769232 0.04567307692307692
2 0.2439903846153846 0.43028846153846156 0.019230769230769232 0.040865384615384616
2 0.7295673076923077 0.4423076923076923 0.021634615384615384 0.05048076923076923
2 0.703125 0.5216346153846154 0.03365384615384615 0.0625
2 0.3629807692307692 0.4579326923076923 0.02403846153846154 0.05048076923076923
2 0.5612980769230769 0.33413461538461536 0.019230769230769232 0.040865384615384616
3 0.5252403846153846 0.3954326923076923 0.021634615384615384 0.04807692307692308
2 0.4423076923076923 0.49278846153846156 0.021634615384615384 0.055288461538461536
2 0.6334134615384616 0.4338942307692308 0.03125 0.04807692307692308
2 0.33533653846153844 0.4182692307692308 0.021634615384615384 0.04567307692307692
2 0.4723557692307692 0.5709134615384616 0.028846153846153848 0.0625
2 0.15865384615384615 0.49038461538461536 0.02403846153846154 0.05048076923076923
2 0.18028846153846154 0.49399038461538464 0.021634615384615384 0.05048076923076923
2 0.4639423076923077 0.41586538461538464 0.019230769230769232 0.04567307692307692
2 0.2439903846153846 0.6033653846153846 0.026442307692307692 0.0625
2 0.7572115384615384 0.41346153846153844 0.028846153846153848 0.055288461538461536
2 0.5817307692307693 0.49399038461538464 0.028846153846153848 0.052884615384615384
2 0.30408653846153844 0.5997596153846154 0.028846153846153848 0.057692307692307696
0 0.6634615384615384 0.5264423076923077 0.009615384615384616 0.014423076923076924