2 0.6442307692307693 0.2439903846153846 0.016826923076923076 0.038461538461538464
2 0.4855769230769231 0.22956730769230768 0.016826923076923076 0.036057692307692304
0 0.5492788461538461 0.2644230769230769 0.01201923076923077 0.014423076923076924
2 0.38100961538461536 0.20793269230769232 0.019230769230769232 0.038461538461538464
2 0.4579326923076923 0.25841346153846156 0.021634615384615384 0.05048076923076923
2 0.3293269230769231 0.31850961538461536 0.02403846153846154 0.055288461538461536
2 0.5108173076923077 0.3737980769230769 0.028846153846153848 0.055288461538461536
2 0.19591346153846154 0.27884615384615385 0.019230769230769232 0.04807692307692308
1 0.8581730769230769 0.17307692307692307 0.026442307692307692 0.057692307692307696
2 0.15504807692307693 0.2860576923076923 0.019230769230769232 0.04567307692307692
3 0.44711538461538464 0.2956730769230769 0.02403846153846154 0.052884615384615384
2 0.17427884615384615 0.3425480769230769 0.021634615384615384 0.052884615384615384
2 0.4074519230769231 0.21153846153846154 0.026442307692307692 0.04567307692307692
2 0.5072115384615384 0.27163461538461536 0.026442307692307692 0.052884615384615384
2 0.0985576923076923 0.38822115384615385 0.02403846153846154 0.052884615384615384
2 0.003605769230769231 0.37259615384615385 0.007211538461538462 0.052884615384615384
2 0.3918269230769231 0.3425480769230769 0.03125 0.055288461538461536
2 0.6574519230769231 0.27524038461538464 0.026442307692307692 0.06490384615384616
2 0.19591346153846154 0.41225961538461536 0.028846153846153848 0.06490384615384616
2 0.7139423076923077 0.2776442307692308 0.026442307692307692 0.0625
2 0.25721153846153844 0.35697115384615385 0.03125 0.052884615384615384
2 0.0673076923076923 0.5697115384615384 0.038461538461538464 0.07451923076923077
2 0.8677884615384616 0.5733173076923077 0.05048076923076923 0.08653846153846154