2 0.6370192307692307 0.3605769230769231 0.008413461538461538 0.03125
2 0.7247596153846154 0.36658653846153844 0.010817307692307692 0.03365384615384615
2 0.43028846153846156 0.4074519230769231 0.013221153846153846 0.030048076923076924
2 0.47836538461538464 0.30288461538461536 0.007211538461538462 0.025240384615384616
2 0.4170673076923077 0.42788461538461536 0.015625 0.038461538461538464
2 0.4639423076923077 0.5685096153846154 0.016826923076923076 0.05048076923076923
2 0.6802884615384616 0.3545673076923077 0.008413461538461538 0.03245192307692308
2 0.6622596153846154 0.3954326923076923 0.007211538461538462 0.030048076923076924
2 0.5252403846153846 0.3485576923076923 0.009615384615384616 0.028846153846153848
2 0.42427884615384615 0.3401442307692308 0.010817307692307692 0.030048076923076924
3 0.47475961538461536 0.3858173076923077 0.014423076923076924 0.037259615384615384
2 0.49759615384615385 0.31009615384615385 0.01201923076923077 0.026442307692307692
2 0.5612980769230769 0.4639423076923077 0.020432692307692308 0.04927884615384615
2 0.27524038461538464 0.5673076923076923 0.010817307692307692 0.051682692307692304
2 0.515625 0.43990384615384615 0.010817307692307692 0.039663461538461536
2 0.7584134615384616 0.4639423076923077 0.010817307692307692 0.046875
2 0.7596153846153846 0.38822115384615385 0.01201923076923077 0.038461538461538464
2 0.7740384615384616 0.4483173076923077 0.01201923076923077 0.042067307692307696
2 0.359375 0.4110576923076923 0.008413461538461538 0.03485576923076923
3 0.10336538461538461 0.6947115384615384 0.020432692307692308 0.0625
2 0.2980769230769231 0.4651442307692308 0.007211538461538462 0.04326923076923077
2 0.6658653846153846 0.3233173076923077 0.007211538461538462 0.03245192307692308
3 0.7487980769230769 0.29927884615384615 0.006009615384615385 0.030048076923076924
0 0.4098557692307692 0.44471153846153844 0.004807692307692308 0.007211538461538462
1 0.14903846153846154 0.36778846153846156 0.010817307692307692 0.037259615384615384