2 0.33052884615384615 0.2860576923076923 0.019230769230769232 0.04326923076923077
1 0.06610576923076923 0.3581730769230769 0.019230769230769232 0.04326923076923077
2 0.38221153846153844 0.5024038461538461 0.03125 0.0673076923076923
2 0.7716346153846154 0.23798076923076922 0.019230769230769232 0.040865384615384616
2 0.18629807692307693 0.4651442307692308 0.019230769230769232 0.055288461538461536
2 0.6358173076923077 0.21754807692307693 0.014423076923076924 0.036057692307692304
2 0.7824519230769231 0.24759615384615385 0.016826923076923076 0.04567307692307692
2 0.6754807692307693 0.328125 0.02403846153846154 0.04807692307692308
2 0.26322115384615385 0.3125 0.016826923076923076 0.04326923076923077
2 0.796875 0.515625 0.026442307692307692 0.0673076923076923
3 0.4639423076923077 0.41947115384615385 0.028846153846153848 0.05048076923076923
2 0.6310096153846154 0.39302884615384615 0.02403846153846154 0.06009615384615385
2 0.6021634615384616 0.24278846153846154 0.019230769230769232 0.04326923076923077
2 0.4182692307692308 0.4951923076923077 0.021634615384615384 0.055288461538461536
2 0.3449519230769231 0.3701923076923077 0.019230769230769232 0.05048076923076923
2 0.23317307692307693 0.41586538461538464 0.021634615384615384 0.052884615384615384
2 0.33653846153846156 0.6237980769230769 0.028846153846153848 0.07211538461538461
2 0.46033653846153844 0.4651442307692308 0.026442307692307692 0.055288461538461536
2 0.8125 0.36778846153846156 0.026442307692307692 0.06009615384615385
2 0.2848557692307692 0.6165865384615384 0.04326923076923077 0.06490384615384616
2 0.17548076923076922 0.5012019230769231 0.02403846153846154 0.0625
3 0.9927884615384616 0.7572115384615384 0.014423076923076924 0.10096153846153846
3 0.3401442307692308 0.16947115384615385 0.016826923076923076 0.036057692307692304
2 0.375 0.49038461538461536 0.03365384615384615 0.057692307692307696
0 0.41947115384615385 0.5300480769230769 0.007211538461538462 0.01201923076923077