3 0.6694711538461539 0.22115384615384615 0.01201923076923077 0.03365384615384615
2 0.8028846153846154 0.39663461538461536 0.016826923076923076 0.05048076923076923
2 0.5841346153846154 0.29927884615384615 0.01201923076923077 0.03365384615384615
2 0.38461538461538464 0.33052884615384615 0.014423076923076924 0.04326923076923077
2 0.32211538461538464 0.37740384615384615 0.016826923076923076 0.04326923076923077
2 0.578125 0.36778846153846156 0.014423076923076924 0.04326923076923077
2 0.8112980769230769 0.4951923076923077 0.019230769230769232 0.052884615384615384
2 0.3016826923076923 0.3112980769230769 0.01201923076923077 0.036057692307692304
2 0.36177884615384615 0.3449519230769231 0.016826923076923076 0.038461538461538464
2 0.4483173076923077 0.2980769230769231 0.014423076923076924 0.038461538461538464
2 0.2824519230769231 0.359375 0.014423076923076924 0.04326923076923077
2 0.5853365384615384 0.3401442307692308 0.019230769230769232 0.04326923076923077
2 0.6129807692307693 0.27403846153846156 0.014423076923076924 0.040865384615384616
2 0.17307692307692307 0.4026442307692308 0.016826923076923076 0.05048076923076923
3 0.3858173076923077 0.390625 0.014423076923076924 0.05048076923076923
2 0.2860576923076923 0.4423076923076923 0.019230769230769232 0.05048076923076923
2 0.5408653846153846 0.5120192307692307 0.019230769230769232 0.0673076923076923
2 0.8161057692307693 0.44471153846153844 0.019230769230769232 0.06490384615384616
2 0.7512019230769231 0.31009615384615385 0.016826923076923076 0.04567307692307692
2 0.6634615384615384 0.40625 0.014423076923076924 0.052884615384615384
2 0.203125 0.5048076923076923 0.016826923076923076 0.0625
2 0.6382211538461539 0.5973557692307693 0.026442307692307692 0.07211538461538461