2 0.4387019230769231 0.28846153846153844 0.019230769230769232 0.04326923076923077
1 0.17668269230769232 0.24879807692307693 0.019230769230769232 0.04326923076923077
2 0.39903846153846156 0.5 0.03365384615384615 0.06490384615384616
2 0.8449519230769231 0.41947115384615385 0.016826923076923076 0.038461538461538464
2 0.2403846153846154 0.390625 0.019230769230769232 0.052884615384615384
2 0.734375 0.34975961538461536 0.016826923076923076 0.03365384615384615
2 0.8521634615384616 0.4326923076923077 0.019230769230769232 0.04567307692307692
2 0.7259615384615384 0.46274038461538464 0.026442307692307692 0.04807692307692308
2 0.36778846153846156 0.2860576923076923 0.016826923076923076 0.040865384615384616
2 0.7596153846153846 0.6742788461538461 0.028846153846153848 0.06490384615384616
3 0.5036057692307693 0.45913461538461536 0.026442307692307692 0.04807692307692308
2 0.6610576923076923 0.5012019230769231 0.02403846153846154 0.057692307692307696
2 0.6947115384615384 0.35697115384615385 0.019230769230769232 0.040865384615384616
2 0.4338942307692308 0.5084134615384616 0.02403846153846154 0.052884615384615384
2 0.4182692307692308 0.36899038461538464 0.019230769230769232 0.04807692307692308
2 0.3016826923076923 0.36658653846153844 0.021634615384615384 0.05048076923076923
2 0.3112980769230769 0.5901442307692307 0.028846153846153848 0.06971153846153846
2 0.48197115384615385 0.4987980769230769 0.026442307692307692 0.052884615384615384
2 0.8305288461538461 0.5516826923076923 0.028846153846153848 0.057692307692307696
2 0.2692307692307692 0.5637019230769231 0.04326923076923077 0.0625
2 0.21754807692307693 0.4182692307692308 0.026442307692307692 0.0625
3 0.8521634615384616 0.9615384615384616 0.05048076923076923 0.07692307692307693
3 0.49278846153846156 0.19110576923076922 0.016826923076923076 0.03365384615384615
2 0.39783653846153844 0.4879807692307692 0.03365384615384615 0.057692307692307696
0 0.4206730769230769 0.5408653846153846 0.007211538461538462 0.01201923076923077