1 0.8161057692307693 0.36899038461538464 0.016826923076923076 0.03365384615384615
2 0.29927884615384615 0.3173076923076923 0.016826923076923076 0.040865384615384616
2 0.46153846153846156 0.29927884615384615 0.01201923076923077 0.036057692307692304
2 0.3449519230769231 0.24759615384615385 0.01201923076923077 0.03125
2 0.2824519230769231 0.34975961538461536 0.016826923076923076 0.04567307692307692
2 0.4987980769230769 0.2548076923076923 0.01201923076923077 0.028846153846153848
2 0.625 0.3329326923076923 0.014423076923076924 0.038461538461538464
2 0.35697115384615385 0.25240384615384615 0.01201923076923077 0.03125
2 0.2403846153846154 0.46153846153846156 0.019230769230769232 0.05048076923076923
2 0.7331730769230769 0.29927884615384615 0.014423076923076924 0.03125
2 0.5685096153846154 0.38822115384615385 0.016826923076923076 0.040865384615384616
2 0.8485576923076923 0.4723557692307692 0.02403846153846154 0.04326923076923077
2 0.7295673076923077 0.40384615384615385 0.016826923076923076 0.040865384615384616
2 0.6466346153846154 0.4098557692307692 0.016826923076923076 0.040865384615384616
2 0.3245192307692308 0.4338942307692308 0.02403846153846154 0.052884615384615384
3 0.39903846153846156 0.3485576923076923 0.016826923076923076 0.040865384615384616
2 0.23317307692307693 0.6262019230769231 0.028846153846153848 0.0625
2 0.6045673076923077 0.6478365384615384 0.03365384615384615 0.06490384615384616
2 0.5180288461538461 0.5180288461538461 0.02403846153846154 0.055288461538461536
3 0.3485576923076923 0.1971153846153846 0.019230769230769232 0.038461538461538464
2 0.30408653846153844 0.3016826923076923 0.014423076923076924 0.040865384615384616
2 0.6033653846153846 0.24158653846153846 0.014423076923076924 0.03365384615384615
2 0.4675480769230769 0.2824519230769231 0.016826923076923076 0.036057692307692304
0 0.8064903846153846 0.3798076923076923 0.004807692307692308 0.009615384615384616