2 0.3004807692307692 0.3942307692307692 0.01201923076923077 0.04326923076923077
2 0.3016826923076923 0.328125 0.009615384615384616 0.04326923076923077
2 0.390625 0.33653846153846156 0.016826923076923076 0.04567307692307692
2 0.34375 0.3557692307692308 0.01201923076923077 0.040865384615384616
2 0.25841346153846156 0.3485576923076923 0.01201923076923077 0.04326923076923077
3 0.9627403846153846 0.23076923076923078 0.014423076923076924 0.04326923076923077
2 0.7127403846153846 0.27524038461538464 0.01201923076923077 0.04326923076923077
2 0.27163461538461536 0.359375 0.014423076923076924 0.04807692307692308
2 0.24278846153846154 0.4050480769230769 0.014423076923076924 0.05048076923076923
2 0.3329326923076923 0.36899038461538464 0.01201923076923077 0.04807692307692308
2 0.45913461538461536 0.31490384615384615 0.014423076923076924 0.040865384615384616
2 0.6033653846153846 0.43509615384615385 0.014423076923076924 0.06009615384615385
3 0.3954326923076923 0.37740384615384615 0.014423076923076924 0.052884615384615384
2 0.7319711538461539 0.29927884615384615 0.01201923076923077 0.04326923076923077
2 0.4891826923076923 0.34975961538461536 0.01201923076923077 0.04807692307692308
2 0.3076923076923077 0.4206730769230769 0.019230769230769232 0.055288461538461536
2 0.8112980769230769 0.3557692307692308 0.014423076923076924 0.05048076923076923
2 0.6141826923076923 0.4387019230769231 0.016826923076923076 0.0625
2 0.5300480769230769 0.375 0.01201923076923077 0.05048076923076923
1 0.24879807692307693 0.30649038461538464 0.014423076923076924 0.04807692307692308
0 0.4182692307692308 0.296875 0.007211538461538462 0.01201923076923077
2 0.4014423076923077 0.328125 0.019230769230769232 0.04326923076923077
2 0.375 0.29927884615384615 0.014423076923076924 0.040865384615384616
2 0.36538461538461536 0.30288461538461536 0.016826923076923076 0.036057692307692304