2 0.5600961538461539 0.27403846153846156 0.021634615384615384 0.05048076923076923
2 0.8629807692307693 0.44350961538461536 0.02403846153846154 0.0673076923076923
3 0.8329326923076923 0.21875 0.019230769230769232 0.04807692307692308
2 0.8701923076923077 0.3894230769230769 0.021634615384615384 0.055288461538461536
2 0.5456730769230769 0.2932692307692308 0.021634615384615384 0.052884615384615384
0 0.41225961538461536 0.38341346153846156 0.009615384615384616 0.014423076923076924
2 0.7223557692307693 0.23557692307692307 0.019230769230769232 0.04326923076923077
2 0.4050480769230769 0.19230769230769232 0.016826923076923076 0.05048076923076923
2 0.6153846153846154 0.20552884615384615 0.021634615384615384 0.04567307692307692
2 0.5288461538461539 0.25240384615384615 0.019230769230769232 0.055288461538461536
2 0.4326923076923077 0.19831730769230768 0.016826923076923076 0.04807692307692308
3 0.6033653846153846 0.3137019230769231 0.021634615384615384 0.06009615384615385
2 0.8341346153846154 0.296875 0.021634615384615384 0.057692307692307696
2 0.7211538461538461 0.29086538461538464 0.019230769230769232 0.06009615384615385
2 0.7007211538461539 0.32211538461538464 0.021634615384615384 0.052884615384615384
2 0.3894230769230769 0.2127403846153846 0.019230769230769232 0.055288461538461536
2 0.3125 0.25600961538461536 0.021634615384615384 0.0673076923076923
2 0.7596153846153846 0.31009615384615385 0.02403846153846154 0.06009615384615385
2 0.4519230769230769 0.28846153846153844 0.021634615384615384 0.057692307692307696
2 0.6418269230769231 0.3233173076923077 0.026442307692307692 0.0625
2 0.3269230769230769 0.3894230769230769 0.03365384615384615 0.07692307692307693
2 0.8245192307692307 0.5420673076923077 0.028846153846153848 0.07932692307692307
2 0.6237980769230769 0.27163461538461536 0.021634615384615384 0.057692307692307696