2 0.5084134615384616 0.2764423076923077 0.016826923076923076 0.04807692307692308
2 0.8173076923076923 0.42788461538461536 0.019230769230769232 0.06490384615384616
3 0.7752403846153846 0.20793269230769232 0.016826923076923076 0.04567307692307692
2 0.8209134615384616 0.3737980769230769 0.019230769230769232 0.052884615384615384
2 0.4963942307692308 0.296875 0.016826923076923076 0.05048076923076923
0 0.36899038461538464 0.3918269230769231 0.007211538461538462 0.014423076923076924
2 0.6670673076923077 0.23076923076923078 0.016826923076923076 0.040865384615384616
2 0.35096153846153844 0.20432692307692307 0.01201923076923077 0.05048076923076923
2 0.5600961538461539 0.20673076923076922 0.019230769230769232 0.04326923076923077
2 0.47716346153846156 0.25721153846153844 0.016826923076923076 0.055288461538461536
2 0.38100961538461536 0.2091346153846154 0.014423076923076924 0.04807692307692308
3 0.5540865384615384 0.31490384615384615 0.019230769230769232 0.057692307692307696
2 0.7800480769230769 0.2848557692307692 0.019230769230769232 0.055288461538461536
2 0.6694711538461539 0.2848557692307692 0.016826923076923076 0.057692307692307696
2 0.6502403846153846 0.3161057692307692 0.016826923076923076 0.05048076923076923
2 0.33774038461538464 0.22596153846153846 0.016826923076923076 0.052884615384615384
2 0.2644230769230769 0.27283653846153844 0.019230769230769232 0.06490384615384616
2 0.7079326923076923 0.30288461538461536 0.019230769230769232 0.057692307692307696
2 0.40384615384615385 0.296875 0.019230769230769232 0.057692307692307696
2 0.5925480769230769 0.32211538461538464 0.02403846153846154 0.06009615384615385
2 0.2848557692307692 0.4014423076923077 0.028846153846153848 0.07451923076923077
2 0.7836538461538461 0.5288461538461539 0.026442307692307692 0.07932692307692307
2 0.5721153846153846 0.27163461538461536 0.019230769230769232 0.055288461538461536