3 0.6935096153846154 0.2644230769230769 0.010817307692307692 0.037259615384615384
0 0.6394230769230769 0.6057692307692307 0.006009615384615385 0.01201923076923077
2 0.6177884615384616 0.29927884615384615 0.009615384615384616 0.039663461538461536
2 0.3293269230769231 0.3269230769230769 0.009615384615384616 0.04807692307692308
2 0.5408653846153846 0.3329326923076923 0.010817307692307692 0.046875
2 0.359375 0.3016826923076923 0.01201923076923077 0.04326923076923077
3 0.008413461538461538 0.8112980769230769 0.016826923076923076 0.09375
2 0.5036057692307693 0.3389423076923077 0.01201923076923077 0.05048076923076923
3 0.42788461538461536 0.40625 0.010817307692307692 0.055288461538461536
2 0.15625 0.6875 0.015625 0.09615384615384616
2 0.30288461538461536 0.36778846153846156 0.014423076923076924 0.05048076923076923
2 0.31490384615384615 0.3786057692307692 0.014423076923076924 0.057692307692307696
2 0.2620192307692308 0.39783653846153844 0.015625 0.0625
2 0.3713942307692308 0.5096153846153846 0.014423076923076924 0.05889423076923077
2 0.3894230769230769 0.4519230769230769 0.015625 0.06610576923076923
2 0.75 0.3473557692307692 0.013221153846153846 0.054086538461538464
2 0.44711538461538464 0.4110576923076923 0.016826923076923076 0.06490384615384616
2 0.21394230769230768 0.4891826923076923 0.015625 0.07211538461538461
2 0.5144230769230769 0.6286057692307693 0.016826923076923076 0.09014423076923077
2 0.9110576923076923 0.5552884615384616 0.020432692307692308 0.078125
2 0.203125 0.7788461538461539 0.027644230769230768 0.10697115384615384
2 0.6478365384615384 0.6838942307692307 0.02283653846153846 0.0889423076923077
2 0.6646634615384616 0.47716346153846156 0.015625 0.06971153846153846
2 0.7055288461538461 0.4387019230769231 0.013221153846153846 0.06129807692307692