3 0.34134615384615385 0.25240384615384615 0.010817307692307692 0.046875
2 0.4483173076923077 0.265625 0.01201923076923077 0.042067307692307696
2 0.8425480769230769 0.35216346153846156 0.008413461538461538 0.05889423076923077
2 0.8112980769230769 0.3233173076923077 0.009615384615384616 0.052884615384615384
2 0.7019230769230769 0.3016826923076923 0.009615384615384616 0.046875
2 0.8401442307692307 0.3137019230769231 0.013221153846153846 0.05048076923076923
2 0.515625 0.30528846153846156 0.008413461538461538 0.05048076923076923
2 0.4735576923076923 0.28365384615384615 0.010817307692307692 0.04447115384615385
2 0.30288461538461536 0.2860576923076923 0.007211538461538462 0.05048076923076923
2 0.890625 0.5757211538461539 0.019230769230769232 0.09254807692307693
2 0.375 0.34134615384615385 0.014423076923076924 0.057692307692307696
2 0.8497596153846154 0.39783653846153844 0.010817307692307692 0.0673076923076923
2 0.7331730769230769 0.38221153846153844 0.015625 0.06370192307692307
2 0.5733173076923077 0.3173076923076923 0.010817307692307692 0.051682692307692304
2 0.8245192307692307 0.35336538461538464 0.013221153846153846 0.06850961538461539
1 0.04567307692307692 0.35336538461538464 0.015625 0.06129807692307692
2 0.6586538461538461 0.3954326923076923 0.014423076923076924 0.055288461538461536
2 0.390625 0.3737980769230769 0.013221153846153846 0.06129807692307692
3 0.6742788461538461 0.359375 0.014423076923076924 0.057692307692307696
2 0.37740384615384615 0.40625 0.013221153846153846 0.0673076923076923
2 0.09254807692307693 0.4182692307692308 0.021634615384615384 0.0673076923076923
3 0.9831730769230769 0.9447115384615384 0.030048076923076924 0.109375
2 0.18389423076923078 0.6850961538461539 0.03125 0.1045673076923077
2 0.8173076923076923 0.7379807692307693 0.02403846153846154 0.1141826923076923
0 0.43028846153846156 0.2848557692307692 0.004807692307692308 0.009615384615384616