2 0.2644230769230769 0.39302884615384615 0.019230769230769232 0.04326923076923077
2 0.5216346153846154 0.2956730769230769 0.019230769230769232 0.040865384615384616
2 0.30408653846153844 0.43990384615384615 0.026442307692307692 0.055288461538461536
2 0.2860576923076923 0.359375 0.019230769230769232 0.038461538461538464
2 0.25721153846153844 0.42427884615384615 0.028846153846153848 0.057692307692307696
0 0.7451923076923077 0.5576923076923077 0.009615384615384616 0.014423076923076924
2 0.140625 0.4963942307692308 0.026442307692307692 0.0625
2 0.4675480769230769 0.33653846153846156 0.02403846153846154 0.04807692307692308
2 0.4182692307692308 0.3629807692307692 0.016826923076923076 0.05048076923076923
3 0.38221153846153844 0.42427884615384615 0.019230769230769232 0.055288461538461536
2 0.15504807692307693 0.5240384615384616 0.02403846153846154 0.06009615384615385
2 0.12980769230769232 0.5901442307692307 0.03365384615384615 0.06490384615384616
2 0.3112980769230769 0.5264423076923077 0.02403846153846154 0.06490384615384616
2 0.31971153846153844 0.2980769230769231 0.014423076923076924 0.038461538461538464
2 0.6382211538461539 0.3293269230769231 0.021634615384615384 0.055288461538461536
2 0.45913461538461536 0.5024038461538461 0.028846153846153848 0.07451923076923077
2 0.5144230769230769 0.5048076923076923 0.03125 0.0673076923076923
2 0.828125 0.47836538461538464 0.03125 0.07211538461538461
2 0.4519230769230769 0.5865384615384616 0.03125 0.08653846153846154
2 0.18990384615384615 0.5444711538461539 0.021634615384615384 0.0673076923076923
2 0.5805288461538461 0.6382211538461539 0.036057692307692304 0.0889423076923077
3 0.6346153846153846 0.23076923076923078 0.016826923076923076 0.038461538461538464