2 0.2620192307692308 0.30408653846153844 0.008413461538461538 0.038461538461538464
2 0.5552884615384616 0.30528846153846156 0.009615384615384616 0.038461538461538464
3 0.8930288461538461 0.6129807692307693 0.02283653846153846 0.07932692307692307
2 0.5240384615384616 0.2848557692307692 0.008413461538461538 0.038461538461538464
2 0.6225961538461539 0.34375 0.009615384615384616 0.04807692307692308
2 0.39663461538461536 0.3473557692307692 0.009615384615384616 0.042067307692307696
2 0.8521634615384616 0.3293269230769231 0.01201923076923077 0.046875
3 0.4891826923076923 0.38461538461538464 0.009615384615384616 0.05048076923076923
2 0.42908653846153844 0.34615384615384615 0.010817307692307692 0.046875
2 0.3125 0.4735576923076923 0.010817307692307692 0.06610576923076923
2 0.5588942307692307 0.38221153846153844 0.015625 0.052884615384615384
2 0.4795673076923077 0.4987980769230769 0.013221153846153846 0.0673076923076923
2 0.6165865384615384 0.3762019230769231 0.01201923076923077 0.054086538461538464
2 0.7451923076923077 0.5192307692307693 0.015625 0.06971153846153846
2 0.6286057692307693 0.5 0.020432692307692308 0.054086538461538464
2 0.41346153846153844 0.5432692307692307 0.025240384615384616 0.0673076923076923
2 0.18028846153846154 0.38221153846153844 0.010817307692307692 0.052884615384615384
2 0.7259615384615384 0.5276442307692307 0.013221153846153846 0.07451923076923077
2 0.5925480769230769 0.5096153846153846 0.01201923076923077 0.06850961538461539
2 0.4387019230769231 0.5324519230769231 0.01201923076923077 0.06610576923076923
2 0.6875 0.4074519230769231 0.014423076923076924 0.055288461538461536
2 0.5588942307692307 0.5384615384615384 0.020432692307692308 0.06971153846153846
2 0.1502403846153846 0.5264423076923077 0.02403846153846154 0.07451923076923077
0 0.6394230769230769 0.2800480769230769 0.007211538461538462 0.01201923076923077
3 0.21394230769230768 0.25841346153846156 0.007211538461538462 0.03245192307692308