2 0.4699519230769231 0.27524038461538464 0.014423076923076924 0.04326923076923077
3 0.43028846153846156 0.3125 0.016826923076923076 0.05048076923076923
2 0.2668269230769231 0.27884615384615385 0.014423076923076924 0.040865384615384616
2 0.3894230769230769 0.25 0.014423076923076924 0.03365384615384615
2 0.59375 0.27283653846153844 0.009615384615384616 0.04326923076923077
2 0.36778846153846156 0.3161057692307692 0.009615384615384616 0.04326923076923077
2 0.5612980769230769 0.25 0.01201923076923077 0.038461538461538464
2 0.3293269230769231 0.2848557692307692 0.01201923076923077 0.04326923076923077
2 0.5877403846153846 0.3004807692307692 0.016826923076923076 0.040865384615384616
2 0.5240384615384616 0.265625 0.014423076923076924 0.038461538461538464
2 0.5024038461538461 0.27163461538461536 0.01201923076923077 0.04326923076923077
2 0.22596153846153846 0.28846153846153844 0.019230769230769232 0.05048076923076923
1 0.9182692307692307 0.3173076923076923 0.014423076923076924 0.04807692307692308
2 0.19230769230769232 0.29086538461538464 0.014423076923076924 0.052884615384615384
2 0.7620192307692307 0.2980769230769231 0.014423076923076924 0.04807692307692308
2 0.18389423076923078 0.3389423076923077 0.016826923076923076 0.052884615384615384
2 0.5012019230769231 0.3485576923076923 0.01201923076923077 0.055288461538461536
2 0.7620192307692307 0.359375 0.016826923076923076 0.052884615384615384
2 0.4230769230769231 0.36899038461538464 0.016826923076923076 0.06009615384615385
2 0.3605769230769231 0.3894230769230769 0.019230769230769232 0.052884615384615384
2 0.6995192307692307 0.4639423076923077 0.016826923076923076 0.06971153846153846
3 0.6682692307692307 0.234375 0.01201923076923077 0.038461538461538464
0 0.5913461538461539 0.3161057692307692 0.007211538461538462 0.014423076923076924
2 0.37259615384615385 0.2548076923076923 0.01201923076923077 0.040865384615384616