2 0.30528846153846156 0.32091346153846156 0.016826923076923076 0.04326923076923077
2 0.578125 0.30528846153846156 0.014423076923076924 0.040865384615384616
2 0.328125 0.3786057692307692 0.021634615384615384 0.055288461538461536
2 0.33533653846153844 0.2956730769230769 0.016826923076923076 0.038461538461538464
2 0.28846153846153844 0.34975961538461536 0.02403846153846154 0.055288461538461536
0 0.7151442307692307 0.6201923076923077 0.009615384615384616 0.014423076923076924
2 0.15504807692307693 0.3858173076923077 0.021634615384615384 0.0625
2 0.515625 0.328125 0.019230769230769232 0.04807692307692308
2 0.46033653846153844 0.3389423076923077 0.01201923076923077 0.05048076923076923
3 0.4074519230769231 0.3870192307692308 0.014423076923076924 0.055288461538461536
2 0.16105769230769232 0.41466346153846156 0.019230769230769232 0.06009615384615385
2 0.11778846153846154 0.4723557692307692 0.028846153846153848 0.0625
2 0.31009615384615385 0.4639423076923077 0.019230769230769232 0.0625
2 0.38461538461538464 0.24759615384615385 0.01201923076923077 0.038461538461538464
2 0.6802884615384616 0.3701923076923077 0.016826923076923076 0.052884615384615384
2 0.4579326923076923 0.4831730769230769 0.02403846153846154 0.07451923076923077
2 0.5108173076923077 0.5024038461538461 0.02403846153846154 0.0673076923076923
2 0.8173076923076923 0.5685096153846154 0.026442307692307692 0.07211538461538461
2 0.4266826923076923 0.5625 0.02403846153846154 0.08413461538461539
2 0.18870192307692307 0.44471153846153844 0.016826923076923076 0.0673076923076923
2 0.5348557692307693 0.6502403846153846 0.028846153846153848 0.0889423076923077
3 0.7055288461538461 0.27524038461538464 0.014423076923076924 0.038461538461538464