2 0.46274038461538464 0.4026442307692308 0.021634615384615384 0.04567307692307692
2 0.4963942307692308 0.2956730769230769 0.02403846153846154 0.04567307692307692
2 0.40625 0.3076923076923077 0.02403846153846154 0.04807692307692308
2 0.5324519230769231 0.27283653846153844 0.021634615384615384 0.040865384615384616
1 0.17668269230769232 0.2127403846153846 0.02403846153846154 0.04807692307692308
2 0.4987980769230769 0.3798076923076923 0.03125 0.0625
2 0.37740384615384615 0.38341346153846156 0.03125 0.057692307692307696
2 0.3894230769230769 0.33052884615384615 0.028846153846153848 0.0625
3 0.5612980769230769 0.3918269230769231 0.026442307692307692 0.05048076923076923
2 0.7992788461538461 0.38100961538461536 0.02403846153846154 0.05048076923076923
2 0.6057692307692307 0.37740384615384615 0.026442307692307692 0.057692307692307696
2 0.4495192307692308 0.4423076923076923 0.028846153846153848 0.06009615384615385
2 0.640625 0.3894230769230769 0.03125 0.055288461538461536
2 0.3629807692307692 0.390625 0.026442307692307692 0.06490384615384616
2 0.35096153846153844 0.3401442307692308 0.03365384615384615 0.0625
2 0.5480769230769231 0.45552884615384615 0.03125 0.06009615384615385
2 0.4375 0.5012019230769231 0.03365384615384615 0.06971153846153846
2 0.5492788461538461 0.5048076923076923 0.028846153846153848 0.06009615384615385
3 0.08774038461538461 0.5096153846153846 0.04326923076923077 0.0889423076923077
2 0.8016826923076923 0.4579326923076923 0.03125 0.06009615384615385
2 0.6334134615384616 0.5697115384615384 0.036057692307692304 0.07692307692307693
2 0.6790865384615384 0.5661057692307693 0.04567307692307692 0.07451923076923077
2 0.8377403846153846 0.5913461538461539 0.040865384615384616 0.07451923076923077
3 0.8233173076923077 0.3112980769230769 0.016826923076923076 0.03365384615384615
0 0.6442307692307693 0.5913461538461539 0.01201923076923077 0.016826923076923076