2 0.21754807692307693 0.21033653846153846 0.016826923076923076 0.04567307692307692
3 0.6514423076923077 0.22716346153846154 0.014423076923076924 0.040865384615384616
2 0.2091346153846154 0.24759615384615385 0.016826923076923076 0.04807692307692308
1 0.8846153846153846 0.36538461538461536 0.019230769230769232 0.052884615384615384
2 0.6646634615384616 0.2644230769230769 0.016826923076923076 0.038461538461538464
2 0.25600961538461536 0.23557692307692307 0.016826923076923076 0.04567307692307692
2 0.4735576923076923 0.25961538461538464 0.016826923076923076 0.04807692307692308
2 0.6586538461538461 0.3016826923076923 0.014423076923076924 0.05048076923076923
2 0.453125 0.28125 0.019230769230769232 0.052884615384615384
2 0.5192307692307693 0.2283653846153846 0.014423076923076924 0.040865384615384616
2 0.5012019230769231 0.24639423076923078 0.016826923076923076 0.04567307692307692
2 0.3449519230769231 0.35336538461538464 0.016826923076923076 0.057692307692307696
2 0.13341346153846154 0.31971153846153844 0.021634615384615384 0.06490384615384616
2 0.14783653846153846 0.28725961538461536 0.021634615384615384 0.06490384615384616
3 0.38221153846153844 0.31009615384615385 0.019230769230769232 0.055288461538461536
2 0.16105769230769232 0.29447115384615385 0.02403846153846154 0.0673076923076923
2 0.29927884615384615 0.3076923076923077 0.021634615384615384 0.0625
2 0.8882211538461539 0.45552884615384615 0.021634615384615384 0.07211538461538461
2 0.5817307692307693 0.328125 0.019230769230769232 0.055288461538461536
2 0.08774038461538461 0.4795673076923077 0.040865384615384616 0.0889423076923077
2 0.5384615384615384 0.375 0.019230769230769232 0.06490384615384616
2 0.01201923076923077 0.7427884615384616 0.02403846153846154 0.125
2 0.5973557692307693 0.5949519230769231 0.03365384615384615 0.09615384615384616
0 0.8798076923076923 0.4050480769230769 0.009615384615384616 0.01201923076923077