3 0.7439903846153846 0.17668269230769232 0.019230769230769232 0.05048076923076923
2 0.6310096153846154 0.25841346153846156 0.026442307692307692 0.04567307692307692
2 0.6610576923076923 0.24879807692307693 0.021634615384615384 0.04807692307692308
2 0.49158653846153844 0.22956730769230768 0.021634615384615384 0.04567307692307692
2 0.34975961538461536 0.2692307692307692 0.019230769230769232 0.04807692307692308
2 0.5961538461538461 0.21634615384615385 0.02403846153846154 0.04326923076923077
2 0.4098557692307692 0.28365384615384615 0.02403846153846154 0.052884615384615384
2 0.3233173076923077 0.27403846153846156 0.02403846153846154 0.04807692307692308
2 0.203125 0.46875 0.03125 0.06971153846153846
2 0.6105769230769231 0.25841346153846156 0.021634615384615384 0.052884615384615384
2 0.2848557692307692 0.3401442307692308 0.021634615384615384 0.06009615384615385
2 0.3713942307692308 0.28125 0.021634615384615384 0.052884615384615384
3 0.5516826923076923 0.3125 0.026442307692307692 0.0625
2 0.6478365384615384 0.28725961538461536 0.026442307692307692 0.055288461538461536
2 0.4411057692307692 0.2956730769230769 0.02403846153846154 0.055288461538461536
2 0.8137019230769231 0.3245192307692308 0.03365384615384615 0.0625
2 0.5120192307692307 0.3004807692307692 0.026442307692307692 0.057692307692307696
2 0.53125 0.31009615384615385 0.02403846153846154 0.057692307692307696
2 0.7259615384615384 0.3954326923076923 0.040865384615384616 0.07692307692307693
2 0.7524038461538461 0.40625 0.036057692307692304 0.07451923076923077
2 0.6466346153846154 0.24759615384615385 0.02403846153846154 0.04567307692307692
2 0.6334134615384616 0.23798076923076922 0.019230769230769232 0.04567307692307692