2 0.5144230769230769 0.2932692307692308 0.009615384615384616 0.04567307692307692
2 0.5949519230769231 0.2704326923076923 0.009615384615384616 0.040865384615384616
2 0.5649038461538461 0.25 0.009615384615384616 0.038461538461538464
2 0.4411057692307692 0.29927884615384615 0.01201923076923077 0.04807692307692308
0 0.40384615384615385 0.6538461538461539 0.01201923076923077 0.016826923076923076
2 0.3016826923076923 0.2668269230769231 0.01201923076923077 0.036057692307692304
2 0.5048076923076923 0.32572115384615385 0.01201923076923077 0.05048076923076923
2 0.6838942307692307 0.34134615384615385 0.016826923076923076 0.055288461538461536
3 0.5600961538461539 0.3317307692307692 0.01201923076923077 0.05048076923076923
2 0.7584134615384616 0.4375 0.016826923076923076 0.052884615384615384
2 0.6370192307692307 0.45072115384615385 0.016826923076923076 0.04807692307692308
2 0.6526442307692307 0.3233173076923077 0.019230769230769232 0.052884615384615384
2 0.30528846153846156 0.3894230769230769 0.014423076923076924 0.06009615384615385
1 0.9387019230769231 0.30288461538461536 0.016826923076923076 0.052884615384615384
2 0.7980769230769231 0.5072115384615384 0.021634615384615384 0.06009615384615385
2 0.453125 0.49158653846153844 0.014423076923076924 0.0673076923076923
2 0.5793269230769231 0.42427884615384615 0.02403846153846154 0.057692307692307696
2 0.3870192307692308 0.39302884615384615 0.021634615384615384 0.06009615384615385
2 0.7307692307692307 0.5444711538461539 0.021634615384615384 0.06971153846153846
2 0.21153846153846154 0.35336538461538464 0.014423076923076924 0.055288461538461536
2 0.16105769230769232 0.5120192307692307 0.021634615384615384 0.07211538461538461
3 0.9663461538461539 0.6502403846153846 0.03365384615384615 0.09615384615384616
2 0.49278846153846156 0.6610576923076923 0.040865384615384616 0.08653846153846154
3 0.2548076923076923 0.23677884615384615 0.009615384615384616 0.04326923076923077
2 0.6189903846153846 0.2980769230769231 0.014423076923076924 0.04567307692307692