2 0.4170673076923077 0.35336538461538464 0.021634615384615384 0.04326923076923077
2 0.7824519230769231 0.27403846153846156 0.016826923076923076 0.040865384615384616
2 0.296875 0.3161057692307692 0.021634615384615384 0.036057692307692304
2 0.7463942307692307 0.25600961538461536 0.019230769230769232 0.04567307692307692
2 0.3088942307692308 0.34134615384615385 0.019230769230769232 0.04326923076923077
2 0.7908653846153846 0.3125 0.021634615384615384 0.057692307692307696
2 0.4182692307692308 0.27163461538461536 0.016826923076923076 0.036057692307692304
2 0.4206730769230769 0.3713942307692308 0.026442307692307692 0.0625
2 0.4495192307692308 0.2980769230769231 0.019230769230769232 0.04807692307692308
2 0.43149038461538464 0.2824519230769231 0.016826923076923076 0.040865384615384616
2 0.6875 0.2439903846153846 0.016826923076923076 0.040865384615384616
2 0.7764423076923077 0.296875 0.026442307692307692 0.0625
1 0.06971153846153846 0.4254807692307692 0.021634615384615384 0.052884615384615384
2 0.4675480769230769 0.30408653846153844 0.019230769230769232 0.04807692307692308
3 0.5793269230769231 0.32211538461538464 0.019230769230769232 0.052884615384615384
2 0.6033653846153846 0.35216346153846156 0.021634615384615384 0.05048076923076923
2 0.8689903846153846 0.4543269230769231 0.03125 0.07932692307692307
2 0.11778846153846154 0.49278846153846156 0.02403846153846154 0.0625
2 0.6838942307692307 0.31971153846153844 0.02403846153846154 0.057692307692307696
3 0.9891826923076923 0.7836538461538461 0.021634615384615384 0.1346153846153846
2 0.37740384615384615 0.6237980769230769 0.04567307692307692 0.11538461538461539
2 0.9002403846153846 0.6814903846153846 0.04807692307692308 0.11538461538461539
3 0.31850961538461536 0.2824519230769231 0.016826923076923076 0.040865384615384616