2 0.7103365384615384 0.25240384615384615 0.019230769230769232 0.040865384615384616
2 0.4110576923076923 0.3233173076923077 0.019230769230769232 0.04326923076923077
3 0.13942307692307693 0.7175480769230769 0.040865384615384616 0.08653846153846154
2 0.4375 0.29447115384615385 0.019230769230769232 0.040865384615384616
2 0.35096153846153844 0.3786057692307692 0.021634615384615384 0.05048076923076923
2 0.5829326923076923 0.3293269230769231 0.019230769230769232 0.04567307692307692
2 0.11298076923076923 0.4182692307692308 0.02403846153846154 0.05048076923076923
3 0.49759615384615385 0.38822115384615385 0.021634615384615384 0.052884615384615384
2 0.5492788461538461 0.33533653846153844 0.021634615384615384 0.05048076923076923
2 0.6995192307692307 0.4375 0.026442307692307692 0.06971153846153846
2 0.4254807692307692 0.40384615384615385 0.028846153846153848 0.057692307692307696
2 0.5336538461538461 0.5036057692307693 0.028846153846153848 0.06971153846153846
2 0.36538461538461536 0.4098557692307692 0.026442307692307692 0.057692307692307696
2 0.26802884615384615 0.5865384615384616 0.03365384615384615 0.07451923076923077
2 0.38221153846153844 0.5396634615384616 0.03365384615384615 0.06009615384615385
2 0.6129807692307693 0.5336538461538461 0.040865384615384616 0.07451923076923077
2 0.8137019230769231 0.3137019230769231 0.02403846153846154 0.057692307692307696
2 0.28846153846153844 0.5901442307692307 0.03125 0.07932692307692307
2 0.4206730769230769 0.5408653846153846 0.028846153846153848 0.07211538461538461
2 0.5841346153846154 0.5276442307692307 0.028846153846153848 0.06971153846153846
2 0.29927884615384615 0.45913461538461536 0.028846153846153848 0.06009615384615385
2 0.4639423076923077 0.5625 0.038461538461538464 0.07692307692307693
2 0.8786057692307693 0.4543269230769231 0.04326923076923077 0.08173076923076923
0 0.32091346153846156 0.31850961538461536 0.009615384615384616 0.014423076923076924
3 0.75 0.19591346153846154 0.016826923076923076 0.036057692307692304