2 0.4987980769230769 0.30649038461538464 0.014423076923076924 0.04567307692307692
2 0.19831730769230768 0.42908653846153844 0.015625 0.06009615384615385
3 0.2512019230769231 0.2247596153846154 0.01201923076923077 0.04326923076923077
2 0.19831730769230768 0.37740384615384615 0.014423076923076924 0.04927884615384615
2 0.5084134615384616 0.3269230769230769 0.013221153846153846 0.046875
0 0.6213942307692307 0.42427884615384615 0.006009615384615385 0.01201923076923077
2 0.35216346153846156 0.2536057692307692 0.013221153846153846 0.038461538461538464
2 0.6502403846153846 0.24879807692307693 0.008413461538461538 0.046875
2 0.4543269230769231 0.23677884615384615 0.014423076923076924 0.039663461538461536
2 0.5300480769230769 0.29086538461538464 0.010817307692307692 0.051682692307692304
2 0.6225961538461539 0.25240384615384615 0.009615384615384616 0.04567307692307692
3 0.453125 0.3389423076923077 0.014423076923076924 0.054086538461538464
2 0.24278846153846154 0.296875 0.014423076923076924 0.051682692307692304
2 0.3473557692307692 0.30528846153846156 0.01201923076923077 0.055288461538461536
2 0.36177884615384615 0.33533653846153844 0.013221153846153846 0.046875
2 0.6622596153846154 0.2704326923076923 0.01201923076923077 0.04927884615384615
2 0.7283653846153846 0.31971153846153844 0.013221153846153846 0.06009615384615385
2 0.3088942307692308 0.31850961538461536 0.015625 0.055288461538461536
2 0.5973557692307693 0.3329326923076923 0.014423076923076924 0.052884615384615384
2 0.4170673076923077 0.34375 0.018028846153846152 0.055288461538461536
2 0.6995192307692307 0.43990384615384615 0.02283653846153846 0.06971153846153846
2 0.22235576923076922 0.5252403846153846 0.019230769230769232 0.07211538461538461
2 0.43990384615384615 0.2980769230769231 0.014423076923076924 0.052884615384615384