2 0.47836538461538464 0.30528846153846156 0.008413461538461538 0.04447115384615385
2 0.39903846153846156 0.2848557692307692 0.007211538461538462 0.038461538461538464
2 0.42788461538461536 0.26322115384615385 0.007211538461538462 0.037259615384615384
2 0.5504807692307693 0.30649038461538464 0.009615384615384616 0.046875
0 0.5985576923076923 0.6550480769230769 0.010817307692307692 0.014423076923076924
2 0.6862980769230769 0.2704326923076923 0.008413461538461538 0.036057692307692304
2 0.4891826923076923 0.33533653846153844 0.008413461538461538 0.04807692307692308
2 0.3137019230769231 0.35697115384615385 0.014423076923076924 0.054086538461538464
3 0.4338942307692308 0.34375 0.009615384615384616 0.04927884615384615
2 0.24158653846153846 0.4543269230769231 0.014423076923076924 0.051682692307692304
2 0.3629807692307692 0.4639423076923077 0.013221153846153846 0.046875
2 0.3425480769230769 0.3389423076923077 0.015625 0.05048076923076923
2 0.6862980769230769 0.390625 0.01201923076923077 0.05889423076923077
1 0.06129807692307692 0.328125 0.014423076923076924 0.05048076923076923
2 0.20552884615384615 0.5240384615384616 0.019230769230769232 0.057692307692307696
2 0.5456730769230769 0.49759615384615385 0.013221153846153846 0.0673076923076923
2 0.4182692307692308 0.43509615384615385 0.021634615384615384 0.056490384615384616
2 0.6069711538461539 0.39903846153846156 0.020432692307692308 0.05889423076923077
2 0.27403846153846156 0.5588942307692307 0.016826923076923076 0.06850961538461539
2 0.7788461538461539 0.35336538461538464 0.010817307692307692 0.054086538461538464
2 0.8329326923076923 0.5072115384615384 0.018028846153846152 0.06971153846153846
3 0.04567307692307692 0.6706730769230769 0.03125 0.09495192307692307
2 0.5132211538461539 0.6658653846153846 0.037259615384615384 0.0829326923076923
3 0.7319711538461539 0.23918269230769232 0.008413461538461538 0.040865384615384616
2 0.375 0.3125 0.013221153846153846 0.04447115384615385