2 0.44591346153846156 0.3449519230769231 0.01201923076923077 0.042067307692307696
2 0.8161057692307693 0.34375 0.008413461538461538 0.038461538461538464
2 0.33774038461538464 0.2848557692307692 0.015625 0.03125
2 0.7848557692307693 0.31971153846153844 0.009615384615384616 0.04567307692307692
2 0.34375 0.3125 0.009615384615384616 0.042067307692307696
2 0.8149038461538461 0.38341346153846156 0.010817307692307692 0.057692307692307696
2 0.4639423076923077 0.2668269230769231 0.008413461538461538 0.036057692307692304
2 0.44591346153846156 0.3641826923076923 0.01201923076923077 0.06129807692307692
2 0.4891826923076923 0.29927884615384615 0.008413461538461538 0.046875
2 0.47475961538461536 0.2800480769230769 0.009615384615384616 0.040865384615384616
2 0.7307692307692307 0.2956730769230769 0.007211538461538462 0.038461538461538464
2 0.8052884615384616 0.36538461538461536 0.01201923076923077 0.06129807692307692
1 0.09495192307692307 0.3449519230769231 0.010817307692307692 0.051682692307692304
2 0.5036057692307693 0.3088942307692308 0.007211538461538462 0.04807692307692308
3 0.609375 0.34975961538461536 0.009615384615384616 0.051682692307692304
2 0.6274038461538461 0.38341346153846156 0.010817307692307692 0.05048076923076923
2 0.8629807692307693 0.5360576923076923 0.015625 0.07572115384615384
2 0.12740384615384615 0.4182692307692308 0.01201923076923077 0.06129807692307692
2 0.7115384615384616 0.36778846153846156 0.010817307692307692 0.055288461538461536
3 0.9278846153846154 0.8834134615384616 0.027644230769230768 0.12980769230769232
2 0.35216346153846156 0.5997596153846154 0.02403846153846154 0.11057692307692307
2 0.8449519230769231 0.7632211538461539 0.02403846153846154 0.11177884615384616
3 0.36538461538461536 0.25721153846153844 0.009615384615384616 0.038461538461538464