2 0.5084134615384616 0.3173076923076923 0.021634615384615384 0.05048076923076923
2 0.5901442307692307 0.27283653846153844 0.019230769230769232 0.04326923076923077
2 0.5516826923076923 0.25841346153846156 0.019230769230769232 0.040865384615384616
2 0.43028846153846156 0.33774038461538464 0.02403846153846154 0.052884615384615384
0 0.4723557692307692 0.7259615384615384 0.016826923076923076 0.019230769230769232
2 0.27403846153846156 0.33533653846153844 0.019230769230769232 0.040865384615384616
2 0.5048076923076923 0.35216346153846156 0.021634615384615384 0.052884615384615384
2 0.6995192307692307 0.328125 0.028846153846153848 0.06009615384615385
3 0.5661057692307693 0.34615384615384615 0.02403846153846154 0.055288461538461536
2 0.8028846153846154 0.41466346153846156 0.028846153846153848 0.06009615384615385
2 0.6754807692307693 0.4567307692307692 0.028846153846153848 0.055288461538461536
2 0.6622596153846154 0.3173076923076923 0.03125 0.06009615384615385
2 0.30528846153846156 0.4651442307692308 0.028846153846153848 0.0673076923076923
2 0.8605769230769231 0.4807692307692308 0.036057692307692304 0.0673076923076923
2 0.48677884615384615 0.5432692307692307 0.03125 0.07692307692307693
2 0.6069711538461539 0.43990384615384615 0.038461538461538464 0.0673076923076923
2 0.3954326923076923 0.4519230769230769 0.036057692307692304 0.06971153846153846
2 0.7980769230769231 0.5360576923076923 0.036057692307692304 0.07692307692307693
2 0.19591346153846154 0.4495192307692308 0.026442307692307692 0.06009615384615385
2 0.18028846153846154 0.6298076923076923 0.038461538461538464 0.07932692307692307
2 0.5673076923076923 0.7151442307692307 0.0625 0.0985576923076923
3 0.21875 0.3137019230769231 0.019230769230769232 0.04567307692307692
2 0.6213942307692307 0.2980769230769231 0.026442307692307692 0.05048076923076923