2 0.5444711538461539 0.23076923076923078 0.019230769230769232 0.036057692307692304
2 0.5372596153846154 0.25 0.019230769230769232 0.038461538461538464
2 0.7079326923076923 0.22596153846153846 0.019230769230769232 0.04326923076923077
2 0.7524038461538461 0.28125 0.021634615384615384 0.04567307692307692
2 0.7115384615384616 0.2692307692307692 0.021634615384615384 0.05048076923076923
2 0.7307692307692307 0.23798076923076922 0.019230769230769232 0.04807692307692308
3 0.5901442307692307 0.27163461538461536 0.016826923076923076 0.04567307692307692
2 0.6129807692307693 0.2848557692307692 0.02403846153846154 0.05048076923076923
2 0.46274038461538464 0.3317307692307692 0.019230769230769232 0.05048076923076923
2 0.41586538461538464 0.29086538461538464 0.021634615384615384 0.040865384615384616
2 0.3173076923076923 0.3701923076923077 0.021634615384615384 0.055288461538461536
2 0.8389423076923077 0.28365384615384615 0.021634615384615384 0.052884615384615384
2 0.7836538461538461 0.2548076923076923 0.019230769230769232 0.052884615384615384
2 0.6394230769230769 0.3125 0.021634615384615384 0.055288461538461536
2 0.27283653846153844 0.4206730769230769 0.026442307692307692 0.06490384615384616
2 0.3737980769230769 0.43990384615384615 0.026442307692307692 0.06490384615384616
2 0.3076923076923077 0.4651442307692308 0.02403846153846154 0.0625
2 0.8329326923076923 0.3629807692307692 0.026442307692307692 0.06490384615384616
2 0.5817307692307693 0.36658653846153844 0.02403846153846154 0.06009615384615385
2 0.6887019230769231 0.4495192307692308 0.03365384615384615 0.06971153846153846
2 0.44711538461538464 0.7824519230769231 0.04567307692307692 0.11298076923076923
2 0.4170673076923077 0.7980769230769231 0.04807692307692308 0.11538461538461539
3 0.26802884615384615 0.28365384615384615 0.019230769230769232 0.04567307692307692
2 0.703125 0.23918269230769232 0.021634615384615384 0.04326923076923077