3 0.8209134615384616 0.2620192307692308 0.016826923076923076 0.04807692307692308
2 0.6911057692307693 0.2980769230769231 0.02403846153846154 0.04326923076923077
2 0.7199519230769231 0.3004807692307692 0.019230769230769232 0.04807692307692308
2 0.5745192307692307 0.22716346153846154 0.019230769230769232 0.04326923076923077
2 0.4326923076923077 0.21634615384615385 0.016826923076923076 0.04567307692307692
2 0.671875 0.25 0.021634615384615384 0.040865384615384616
2 0.4831730769230769 0.24879807692307693 0.021634615384615384 0.05048076923076923
2 0.4098557692307692 0.21153846153846154 0.021634615384615384 0.04567307692307692
2 0.23677884615384615 0.3473557692307692 0.028846153846153848 0.06490384615384616
2 0.6730769230769231 0.29086538461538464 0.019230769230769232 0.05048076923076923
2 0.35216346153846156 0.25721153846153844 0.019230769230769232 0.057692307692307696
2 0.4495192307692308 0.234375 0.019230769230769232 0.05048076923076923
3 0.6021634615384616 0.32211538461538464 0.02403846153846154 0.06009615384615385
2 0.6959134615384616 0.33052884615384615 0.02403846153846154 0.052884615384615384
2 0.5072115384615384 0.2704326923076923 0.021634615384615384 0.052884615384615384
2 0.8353365384615384 0.4182692307692308 0.03125 0.06009615384615385
2 0.5685096153846154 0.2980769230769231 0.02403846153846154 0.055288461538461536
2 0.5853365384615384 0.3125 0.021634615384615384 0.055288461538461536
2 0.7319711538461539 0.453125 0.036057692307692304 0.07211538461538461
2 0.7524038461538461 0.4735576923076923 0.03365384615384615 0.07211538461538461
2 0.7103365384615384 0.2932692307692308 0.02403846153846154 0.04326923076923077
2 0.7019230769230769 0.28125 0.019230769230769232 0.04326923076923077