2 0.5528846153846154 0.2848557692307692 0.010817307692307692 0.039663461538461536
3 0.5865384615384616 0.32211538461538464 0.013221153846153846 0.046875
2 0.7439903846153846 0.2980769230769231 0.01201923076923077 0.038461538461538464
2 0.6286057692307693 0.2644230769230769 0.010817307692307692 0.03245192307692308
2 0.4338942307692308 0.27524038461538464 0.008413461538461538 0.039663461538461536
2 0.6466346153846154 0.328125 0.008413461538461538 0.039663461538461536
2 0.4651442307692308 0.25721153846153844 0.009615384615384616 0.03485576923076923
2 0.6850961538461539 0.3016826923076923 0.009615384615384616 0.042067307692307696
2 0.4387019230769231 0.3016826923076923 0.014423076923076924 0.038461538461538464
2 0.5 0.27283653846153844 0.010817307692307692 0.037259615384615384
2 0.5204326923076923 0.2800480769230769 0.009615384615384616 0.040865384615384616
2 0.7836538461538461 0.3088942307692308 0.015625 0.04807692307692308
1 0.12259615384615384 0.3016826923076923 0.010817307692307692 0.04447115384615385
3 0.9915865384615384 0.8293269230769231 0.015625 0.09975961538461539
2 0.8149038461538461 0.3137019230769231 0.010817307692307692 0.04927884615384615
2 0.27283653846153844 0.2920673076923077 0.010817307692307692 0.04447115384615385
2 0.8209134615384616 0.359375 0.01201923076923077 0.05048076923076923
2 0.5180288461538461 0.35336538461538464 0.008413461538461538 0.052884615384615384
2 0.26802884615384615 0.35096153846153844 0.013221153846153846 0.05048076923076923
2 0.5925480769230769 0.37740384615384615 0.014423076923076924 0.057692307692307696
2 0.6502403846153846 0.39783653846153844 0.015625 0.04927884615384615
2 0.3245192307692308 0.4519230769230769 0.013221153846153846 0.06610576923076923
3 0.36538461538461536 0.23557692307692307 0.009615384615384616 0.036057692307692304
0 0.4338942307692308 0.3173076923076923 0.006009615384615385 0.01201923076923077
2 0.6466346153846154 0.2704326923076923 0.010817307692307692 0.039663461538461536