2 0.6117788461538461 0.27163461538461536 0.019230769230769232 0.04326923076923077
2 0.7271634615384616 0.39783653846153844 0.03125 0.057692307692307696
2 0.6814903846153846 0.33533653846153844 0.02403846153846154 0.04807692307692308
2 0.359375 0.25240384615384615 0.021634615384615384 0.04807692307692308
2 0.30528846153846156 0.31971153846153844 0.026442307692307692 0.055288461538461536
3 0.5612980769230769 0.3762019230769231 0.028846153846153848 0.06009615384615385
2 0.46153846153846156 0.3004807692307692 0.02403846153846154 0.055288461538461536
2 0.7439903846153846 0.4362980769230769 0.03125 0.0625
2 0.7103365384615384 0.4098557692307692 0.03125 0.0625
2 0.5793269230769231 0.3786057692307692 0.026442307692307692 0.057692307692307696
2 0.5024038461538461 0.31850961538461536 0.03125 0.055288461538461536
2 0.6009615384615384 0.40384615384615385 0.03125 0.0625
2 0.6454326923076923 0.5120192307692307 0.04326923076923077 0.0625
2 0.7199519230769231 0.6069711538461539 0.03365384615384615 0.07692307692307693
2 0.7776442307692307 0.5721153846153846 0.036057692307692304 0.07692307692307693
2 0.30288461538461536 0.3870192307692308 0.03125 0.06971153846153846
2 0.47115384615384615 0.5745192307692307 0.040865384615384616 0.07692307692307693
2 0.21153846153846154 0.2668269230769231 0.028846153846153848 0.06009615384615385
2 0.796875 0.6454326923076923 0.040865384615384616 0.08173076923076923
2 0.3713942307692308 0.6069711538461539 0.04807692307692308 0.09615384615384616
2 0.06971153846153846 0.4362980769230769 0.038461538461538464 0.08413461538461539
3 0.296875 0.1814903846153846 0.021634615384615384 0.04326923076923077
0 0.3581730769230769 0.609375 0.014423076923076924 0.021634615384615384