3 0.13822115384615385 0.2512019230769231 0.019230769230769232 0.05048076923076923
2 0.2776442307692308 0.2860576923076923 0.026442307692307692 0.04807692307692308
2 0.24519230769230768 0.28966346153846156 0.021634615384615384 0.05048076923076923
2 0.4014423076923077 0.2091346153846154 0.021634615384615384 0.04807692307692308
2 0.5528846153846154 0.19591346153846154 0.019230769230769232 0.05048076923076923
2 0.296875 0.23557692307692307 0.02403846153846154 0.04326923076923077
2 0.4987980769230769 0.23197115384615385 0.02403846153846154 0.055288461538461536
2 0.578125 0.18990384615384615 0.021634615384615384 0.04807692307692308
2 0.7644230769230769 0.3317307692307692 0.03125 0.06971153846153846
2 0.296875 0.2800480769230769 0.021634615384615384 0.055288461538461536
2 0.640625 0.23798076923076922 0.021634615384615384 0.0625
2 0.5348557692307693 0.21394230769230768 0.021634615384615384 0.055288461538461536
3 0.3737980769230769 0.31009615384615385 0.02403846153846154 0.0625
2 0.27403846153846156 0.32211538461538464 0.026442307692307692 0.055288461538461536
2 0.47475961538461536 0.2548076923076923 0.02403846153846154 0.055288461538461536
2 0.125 0.4182692307692308 0.03365384615384615 0.06490384615384616
2 0.4098557692307692 0.2848557692307692 0.026442307692307692 0.06009615384615385
2 0.390625 0.3004807692307692 0.02403846153846154 0.06009615384615385
2 0.23798076923076922 0.4543269230769231 0.040865384615384616 0.07932692307692307
2 0.21634615384615385 0.47596153846153844 0.038461538461538464 0.07692307692307693
2 0.25961538461538464 0.2824519230769231 0.026442307692307692 0.04807692307692308
2 0.2668269230769231 0.2692307692307692 0.021634615384615384 0.04807692307692308