3 0.8257211538461539 0.28365384615384615 0.016826923076923076 0.04807692307692308
2 0.6959134615384616 0.3173076923076923 0.02403846153846154 0.04326923076923077
2 0.7259615384615384 0.31850961538461536 0.021634615384615384 0.04807692307692308
2 0.5817307692307693 0.24519230769230768 0.019230769230769232 0.04326923076923077
2 0.4411057692307692 0.23197115384615385 0.016826923076923076 0.04567307692307692
2 0.6790865384615384 0.2692307692307692 0.021634615384615384 0.040865384615384616
2 0.49038461538461536 0.265625 0.021634615384615384 0.05048076923076923
2 0.41586538461538464 0.22596153846153846 0.021634615384615384 0.04567307692307692
2 0.24278846153846154 0.3581730769230769 0.028846153846153848 0.06490384615384616
2 0.6790865384615384 0.31009615384615385 0.019230769230769232 0.05048076923076923
2 0.3581730769230769 0.27163461538461536 0.019230769230769232 0.057692307692307696
2 0.4579326923076923 0.25 0.019230769230769232 0.05048076923076923
3 0.6081730769230769 0.3389423076923077 0.02403846153846154 0.06009615384615385
2 0.6995192307692307 0.34975961538461536 0.02403846153846154 0.052884615384615384
2 0.5132211538461539 0.2860576923076923 0.02403846153846154 0.052884615384615384
2 0.8377403846153846 0.4387019230769231 0.03125 0.06009615384615385
2 0.5745192307692307 0.31490384615384615 0.02403846153846154 0.055288461538461536
2 0.5901442307692307 0.33052884615384615 0.02403846153846154 0.055288461538461536
2 0.734375 0.4723557692307692 0.036057692307692304 0.07211538461538461
2 0.7536057692307693 0.49278846153846156 0.03365384615384615 0.06971153846153846
2 0.7151442307692307 0.3137019230769231 0.02403846153846154 0.04326923076923077
2 0.7055288461538461 0.3004807692307692 0.019230769230769232 0.04326923076923077