2 0.43149038461538464 0.3137019230769231 0.016826923076923076 0.04567307692307692
2 0.8233173076923077 0.27163461538461536 0.014423076923076924 0.040865384615384616
2 0.3125 0.26322115384615385 0.019230769230769232 0.036057692307692304
2 0.7884615384615384 0.25 0.016826923076923076 0.04807692307692308
2 0.32091346153846156 0.2920673076923077 0.014423076923076924 0.04567307692307692
2 0.8257211538461539 0.3137019230769231 0.016826923076923076 0.0625
2 0.4423076923076923 0.22956730769230768 0.01201923076923077 0.038461538461538464
2 0.4338942307692308 0.33413461538461536 0.019230769230769232 0.06490384615384616
2 0.4723557692307692 0.2608173076923077 0.014423076923076924 0.05048076923076923
2 0.4543269230769231 0.24278846153846154 0.014423076923076924 0.04326923076923077
2 0.7271634615384616 0.22956730769230768 0.01201923076923077 0.040865384615384616
2 0.8137019230769231 0.296875 0.019230769230769232 0.06490384615384616
1 0.06129807692307692 0.35216346153846156 0.016826923076923076 0.055288461538461536
2 0.4891826923076923 0.2692307692307692 0.014423076923076924 0.05048076923076923
3 0.6045673076923077 0.3004807692307692 0.016826923076923076 0.055288461538461536
2 0.6274038461538461 0.33413461538461536 0.016826923076923076 0.052884615384615384
2 0.8930288461538461 0.4699519230769231 0.02403846153846154 0.08173076923076923
2 0.10336538461538461 0.4266826923076923 0.019230769230769232 0.06490384615384616
2 0.7139423076923077 0.3076923076923077 0.019230769230769232 0.06009615384615385
3 0.9891826923076923 0.8293269230769231 0.021634615384615384 0.13942307692307693
2 0.36177884615384615 0.59375 0.038461538461538464 0.1201923076923077
2 0.9002403846153846 0.7115384615384616 0.038461538461538464 0.1201923076923077
3 0.33653846153846156 0.23076923076923078 0.014423076923076924 0.040865384615384616