2 0.5408653846153846 0.3076923076923077 0.019230769230769232 0.04567307692307692
2 0.4675480769230769 0.2668269230769231 0.019230769230769232 0.040865384615384616
2 0.5024038461538461 0.2548076923076923 0.019230769230769232 0.038461538461538464
2 0.6129807692307693 0.3293269230769231 0.021634615384615384 0.04807692307692308
0 0.5673076923076923 0.6887019230769231 0.014423076923076924 0.016826923076923076
2 0.7572115384615384 0.33052884615384615 0.019230769230769232 0.038461538461538464
2 0.5432692307692307 0.3425480769230769 0.021634615384615384 0.05048076923076923
2 0.3641826923076923 0.31490384615384615 0.028846153846153848 0.057692307692307696
3 0.48677884615384615 0.33533653846153844 0.021634615384615384 0.05048076923076923
2 0.2668269230769231 0.3942307692307692 0.026442307692307692 0.055288461538461536
2 0.3858173076923077 0.43509615384615385 0.026442307692307692 0.05048076923076923
2 0.39783653846153844 0.30528846153846156 0.028846153846153848 0.055288461538461536
2 0.7247596153846154 0.4495192307692308 0.026442307692307692 0.0625
1 0.12139423076923077 0.22115384615384615 0.026442307692307692 0.052884615384615384
2 0.2127403846153846 0.4543269230769231 0.03365384615384615 0.0625
2 0.5576923076923077 0.5180288461538461 0.03125 0.06971153846153846
2 0.44711538461538464 0.421875 0.036057692307692304 0.0625
2 0.6442307692307693 0.43509615384615385 0.036057692307692304 0.06490384615384616
2 0.27163461538461536 0.5072115384615384 0.036057692307692304 0.07211538461538461
2 0.8269230769230769 0.4375 0.026442307692307692 0.057692307692307696
2 0.8389423076923077 0.6033653846153846 0.036057692307692304 0.07451923076923077
3 0.020432692307692308 0.5552884615384616 0.040865384615384616 0.10096153846153846
2 0.4807692307692308 0.6754807692307693 0.06009615384615385 0.09134615384615384
3 0.8112980769230769 0.3112980769230769 0.019230769230769232 0.04326923076923077
2 0.4362980769230769 0.28846153846153844 0.02403846153846154 0.04807692307692308