2 0.7091346153846154 0.31971153846153844 0.014423076923076924 0.040865384615384616
2 0.6935096153846154 0.33533653846153844 0.021634615384615384 0.04326923076923077
3 0.6658653846153846 0.3425480769230769 0.01201923076923077 0.04807692307692308
2 0.7283653846153846 0.3449519230769231 0.019230769230769232 0.04567307692307692
2 0.7872596153846154 0.3870192307692308 0.021634615384615384 0.052884615384615384
2 0.6466346153846154 0.35096153846153844 0.016826923076923076 0.05048076923076923
2 0.609375 0.30408653846153844 0.019230769230769232 0.04567307692307692
2 0.7391826923076923 0.3737980769230769 0.016826923076923076 0.05048076923076923
2 0.36177884615384615 0.33653846153846156 0.016826923076923076 0.052884615384615384
2 0.6790865384615384 0.38461538461538464 0.021634615384615384 0.052884615384615384
2 0.4879807692307692 0.2920673076923077 0.014423076923076924 0.04326923076923077
2 0.5120192307692307 0.3401442307692308 0.014423076923076924 0.04807692307692308
2 0.8004807692307693 0.4050480769230769 0.021634615384615384 0.04807692307692308
2 0.6141826923076923 0.4411057692307692 0.021634615384615384 0.0625
2 0.2536057692307692 0.3629807692307692 0.02403846153846154 0.0625
2 0.3942307692307692 0.7620192307692307 0.038461538461538464 0.10576923076923077
2 0.26322115384615385 0.40865384615384615 0.021634615384615384 0.06490384615384616
2 0.2956730769230769 0.4411057692307692 0.028846153846153848 0.06490384615384616
2 0.3545673076923077 0.765625 0.036057692307692304 0.10817307692307693
2 0.6153846153846154 0.5564903846153846 0.036057692307692304 0.07692307692307693
2 0.7692307692307693 0.5036057692307693 0.026442307692307692 0.06490384615384616
2 0.8389423076923077 0.4326923076923077 0.02403846153846154 0.055288461538461536
3 0.328125 0.23677884615384615 0.014423076923076924 0.038461538461538464
2 0.6370192307692307 0.26802884615384615 0.014423076923076924 0.040865384615384616
0 0.734375 0.390625 0.007211538461538462 0.01201923076923077