3 0.6334134615384616 0.22115384615384615 0.019230769230769232 0.038461538461538464
0 0.6646634615384616 0.5721153846153846 0.009615384615384616 0.01201923076923077
2 0.5673076923076923 0.27524038461538464 0.019230769230769232 0.040865384615384616
2 0.29086538461538464 0.37259615384615385 0.021634615384615384 0.05048076923076923
2 0.5 0.3269230769230769 0.021634615384615384 0.04807692307692308
2 0.3137019230769231 0.3401442307692308 0.02403846153846154 0.04567307692307692
3 0.09615384615384616 0.9266826923076923 0.03125 0.09375
2 0.4651442307692308 0.34134615384615385 0.026442307692307692 0.052884615384615384
3 0.4074519230769231 0.4266826923076923 0.02403846153846154 0.057692307692307696
2 0.2091346153846154 0.7704326923076923 0.038461538461538464 0.0985576923076923
2 0.27403846153846156 0.4182692307692308 0.026442307692307692 0.052884615384615384
2 0.28846153846153844 0.42788461538461536 0.028846153846153848 0.06009615384615385
2 0.2403846153846154 0.45913461538461536 0.03125 0.06490384615384616
2 0.37740384615384615 0.5432692307692307 0.028846153846153848 0.0625
2 0.3798076923076923 0.48197115384615385 0.03125 0.0673076923076923
2 0.7091346153846154 0.28966346153846156 0.026442307692307692 0.055288461538461536
2 0.4266826923076923 0.4266826923076923 0.03125 0.0673076923076923
2 0.21634615384615385 0.5612980769230769 0.03365384615384615 0.07451923076923077
2 0.546875 0.625 0.038461538461538464 0.09375
2 0.9194711538461539 0.4543269230769231 0.038461538461538464 0.08173076923076923
2 0.2776442307692308 0.8485576923076923 0.052884615384615384 0.11298076923076923
2 0.6923076923076923 0.6466346153846154 0.04326923076923077 0.09375
2 0.6574519230769231 0.4387019230769231 0.03365384615384615 0.07211538461538461
2 0.6887019230769231 0.390625 0.028846153846153848 0.06490384615384616