3 0.7367788461538461 0.28846153846153844 0.016826923076923076 0.038461538461538464
0 0.6310096153846154 0.6298076923076923 0.007211538461538462 0.01201923076923077
2 0.6538461538461539 0.3125 0.014423076923076924 0.040865384615384616
2 0.3545673076923077 0.3004807692307692 0.016826923076923076 0.05048076923076923
2 0.5697115384615384 0.33653846153846156 0.016826923076923076 0.05048076923076923
2 0.38822115384615385 0.2776442307692308 0.019230769230769232 0.04567307692307692
2 0.53125 0.33533653846153844 0.021634615384615384 0.055288461538461536
3 0.44350961538461536 0.3942307692307692 0.019230769230769232 0.057692307692307696
2 0.12379807692307693 0.6454326923076923 0.028846153846153848 0.10096153846153846
2 0.31971153846153844 0.33653846153846156 0.021634615384615384 0.052884615384615384
2 0.3317307692307692 0.34975961538461536 0.021634615384615384 0.0625
2 0.27403846153846156 0.36177884615384615 0.02403846153846154 0.0673076923076923
2 0.3701923076923077 0.49278846153846156 0.021634615384615384 0.0625
2 0.39663461538461536 0.4375 0.026442307692307692 0.06971153846153846
2 0.7824519230769231 0.38100961538461536 0.021634615384615384 0.057692307692307696
2 0.46153846153846156 0.4014423076923077 0.026442307692307692 0.06971153846153846
2 0.21153846153846154 0.4483173076923077 0.026442307692307692 0.07692307692307693
2 0.5 0.6358173076923077 0.03125 0.09615384615384616
2 0.9194711538461539 0.6165865384615384 0.03125 0.08413461538461539
2 0.15985576923076922 0.7451923076923077 0.04326923076923077 0.11538461538461539
2 0.6286057692307693 0.7127403846153846 0.036057692307692304 0.09375
2 0.6766826923076923 0.5024038461538461 0.026442307692307692 0.07451923076923077
2 0.7235576923076923 0.46875 0.021634615384615384 0.06490384615384616