2 0.25240384615384615 0.20432692307692307 0.019230769230769232 0.04567307692307692
3 0.671875 0.25841346153846156 0.016826923076923076 0.038461538461538464
2 0.24158653846153846 0.24158653846153846 0.019230769230769232 0.04807692307692308
1 0.8858173076923077 0.41225961538461536 0.02403846153846154 0.052884615384615384
2 0.6802884615384616 0.2956730769230769 0.019230769230769232 0.038461538461538464
2 0.28846153846153844 0.23317307692307693 0.019230769230769232 0.04326923076923077
2 0.4963942307692308 0.2764423076923077 0.019230769230769232 0.04567307692307692
2 0.6730769230769231 0.3329326923076923 0.019230769230769232 0.04807692307692308
2 0.47475961538461536 0.29447115384615385 0.02403846153846154 0.05048076923076923
2 0.5432692307692307 0.24879807692307693 0.016826923076923076 0.038461538461538464
2 0.5240384615384616 0.265625 0.019230769230769232 0.04326923076923077
2 0.3629807692307692 0.3545673076923077 0.021634615384615384 0.055288461538461536
2 0.16105769230769232 0.30408653846153844 0.026442307692307692 0.0625
2 0.1778846153846154 0.27524038461538464 0.026442307692307692 0.06490384615384616
3 0.40384615384615385 0.3161057692307692 0.02403846153846154 0.055288461538461536
2 0.18990384615384615 0.2824519230769231 0.028846153846153848 0.06490384615384616
2 0.3233173076923077 0.3076923076923077 0.026442307692307692 0.06009615384615385
2 0.8822115384615384 0.5012019230769231 0.026442307692307692 0.06971153846153846
2 0.5949519230769231 0.35096153846153844 0.021634615384615384 0.055288461538461536
2 0.1045673076923077 0.45552884615384615 0.04567307692307692 0.08653846153846154
2 0.5492788461538461 0.39302884615384615 0.02403846153846154 0.0625
2 0.013221153846153846 0.703125 0.026442307692307692 0.12259615384615384
2 0.5865384615384616 0.6105769230769231 0.040865384615384616 0.09375
0 0.8774038461538461 0.4519230769230769 0.009615384615384616 0.01201923076923077