2 0.45552884615384615 0.3233173076923077 0.016826923076923076 0.05048076923076923
2 0.36658653846153844 0.3161057692307692 0.016826923076923076 0.04326923076923077
2 0.39302884615384615 0.28846153846153844 0.014423076923076924 0.040865384615384616
2 0.5336538461538461 0.3125 0.019230769230769232 0.05048076923076923
0 0.6538461538461539 0.6790865384615384 0.014423076923076924 0.019230769230769232
2 0.6742788461538461 0.24639423076923078 0.016826923076923076 0.040865384615384616
2 0.4735576923076923 0.3545673076923077 0.019230769230769232 0.052884615384615384
2 0.28725961538461536 0.4110576923076923 0.026442307692307692 0.06009615384615385
3 0.41586538461538464 0.3737980769230769 0.019230769230769232 0.055288461538461536
2 0.2283653846153846 0.53125 0.02403846153846154 0.057692307692307696
2 0.36177884615384615 0.5168269230769231 0.02403846153846154 0.052884615384615384
2 0.31490384615384615 0.3858173076923077 0.026442307692307692 0.057692307692307696
2 0.6983173076923077 0.3762019230769231 0.02403846153846154 0.0673076923076923
1 0.010817307692307692 0.42788461538461536 0.021634615384615384 0.057692307692307696
2 0.20192307692307693 0.6117788461538461 0.03125 0.0673076923076923
2 0.5661057692307693 0.5192307692307693 0.026442307692307692 0.07451923076923077
2 0.41586538461538464 0.47475961538461536 0.03365384615384615 0.06490384615384616
2 0.6129807692307693 0.39903846153846156 0.03365384615384615 0.0673076923076923
2 0.28365384615384615 0.6370192307692307 0.03125 0.07692307692307693
2 0.7884615384615384 0.31850961538461536 0.021634615384615384 0.06009615384615385
2 0.8774038461538461 0.47475961538461536 0.03125 0.07932692307692307
3 0.06009615384615385 0.8004807692307693 0.04567307692307692 0.10576923076923077
2 0.5625 0.7067307692307693 0.055288461538461536 0.09615384615384616
3 0.7175480769230769 0.20432692307692307 0.016826923076923076 0.04567307692307692
2 0.34615384615384615 0.35096153846153844 0.021634615384615384 0.05048076923076923