3 0.16706730769230768 0.2956730769230769 0.019230769230769232 0.052884615384615384
2 0.3076923076923077 0.3329326923076923 0.026442307692307692 0.04807692307692308
2 0.27403846153846156 0.33653846153846156 0.021634615384615384 0.05048076923076923
2 0.4338942307692308 0.25600961538461536 0.019230769230769232 0.04807692307692308
2 0.5877403846153846 0.24519230769230768 0.019230769230769232 0.05048076923076923
2 0.3269230769230769 0.28125 0.02403846153846154 0.04567307692307692
2 0.5324519230769231 0.2824519230769231 0.02403846153846154 0.055288461538461536
2 0.6129807692307693 0.2403846153846154 0.021634615384615384 0.04807692307692308
2 0.7992788461538461 0.38822115384615385 0.03125 0.06971153846153846
2 0.3269230769230769 0.3269230769230769 0.021634615384615384 0.055288461538461536
2 0.6766826923076923 0.29086538461538464 0.021634615384615384 0.0625
2 0.5685096153846154 0.265625 0.021634615384615384 0.055288461538461536
3 0.40384615384615385 0.359375 0.02403846153846154 0.06490384615384616
2 0.30288461538461536 0.36899038461538464 0.026442307692307692 0.057692307692307696
2 0.5084134615384616 0.30408653846153844 0.02403846153846154 0.057692307692307696
2 0.15144230769230768 0.4639423076923077 0.03125 0.06490384615384616
2 0.4411057692307692 0.33413461538461536 0.026442307692307692 0.06009615384615385
2 0.421875 0.35096153846153844 0.02403846153846154 0.06009615384615385
2 0.2644230769230769 0.5024038461538461 0.038461538461538464 0.07932692307692307
2 0.2403846153846154 0.5228365384615384 0.036057692307692304 0.07692307692307693
2 0.28846153846153844 0.3293269230769231 0.02403846153846154 0.04807692307692308
2 0.296875 0.3161057692307692 0.019230769230769232 0.04807692307692308