2 0.5865384615384616 0.25961538461538464 0.014423076923076924 0.03365384615384615
2 0.6346153846153846 0.31009615384615385 0.014423076923076924 0.040865384615384616
2 0.37259615384615385 0.2704326923076923 0.019230769230769232 0.04326923076923077
2 0.671875 0.3557692307692308 0.016826923076923076 0.05048076923076923
2 0.41947115384615385 0.3088942307692308 0.021634615384615384 0.05048076923076923
2 0.5084134615384616 0.33774038461538464 0.019230769230769232 0.05048076923076923
3 0.5420673076923077 0.37259615384615385 0.021634615384615384 0.055288461538461536
0 0.3329326923076923 0.6177884615384616 0.009615384615384616 0.014423076923076924
2 0.7764423076923077 0.484375 0.028846153846153848 0.057692307692307696
2 0.5048076923076923 0.5372596153846154 0.02403846153846154 0.06009615384615385
2 0.6899038461538461 0.40024038461538464 0.028846153846153848 0.0625
2 0.2860576923076923 0.4639423076923077 0.028846153846153848 0.07451923076923077
2 0.5901442307692307 0.4098557692307692 0.02403846153846154 0.0673076923076923
2 0.06370192307692307 0.4891826923076923 0.038461538461538464 0.08173076923076923
2 0.2764423076923077 0.4579326923076923 0.026442307692307692 0.07692307692307693
2 0.42788461538461536 0.6778846153846154 0.036057692307692304 0.10576923076923077
2 0.5829326923076923 0.4795673076923077 0.03125 0.057692307692307696
1 0.9807692307692307 0.4110576923076923 0.02403846153846154 0.055288461538461536
2 0.6153846153846154 0.4170673076923077 0.026442307692307692 0.0625
2 0.19471153846153846 0.30408653846153844 0.02403846153846154 0.057692307692307696
2 0.7487980769230769 0.5685096153846154 0.036057692307692304 0.07211538461538461
2 0.7175480769230769 0.5865384615384616 0.03365384615384615 0.08413461538461539
3 0.25961538461538464 0.20673076923076922 0.016826923076923076 0.04326923076923077