2 0.19591346153846154 0.296875 0.01201923076923077 0.04326923076923077
2 0.5192307692307693 0.2860576923076923 0.01201923076923077 0.04326923076923077
3 0.9038461538461539 0.6129807692307693 0.026442307692307692 0.0889423076923077
2 0.4831730769230769 0.2644230769230769 0.01201923076923077 0.04326923076923077
2 0.5949519230769231 0.32572115384615385 0.01201923076923077 0.052884615384615384
2 0.34615384615384615 0.3389423076923077 0.01201923076923077 0.04567307692307692
2 0.8473557692307693 0.3016826923076923 0.014423076923076924 0.052884615384615384
3 0.4483173076923077 0.3762019230769231 0.01201923076923077 0.055288461538461536
2 0.38100961538461536 0.33653846153846156 0.014423076923076924 0.052884615384615384
2 0.25721153846153844 0.48197115384615385 0.014423076923076924 0.07211538461538461
2 0.5252403846153846 0.3713942307692308 0.019230769230769232 0.057692307692307696
2 0.4423076923076923 0.5036057692307693 0.016826923076923076 0.07451923076923077
2 0.5901442307692307 0.36177884615384615 0.014423076923076924 0.06009615384615385
2 0.7367788461538461 0.515625 0.021634615384615384 0.07932692307692307
2 0.6069711538461539 0.4987980769230769 0.02403846153846154 0.06009615384615385
2 0.37259615384615385 0.5552884615384616 0.03125 0.07451923076923077
2 0.10697115384615384 0.3858173076923077 0.014423076923076924 0.057692307692307696
2 0.7163461538461539 0.5252403846153846 0.016826923076923076 0.08413461538461539
2 0.5685096153846154 0.5108173076923077 0.016826923076923076 0.07692307692307693
2 0.39903846153846156 0.5420673076923077 0.016826923076923076 0.07211538461538461
2 0.6694711538461539 0.3942307692307692 0.016826923076923076 0.0625
2 0.53125 0.5444711538461539 0.026442307692307692 0.07932692307692307
2 0.08052884615384616 0.546875 0.028846153846153848 0.08173076923076923
0 0.6105769230769231 0.25600961538461536 0.009615384615384616 0.014423076923076924
3 0.13942307692307693 0.24759615384615385 0.009615384615384616 0.036057692307692304