3 0.35096153846153844 0.23076923076923078 0.009615384615384616 0.05048076923076923
2 0.4639423076923077 0.24519230769230768 0.014423076923076924 0.04326923076923077
2 0.8834134615384616 0.33653846153846156 0.009615384615384616 0.0625
2 0.8485576923076923 0.30528846153846156 0.009615384615384616 0.057692307692307696
2 0.7331730769230769 0.2824519230769231 0.009615384615384616 0.05048076923076923
2 0.8798076923076923 0.2956730769230769 0.014423076923076924 0.052884615384615384
2 0.5348557692307693 0.28725961538461536 0.009615384615384616 0.052884615384615384
2 0.49158653846153844 0.26322115384615385 0.01201923076923077 0.04807692307692308
2 0.31009615384615385 0.265625 0.009615384615384616 0.052884615384615384
2 0.9338942307692307 0.5745192307692307 0.019230769230769232 0.0985576923076923
2 0.3870192307692308 0.3245192307692308 0.014423076923076924 0.0625
2 0.8894230769230769 0.3858173076923077 0.01201923076923077 0.07211538461538461
2 0.7668269230769231 0.36778846153846156 0.016826923076923076 0.0673076923076923
2 0.5973557692307693 0.29927884615384615 0.009615384615384616 0.055288461538461536
2 0.8629807692307693 0.33774038461538464 0.014423076923076924 0.07211538461538461
1 0.036057692307692304 0.33774038461538464 0.016826923076923076 0.06490384615384616
2 0.6875 0.38221153846153844 0.014423076923076924 0.057692307692307696
2 0.4026442307692308 0.359375 0.014423076923076924 0.06490384615384616
3 0.7043269230769231 0.34375 0.014423076923076924 0.0625
2 0.3894230769230769 0.3942307692307692 0.014423076923076924 0.07211538461538461
2 0.08653846153846154 0.40625 0.02403846153846154 0.07211538461538461
2 0.18389423076923078 0.6899038461538461 0.03365384615384615 0.11057692307692307
2 0.8557692307692307 0.7463942307692307 0.026442307692307692 0.1201923076923077
0 0.44591346153846156 0.265625 0.004807692307692308 0.009615384615384616