2 0.43509615384615385 0.41346153846153844 0.021634615384615384 0.04807692307692308
2 0.46634615384615385 0.30528846153846156 0.02403846153846154 0.04567307692307692
2 0.3762019230769231 0.3173076923076923 0.021634615384615384 0.04807692307692308
2 0.5012019230769231 0.2800480769230769 0.019230769230769232 0.040865384615384616
1 0.14302884615384615 0.22596153846153846 0.02403846153846154 0.04807692307692308
2 0.46875 0.3894230769230769 0.03125 0.0625
2 0.3473557692307692 0.3954326923076923 0.028846153846153848 0.057692307692307696
2 0.359375 0.34134615384615385 0.028846153846153848 0.0625
3 0.5336538461538461 0.39903846153846156 0.02403846153846154 0.05048076923076923
2 0.7728365384615384 0.38461538461538464 0.02403846153846154 0.05048076923076923
2 0.578125 0.38461538461538464 0.02403846153846154 0.057692307692307696
2 0.421875 0.453125 0.028846153846153848 0.06009615384615385
2 0.6129807692307693 0.3954326923076923 0.03125 0.055288461538461536
2 0.3329326923076923 0.4026442307692308 0.026442307692307692 0.06490384615384616
2 0.32091346153846156 0.35216346153846156 0.03125 0.0625
2 0.5216346153846154 0.4639423076923077 0.03125 0.06009615384615385
2 0.4098557692307692 0.5120192307692307 0.03365384615384615 0.06971153846153846
2 0.5240384615384616 0.5132211538461539 0.026442307692307692 0.06009615384615385
3 0.06009615384615385 0.5264423076923077 0.040865384615384616 0.0889423076923077
2 0.7752403846153846 0.46274038461538464 0.028846153846153848 0.057692307692307696
2 0.6081730769230769 0.578125 0.036057692307692304 0.07692307692307693
2 0.6538461538461539 0.5733173076923077 0.04326923076923077 0.07451923076923077
2 0.8149038461538461 0.5961538461538461 0.040865384615384616 0.07451923076923077
3 0.7956730769230769 0.3137019230769231 0.016826923076923076 0.03365384615384615
0 0.6213942307692307 0.5985576923076923 0.01201923076923077 0.016826923076923076