3 0.27283653846153844 0.27884615384615385 0.014423076923076924 0.038461538461538464
0 0.359375 0.6213942307692307 0.007211538461538462 0.01201923076923077
2 0.3557692307692308 0.3076923076923077 0.01201923076923077 0.040865384615384616
2 0.6490384615384616 0.31009615384615385 0.014423076923076924 0.05048076923076923
2 0.43509615384615385 0.33413461538461536 0.014423076923076924 0.04807692307692308
2 0.6165865384615384 0.28725961538461536 0.016826923076923076 0.04567307692307692
2 0.4735576923076923 0.33653846153846156 0.016826923076923076 0.052884615384615384
3 0.5564903846153846 0.39903846153846156 0.016826923076923076 0.057692307692307696
2 0.8569711538461539 0.6622596153846154 0.02403846153846154 0.0985576923076923
2 0.6814903846153846 0.3473557692307692 0.019230769230769232 0.05048076923076923
2 0.6682692307692307 0.3605769230769231 0.019230769230769232 0.06009615384615385
2 0.7259615384615384 0.375 0.021634615384615384 0.06490384615384616
2 0.6225961538461539 0.5 0.019230769230769232 0.06009615384615385
2 0.5985576923076923 0.44350961538461536 0.021634615384615384 0.06971153846153846
2 0.2247596153846154 0.36778846153846156 0.016826923076923076 0.055288461538461536
2 0.5372596153846154 0.4050480769230769 0.021634615384615384 0.0673076923076923
2 0.78125 0.4639423076923077 0.021634615384615384 0.07451923076923077
2 0.4879807692307692 0.6322115384615384 0.026442307692307692 0.09375
2 0.078125 0.59375 0.026442307692307692 0.08173076923076923
2 0.8185096153846154 0.7584134615384616 0.038461538461538464 0.11057692307692307
2 0.35697115384615385 0.7019230769230769 0.03125 0.09375
2 0.32211538461538464 0.49278846153846156 0.02403846153846154 0.07211538461538461
2 0.2764423076923077 0.4567307692307692 0.019230769230769232 0.0625