3 0.21754807692307693 0.22956730769230768 0.009615384615384616 0.046875
2 0.33774038461538464 0.28365384615384615 0.018028846153846152 0.040865384615384616
2 0.3076923076923077 0.28125 0.013221153846153846 0.04447115384615385
2 0.46033653846153844 0.23317307692307693 0.01201923076923077 0.042067307692307696
2 0.5997596153846154 0.2439903846153846 0.009615384615384616 0.04567307692307692
2 0.3629807692307692 0.2403846153846154 0.015625 0.038461538461538464
2 0.5456730769230769 0.26802884615384615 0.013221153846153846 0.04807692307692308
2 0.6237980769230769 0.24278846153846154 0.013221153846153846 0.042067307692307696
2 0.7692307692307693 0.4014423076923077 0.018028846153846152 0.0625
2 0.3557692307692308 0.2800480769230769 0.01201923076923077 0.04807692307692308
2 0.6730769230769231 0.296875 0.009615384615384616 0.056490384615384616
2 0.5805288461538461 0.25961538461538464 0.010817307692307692 0.05048076923076923
3 0.4206730769230769 0.31971153846153844 0.013221153846153846 0.056490384615384616
2 0.328125 0.31490384615384615 0.015625 0.05048076923076923
2 0.5204326923076923 0.2848557692307692 0.014423076923076924 0.05048076923076923
2 0.17908653846153846 0.37740384615384615 0.020432692307692308 0.056490384615384616
2 0.45552884615384615 0.30288461538461536 0.015625 0.054086538461538464
2 0.4375 0.3137019230769231 0.013221153846153846 0.054086538461538464
2 0.27524038461538464 0.42788461538461536 0.025240384615384616 0.06850961538461539
2 0.2512019230769231 0.44350961538461536 0.02283653846153846 0.0673076923076923
2 0.32091346153846156 0.2764423076923077 0.016826923076923076 0.040865384615384616
2 0.33052884615384615 0.265625 0.01201923076923077 0.040865384615384616