0 0.7932692307692307 0.5192307692307693 0.006009615384615385 0.010817307692307692
2 0.35336538461538464 0.296875 0.008413461538461538 0.04326923076923077
3 0.7139423076923077 0.25841346153846156 0.010817307692307692 0.03485576923076923
2 0.3581730769230769 0.25721153846153844 0.007211538461538462 0.040865384615384616
2 0.4543269230769231 0.32211538461538464 0.009615384615384616 0.052884615384615384
2 0.21153846153846154 0.4963942307692308 0.009615384615384616 0.0733173076923077
2 0.4483173076923077 0.33413461538461536 0.007211538461538462 0.05048076923076923
2 0.5528846153846154 0.2800480769230769 0.009615384615384616 0.04447115384615385
2 0.30649038461538464 0.3401442307692308 0.008413461538461538 0.054086538461538464
2 0.36899038461538464 0.36177884615384615 0.010817307692307692 0.054086538461538464
2 0.390625 0.37259615384615385 0.01201923076923077 0.057692307692307696
2 0.3317307692307692 0.36177884615384615 0.010817307692307692 0.0625
2 0.8269230769230769 0.4963942307692308 0.028846153846153848 0.06610576923076923
3 0.41346153846153844 0.4050480769230769 0.01201923076923077 0.06129807692307692
2 0.24278846153846154 0.4423076923076923 0.014423076923076924 0.0673076923076923
2 0.5685096153846154 0.45552884615384615 0.01201923076923077 0.07091346153846154
2 0.6899038461538461 0.34615384615384615 0.013221153846153846 0.055288461538461536
2 0.3737980769230769 0.4567307692307692 0.014423076923076924 0.06370192307692307
2 0.21995192307692307 0.5072115384615384 0.014423076923076924 0.07451923076923077
2 0.19471153846153846 0.43028846153846156 0.015625 0.06971153846153846
2 0.4987980769230769 0.4375 0.013221153846153846 0.07091346153846154
2 0.45552884615384615 0.5408653846153846 0.015625 0.08653846153846154
2 0.7067307692307693 0.7259615384615384 0.025240384615384616 0.10697115384615384