2 0.31850961538461536 0.3161057692307692 0.01201923076923077 0.04326923076923077
2 0.5961538461538461 0.2644230769230769 0.01201923076923077 0.040865384615384616
2 0.34975961538461536 0.3713942307692308 0.016826923076923076 0.055288461538461536
2 0.3473557692307692 0.2848557692307692 0.01201923076923077 0.038461538461538464
2 0.30649038461538464 0.3473557692307692 0.019230769230769232 0.055288461538461536
0 0.7740384615384616 0.5685096153846154 0.009615384615384616 0.014423076923076924
2 0.17548076923076922 0.39903846153846156 0.016826923076923076 0.0625
2 0.5336538461538461 0.29447115384615385 0.014423076923076924 0.04807692307692308
2 0.47836538461538464 0.3137019230769231 0.009615384615384616 0.05048076923076923
3 0.4326923076923077 0.3701923076923077 0.009615384615384616 0.055288461538461536
2 0.18509615384615385 0.42908653846153844 0.01201923076923077 0.0625
2 0.14783653846153846 0.49158653846153844 0.02403846153846154 0.0625
2 0.3425480769230769 0.45913461538461536 0.014423076923076924 0.06490384615384616
2 0.3918269230769231 0.23076923076923078 0.009615384615384616 0.038461538461538464
2 0.7055288461538461 0.31850961538461536 0.01201923076923077 0.055288461538461536
2 0.4951923076923077 0.46033653846153844 0.016826923076923076 0.07451923076923077
2 0.5516826923076923 0.4723557692307692 0.019230769230769232 0.0673076923076923
1 0.006009615384615385 0.3245192307692308 0.01201923076923077 0.052884615384615384
2 0.8713942307692307 0.5024038461538461 0.021634615384615384 0.07211538461538461
2 0.47475961538461536 0.5444711538461539 0.016826923076923076 0.08653846153846154
2 0.21634615384615385 0.4543269230769231 0.009615384615384616 0.0673076923076923
2 0.59375 0.6201923076923077 0.021634615384615384 0.0889423076923077
3 0.7211538461538461 0.21875 0.009615384615384616 0.038461538461538464