0 0.18269230769230768 0.4338942307692308 0.009615384615384616 0.01201923076923077
2 0.7091346153846154 0.32211538461538464 0.019230769230769232 0.04807692307692308
3 0.3401442307692308 0.18028846153846154 0.021634615384615384 0.040865384615384616
2 0.7151442307692307 0.2800480769230769 0.019230769230769232 0.04567307692307692
2 0.5961538461538461 0.32211538461538464 0.026442307692307692 0.057692307692307696
2 0.8028846153846154 0.5733173076923077 0.03125 0.07932692307692307
2 0.5985576923076923 0.33653846153846156 0.021634615384615384 0.055288461538461536
2 0.5024038461538461 0.24759615384615385 0.02403846153846154 0.04807692307692308
2 0.7463942307692307 0.38221153846153844 0.02403846153846154 0.06009615384615385
2 0.6730769230769231 0.3870192307692308 0.026442307692307692 0.06009615384615385
2 0.6490384615384616 0.3918269230769231 0.028846153846153848 0.06490384615384616
2 0.7139423076923077 0.39783653846153844 0.028846153846153848 0.0673076923076923
2 0.15264423076923078 0.39903846153846156 0.04807692307692308 0.07692307692307693
3 0.6141826923076923 0.41947115384615385 0.028846153846153848 0.0673076923076923
2 0.7836538461538461 0.5060096153846154 0.03365384615384615 0.07451923076923077
2 0.4362980769230769 0.42908653846153844 0.03365384615384615 0.07932692307692307
2 0.3389423076923077 0.2800480769230769 0.028846153846153848 0.0625
2 0.6430288461538461 0.484375 0.03365384615384615 0.07211538461538461
2 0.7908653846153846 0.5829326923076923 0.036057692307692304 0.08413461538461539
2 0.8377403846153846 0.5072115384615384 0.036057692307692304 0.07932692307692307
2 0.515625 0.43028846153846156 0.03365384615384615 0.07932692307692307
2 0.5324519230769231 0.5504807692307693 0.040865384615384616 0.09375
2 0.21634615384615385 0.6754807692307693 0.057692307692307696 0.1201923076923077