2 0.25 0.3581730769230769 0.019230769230769232 0.04567307692307692
2 0.515625 0.2692307692307692 0.016826923076923076 0.040865384615384616
2 0.28846153846153844 0.4098557692307692 0.02403846153846154 0.057692307692307696
2 0.27403846153846156 0.3245192307692308 0.016826923076923076 0.040865384615384616
2 0.24158653846153846 0.390625 0.026442307692307692 0.057692307692307696
0 0.7355769230769231 0.5456730769230769 0.009615384615384616 0.014423076923076924
2 0.1201923076923077 0.46033653846153844 0.026442307692307692 0.06490384615384616
2 0.46033653846153844 0.3076923076923077 0.021634615384615384 0.05048076923076923
2 0.40865384615384615 0.33413461538461536 0.016826923076923076 0.05048076923076923
3 0.36899038461538464 0.39663461538461536 0.019230769230769232 0.055288461538461536
2 0.13341346153846154 0.4891826923076923 0.021634615384615384 0.0625
2 0.1045673076923077 0.5564903846153846 0.03365384615384615 0.06490384615384616
2 0.29447115384615385 0.49759615384615385 0.02403846153846154 0.06490384615384616
2 0.31009615384615385 0.26322115384615385 0.014423076923076924 0.038461538461538464
2 0.6334134615384616 0.3076923076923077 0.019230769230769232 0.055288461538461536
2 0.44471153846153844 0.47716346153846156 0.026442307692307692 0.07451923076923077
2 0.5024038461538461 0.48197115384615385 0.028846153846153848 0.0673076923076923
2 0.8233173076923077 0.46634615384615385 0.03125 0.07451923076923077
2 0.4362980769230769 0.5637019230769231 0.028846153846153848 0.08653846153846154
2 0.16826923076923078 0.5096153846153846 0.019230769230769232 0.0673076923076923
2 0.5637019230769231 0.6213942307692307 0.03365384615384615 0.09134615384615384
3 0.6346153846153846 0.20552884615384615 0.014423076923076924 0.038461538461538464