2 0.5480769230769231 0.28125 0.014423076923076924 0.03125
2 0.5408653846153846 0.296875 0.01201923076923077 0.03365384615384615
2 0.7007211538461539 0.2956730769230769 0.01201923076923077 0.038461538461538464
1 0.9615384615384616 0.3137019230769231 0.014423076923076924 0.036057692307692304
2 0.7331730769230769 0.35336538461538464 0.014423076923076924 0.040865384615384616
2 0.6971153846153846 0.33653846153846156 0.014423076923076924 0.04567307692307692
2 0.71875 0.3112980769230769 0.01201923076923077 0.04326923076923077
3 0.5865384615384616 0.3245192307692308 0.01201923076923077 0.04326923076923077
2 0.6045673076923077 0.3389423076923077 0.016826923076923076 0.04567307692307692
2 0.46153846153846156 0.3629807692307692 0.01201923076923077 0.04807692307692308
2 0.42427884615384615 0.31850961538461536 0.016826923076923076 0.036057692307692304
2 0.3233173076923077 0.3786057692307692 0.01201923076923077 0.052884615384615384
2 0.8112980769230769 0.36778846153846156 0.01201923076923077 0.04807692307692308
2 0.765625 0.3317307692307692 0.01201923076923077 0.05048076923076923
2 0.6262019230769231 0.36658653846153844 0.01201923076923077 0.05048076923076923
2 0.2764423076923077 0.41947115384615385 0.019230769230769232 0.06009615384615385
2 0.36658653846153844 0.4495192307692308 0.016826923076923076 0.057692307692307696
2 0.30288461538461536 0.4639423076923077 0.014423076923076924 0.057692307692307696
2 0.796875 0.4387019230769231 0.019230769230769232 0.06009615384615385
2 0.5661057692307693 0.4098557692307692 0.016826923076923076 0.055288461538461536
2 0.6526442307692307 0.49759615384615385 0.021634615384615384 0.0625
2 0.3894230769230769 0.7728365384615384 0.028846153846153848 0.10336538461538461
2 0.359375 0.7836538461538461 0.028846153846153848 0.10576923076923077
3 0.28966346153846156 0.2932692307692308 0.01201923076923077 0.040865384615384616
2 0.6935096153846154 0.3076923076923077 0.014423076923076924 0.038461538461538464