2 0.5120192307692307 0.16105769230769232 0.019230769230769232 0.038461538461538464
2 0.5805288461538461 0.18870192307692307 0.019230769230769232 0.04326923076923077
2 0.3088942307692308 0.2644230769230769 0.026442307692307692 0.04567307692307692
2 0.6358173076923077 0.21754807692307693 0.02403846153846154 0.055288461538461536
2 0.3701923076923077 0.28125 0.026442307692307692 0.052884615384615384
2 0.4699519230769231 0.27163461538461536 0.026442307692307692 0.055288461538461536
3 0.5180288461538461 0.28966346153846156 0.026442307692307692 0.057692307692307696
0 0.4206730769230769 0.6213942307692307 0.01201923076923077 0.016826923076923076
2 0.7944711538461539 0.296875 0.038461538461538464 0.0625
2 0.5528846153846154 0.4675480769230769 0.03125 0.0625
2 0.6730769230769231 0.2536057692307692 0.036057692307692304 0.0673076923076923
2 0.3076923076923077 0.49038461538461536 0.038461538461538464 0.07932692307692307
2 0.5793269230769231 0.30528846153846156 0.03365384615384615 0.06971153846153846
2 0.10336538461538461 0.6117788461538461 0.05048076923076923 0.08653846153846154
2 0.2956730769230769 0.49038461538461536 0.036057692307692304 0.08173076923076923
2 0.5396634615384616 0.6370192307692307 0.04807692307692308 0.11057692307692307
2 0.6033653846153846 0.3762019230769231 0.040865384615384616 0.0625
2 0.6081730769230769 0.3016826923076923 0.03365384615384615 0.0673076923076923
2 0.1502403846153846 0.375 0.03125 0.0625
2 0.8028846153846154 0.3918269230769231 0.04567307692307692 0.07692307692307693
2 0.78125 0.421875 0.04567307692307692 0.09134615384615384
3 0.17067307692307693 0.2512019230769231 0.02403846153846154 0.04567307692307692