2 0.5024038461538461 0.30649038461538464 0.014423076923076924 0.04567307692307692
2 0.8016826923076923 0.42908653846153844 0.015625 0.06009615384615385
3 0.7487980769230769 0.2247596153846154 0.01201923076923077 0.04326923076923077
2 0.8016826923076923 0.37740384615384615 0.014423076923076924 0.04927884615384615
2 0.49158653846153844 0.3269230769230769 0.013221153846153846 0.046875
0 0.3786057692307692 0.42427884615384615 0.006009615384615385 0.01201923076923077
2 0.6478365384615384 0.2536057692307692 0.013221153846153846 0.038461538461538464
2 0.3485576923076923 0.24879807692307693 0.008413461538461538 0.046875
2 0.5456730769230769 0.23677884615384615 0.014423076923076924 0.039663461538461536
2 0.47115384615384615 0.29086538461538464 0.010817307692307692 0.051682692307692304
2 0.3762019230769231 0.25240384615384615 0.009615384615384616 0.04567307692307692
3 0.5480769230769231 0.3389423076923077 0.014423076923076924 0.054086538461538464
2 0.7572115384615384 0.296875 0.014423076923076924 0.051682692307692304
2 0.6526442307692307 0.30528846153846156 0.01201923076923077 0.055288461538461536
2 0.6382211538461539 0.33533653846153844 0.013221153846153846 0.046875
2 0.33774038461538464 0.2704326923076923 0.01201923076923077 0.04927884615384615
2 0.27163461538461536 0.31971153846153844 0.013221153846153846 0.06009615384615385
2 0.6911057692307693 0.31850961538461536 0.015625 0.055288461538461536
2 0.40384615384615385 0.3329326923076923 0.014423076923076924 0.052884615384615384
2 0.5829326923076923 0.34375 0.018028846153846152 0.055288461538461536
2 0.3004807692307692 0.43990384615384615 0.02283653846153846 0.06971153846153846
2 0.7764423076923077 0.5252403846153846 0.019230769230769232 0.07211538461538461
2 0.5612980769230769 0.2980769230769231 0.014423076923076924 0.052884615384615384