2 0.4675480769230769 0.28125 0.014423076923076924 0.040865384615384616
3 0.43028846153846156 0.3161057692307692 0.016826923076923076 0.04807692307692308
2 0.27283653846153844 0.27884615384615385 0.016826923076923076 0.040865384615384616
2 0.390625 0.2548076923076923 0.014423076923076924 0.03365384615384615
2 0.5865384615384616 0.2800480769230769 0.01201923076923077 0.040865384615384616
2 0.36778846153846156 0.3173076923076923 0.01201923076923077 0.040865384615384616
2 0.5564903846153846 0.25841346153846156 0.01201923076923077 0.036057692307692304
2 0.3317307692307692 0.28846153846153844 0.01201923076923077 0.04326923076923077
2 0.5805288461538461 0.30528846153846156 0.016826923076923076 0.038461538461538464
2 0.5192307692307693 0.27163461538461536 0.014423076923076924 0.038461538461538464
2 0.4987980769230769 0.2764423076923077 0.01201923076923077 0.040865384615384616
2 0.23317307692307693 0.28846153846153844 0.019230769230769232 0.04807692307692308
1 0.9002403846153846 0.328125 0.014423076923076924 0.04567307692307692
2 0.20072115384615385 0.29086538461538464 0.014423076923076924 0.05048076923076923
2 0.7487980769230769 0.3076923076923077 0.014423076923076924 0.04567307692307692
2 0.19110576923076922 0.33653846153846156 0.014423076923076924 0.052884615384615384
2 0.4963942307692308 0.35096153846153844 0.01201923076923077 0.052884615384615384
2 0.7487980769230769 0.36658653846153844 0.016826923076923076 0.052884615384615384
2 0.41947115384615385 0.3701923076923077 0.019230769230769232 0.057692307692307696
2 0.3605769230769231 0.38822115384615385 0.019230769230769232 0.05048076923076923
2 0.6850961538461539 0.46634615384615385 0.019230769230769232 0.0673076923076923
3 0.6598557692307693 0.24519230769230768 0.01201923076923077 0.038461538461538464
0 0.5853365384615384 0.32211538461538464 0.007211538461538462 0.01201923076923077
2 0.3737980769230769 0.25961538461538464 0.014423076923076924 0.040865384615384616