2 0.5564903846153846 0.2848557692307692 0.01201923076923077 0.03125
2 0.546875 0.3004807692307692 0.009615384615384616 0.03365384615384615
2 0.703125 0.31009615384615385 0.008413461538461538 0.038461538461538464
1 0.9591346153846154 0.3449519230769231 0.010817307692307692 0.036057692307692304
2 0.7319711538461539 0.36899038461538464 0.010817307692307692 0.039663461538461536
2 0.6971153846153846 0.35096153846153844 0.010817307692307692 0.04326923076923077
2 0.7211538461538461 0.32572115384615385 0.009615384615384616 0.042067307692307696
3 0.5901442307692307 0.3293269230769231 0.007211538461538462 0.042067307692307696
2 0.6069711538461539 0.3449519230769231 0.01201923076923077 0.04447115384615385
2 0.4651442307692308 0.359375 0.008413461538461538 0.046875
2 0.43149038461538464 0.3137019230769231 0.013221153846153846 0.036057692307692304
2 0.328125 0.36658653846153844 0.009615384615384616 0.05048076923076923
2 0.8076923076923077 0.38822115384615385 0.009615384615384616 0.046875
2 0.7644230769230769 0.35096153846153844 0.008413461538461538 0.04807692307692308
2 0.6262019230769231 0.375 0.009615384615384616 0.04927884615384615
2 0.27884615384615385 0.4026442307692308 0.013221153846153846 0.057692307692307696
2 0.36538461538461536 0.4375 0.01201923076923077 0.056490384615384616
2 0.3016826923076923 0.4483173076923077 0.010817307692307692 0.056490384615384616
2 0.7884615384615384 0.4567307692307692 0.013221153846153846 0.057692307692307696
2 0.5637019230769231 0.41225961538461536 0.01201923076923077 0.052884615384615384
2 0.6430288461538461 0.5060096153846154 0.018028846153846152 0.06129807692307692
2 0.36538461538461536 0.7572115384615384 0.02283653846153846 0.10096153846153846
2 0.33533653846153844 0.765625 0.021634615384615384 0.10216346153846154
3 0.3004807692307692 0.27884615384615385 0.009615384615384616 0.040865384615384616
2 0.6959134615384616 0.32211538461538464 0.010817307692307692 0.038461538461538464