3 0.30649038461538464 0.2644230769230769 0.010817307692307692 0.037259615384615384
0 0.36177884615384615 0.6057692307692307 0.006009615384615385 0.01201923076923077
2 0.38341346153846156 0.29927884615384615 0.009615384615384616 0.039663461538461536
2 0.6694711538461539 0.3269230769230769 0.009615384615384616 0.04807692307692308
2 0.45913461538461536 0.3329326923076923 0.010817307692307692 0.046875
2 0.640625 0.3016826923076923 0.01201923076923077 0.04326923076923077
3 0.9903846153846154 0.8112980769230769 0.018028846153846152 0.09375
2 0.4963942307692308 0.3389423076923077 0.01201923076923077 0.05048076923076923
3 0.5721153846153846 0.40625 0.010817307692307692 0.055288461538461536
2 0.8425480769230769 0.6875 0.015625 0.09615384615384616
2 0.6971153846153846 0.36778846153846156 0.014423076923076924 0.05048076923076923
2 0.6850961538461539 0.3786057692307692 0.014423076923076924 0.057692307692307696
2 0.7391826923076923 0.39783653846153844 0.015625 0.0625
2 0.6286057692307693 0.5096153846153846 0.014423076923076924 0.05889423076923077
2 0.6105769230769231 0.4519230769230769 0.015625 0.06610576923076923
2 0.2512019230769231 0.3473557692307692 0.013221153846153846 0.054086538461538464
2 0.5528846153846154 0.4110576923076923 0.016826923076923076 0.06490384615384616
2 0.7860576923076923 0.4891826923076923 0.015625 0.07211538461538461
2 0.4855769230769231 0.6286057692307693 0.016826923076923076 0.09014423076923077
2 0.0889423076923077 0.5552884615384616 0.020432692307692308 0.078125
2 0.796875 0.7788461538461539 0.027644230769230768 0.10697115384615384
2 0.35216346153846156 0.6838942307692307 0.02283653846153846 0.0889423076923077
2 0.33533653846153844 0.47716346153846156 0.015625 0.06971153846153846
2 0.29447115384615385 0.4387019230769231 0.013221153846153846 0.06129807692307692