2 0.171875 0.3737980769230769 0.021634615384615384 0.04807692307692308
3 0.5817307692307693 0.21875 0.019230769230769232 0.040865384615384616
2 0.1778846153846154 0.41346153846153844 0.02403846153846154 0.05048076923076923
1 0.8521634615384616 0.25600961538461536 0.02403846153846154 0.052884615384615384
2 0.6081730769230769 0.25 0.021634615384615384 0.040865384615384616
2 0.21754807692307693 0.38341346153846156 0.021634615384615384 0.04807692307692308
2 0.42788461538461536 0.31971153846153844 0.021634615384615384 0.04807692307692308
2 0.6177884615384616 0.2860576923076923 0.021634615384615384 0.05048076923076923
2 0.4182692307692308 0.3473557692307692 0.026442307692307692 0.052884615384615384
2 0.45913461538461536 0.27163461538461536 0.019230769230769232 0.040865384615384616
2 0.45072115384615385 0.296875 0.021634615384615384 0.04807692307692308
2 0.3449519230769231 0.4567307692307692 0.02403846153846154 0.057692307692307696
2 0.13581730769230768 0.5108173076923077 0.028846153846153848 0.06490384615384616
2 0.13701923076923078 0.4735576923076923 0.028846153846153848 0.0673076923076923
3 0.3641826923076923 0.4014423076923077 0.026442307692307692 0.057692307692307696
2 0.15144230769230768 0.47475961538461536 0.03125 0.0673076923076923
2 0.2860576923076923 0.4326923076923077 0.028846153846153848 0.0625
2 0.8918269230769231 0.33774038461538464 0.028846153846153848 0.07211538461538461
2 0.5552884615384616 0.34134615384615385 0.026442307692307692 0.057692307692307696
2 0.15625 0.6766826923076923 0.05048076923076923 0.09134615384615384
2 0.5348557692307693 0.4014423076923077 0.028846153846153848 0.06490384615384616
2 0.18389423076923078 0.9447115384615384 0.055288461538461536 0.11057692307692307
3 0.13822115384615385 0.9783653846153846 0.06490384615384616 0.04326923076923077
2 0.6754807692307693 0.5841346153846154 0.04567307692307692 0.09615384615384616
0 0.8641826923076923 0.2956730769230769 0.009615384615384616 0.014423076923076924