2 0.6634615384615384 0.22716346153846154 0.016826923076923076 0.04326923076923077
2 0.6538461538461539 0.24639423076923078 0.02403846153846154 0.04567307692307692
3 0.6298076923076923 0.2620192307692308 0.016826923076923076 0.05048076923076923
2 0.6911057692307693 0.24519230769230768 0.02403846153846154 0.04807692307692308
2 0.7632211538461539 0.26802884615384615 0.026442307692307692 0.055288461538461536
2 0.6117788461538461 0.2764423076923077 0.021634615384615384 0.052884615384615384
2 0.5600961538461539 0.24278846153846154 0.021634615384615384 0.04807692307692308
2 0.7127403846153846 0.2692307692307692 0.02403846153846154 0.052884615384615384
2 0.3245192307692308 0.3545673076923077 0.021634615384615384 0.055288461538461536
2 0.65625 0.29927884615384615 0.026442307692307692 0.055288461538461536
2 0.4362980769230769 0.27163461538461536 0.016826923076923076 0.04326923076923077
2 0.47596153846153844 0.31009615384615385 0.019230769230769232 0.05048076923076923
2 0.7824519230769231 0.28125 0.026442307692307692 0.05048076923076923
2 0.609375 0.37740384615384615 0.026442307692307692 0.06490384615384616
2 0.22716346153846154 0.41586538461538464 0.028846153846153848 0.06490384615384616
2 0.49399038461538464 0.765625 0.04567307692307692 0.11057692307692307
2 0.25240384615384615 0.45913461538461536 0.026442307692307692 0.0673076923076923
2 0.2932692307692308 0.47836538461538464 0.036057692307692304 0.06971153846153846
2 0.4567307692307692 0.78125 0.04567307692307692 0.11538461538461539
2 0.6490384615384616 0.49038461538461536 0.040865384615384616 0.08173076923076923
2 0.7836538461538461 0.38822115384615385 0.03125 0.0673076923076923
2 0.8305288461538461 0.2956730769230769 0.028846153846153848 0.057692307692307696
3 0.25961538461538464 0.2668269230769231 0.019230769230769232 0.040865384615384616
2 0.5769230769230769 0.19831730769230768 0.019230769230769232 0.04326923076923077
0 0.7127403846153846 0.28846153846153844 0.007211538461538462 0.01201923076923077