0 0.8040865384615384 0.49038461538461536 0.007211538461538462 0.01201923076923077
2 0.3401442307692308 0.30408653846153844 0.01201923076923077 0.04567307692307692
3 0.7007211538461539 0.23317307692307693 0.014423076923076924 0.036057692307692304
2 0.34134615384615385 0.2644230769230769 0.01201923076923077 0.040865384615384616
2 0.44471153846153844 0.31971153846153844 0.014423076923076924 0.055288461538461536
2 0.21394230769230768 0.5192307692307693 0.016826923076923076 0.07451923076923077
2 0.43990384615384615 0.3329326923076923 0.01201923076923077 0.05048076923076923
2 0.5408653846153846 0.26802884615384615 0.014423076923076924 0.04567307692307692
2 0.296875 0.35096153846153844 0.014423076923076924 0.055288461538461536
2 0.3629807692307692 0.36899038461538464 0.014423076923076924 0.055288461538461536
2 0.3858173076923077 0.3762019230769231 0.016826923076923076 0.06009615384615385
2 0.3245192307692308 0.3713942307692308 0.016826923076923076 0.0625
2 0.8365384615384616 0.4639423076923077 0.03365384615384615 0.0673076923076923
3 0.4098557692307692 0.4074519230769231 0.016826923076923076 0.0625
2 0.24158653846153846 0.46033653846153844 0.019230769230769232 0.0673076923076923
2 0.5721153846153846 0.44591346153846156 0.019230769230769232 0.07211538461538461
2 0.6862980769230769 0.3245192307692308 0.019230769230769232 0.057692307692307696
2 0.375 0.46274038461538464 0.019230769230769232 0.06490384615384616
2 0.22355769230769232 0.5288461538461539 0.021634615384615384 0.07692307692307693
2 0.19230769230769232 0.4519230769230769 0.021634615384615384 0.07211538461538461
2 0.4987980769230769 0.4338942307692308 0.021634615384615384 0.07211538461538461
2 0.46634615384615385 0.5420673076923077 0.02403846153846154 0.0889423076923077
2 0.7355769230769231 0.7067307692307693 0.03365384615384615 0.11057692307692307