2 0.7848557692307693 0.2980769230769231 0.009615384615384616 0.042067307692307696
3 0.38341346153846156 0.25721153846153844 0.007211538461538462 0.037259615384615384
2 0.7872596153846154 0.33413461538461536 0.009615384615384616 0.04567307692307692
1 0.1502403846153846 0.3557692307692308 0.010817307692307692 0.04807692307692308
2 0.36538461538461536 0.29086538461538464 0.010817307692307692 0.036057692307692304
2 0.7463942307692307 0.3161057692307692 0.009615384615384616 0.042067307692307696
2 0.5432692307692307 0.3112980769230769 0.008413461538461538 0.04326923076923077
2 0.36538461538461536 0.32572115384615385 0.008413461538461538 0.046875
2 0.5588942307692307 0.3329326923076923 0.01201923076923077 0.046875
2 0.5048076923076923 0.27524038461538464 0.007211538461538462 0.037259615384615384
2 0.5180288461538461 0.2956730769230769 0.009615384615384616 0.042067307692307696
2 0.6502403846153846 0.41346153846153844 0.009615384615384616 0.052884615384615384
2 0.8497596153846154 0.4098557692307692 0.01201923076923077 0.057692307692307696
2 0.8389423076923077 0.3786057692307692 0.01201923076923077 0.05889423076923077
3 0.6189903846153846 0.36899038461538464 0.010817307692307692 0.05048076923076923
2 0.8257211538461539 0.38341346153846156 0.014423076923076924 0.06009615384615385
2 0.6971153846153846 0.37740384615384615 0.01201923076923077 0.055288461538461536
2 0.1346153846153846 0.4375 0.010817307692307692 0.06610576923076923
2 0.4338942307692308 0.359375 0.010817307692307692 0.051682692307692304
2 0.8689903846153846 0.5637019230769231 0.026442307692307692 0.07932692307692307
2 0.4675480769230769 0.40865384615384615 0.010817307692307692 0.05889423076923077
2 0.9122596153846154 0.8173076923076923 0.021634615384615384 0.11538461538461539
3 0.96875 0.8725961538461539 0.026442307692307692 0.12860576923076922
2 0.3858173076923077 0.6045673076923077 0.020432692307692308 0.08774038461538461
0 0.14903846153846154 0.39302884615384615 0.006009615384615385 0.01201923076923077