2 0.4375 0.43028846153846156 0.009615384615384616 0.042067307692307696
2 0.4411057692307692 0.3233173076923077 0.01201923076923077 0.040865384615384616
2 0.3605769230769231 0.3557692307692308 0.010817307692307692 0.04567307692307692
2 0.46875 0.2932692307692308 0.009615384615384616 0.038461538461538464
1 0.12740384615384615 0.32572115384615385 0.010817307692307692 0.04447115384615385
2 0.46274038461538464 0.40024038461538464 0.015625 0.056490384615384616
2 0.35336538461538464 0.4326923076923077 0.015625 0.051682692307692304
2 0.35096153846153844 0.38221153846153844 0.01201923076923077 0.057692307692307696
3 0.5240384615384616 0.3954326923076923 0.013221153846153846 0.046875
2 0.7403846153846154 0.3269230769230769 0.01201923076923077 0.04567307692307692
2 0.5625 0.3713942307692308 0.010817307692307692 0.051682692307692304
2 0.4338942307692308 0.4699519230769231 0.014423076923076924 0.055288461538461536
2 0.5949519230769231 0.3737980769230769 0.018028846153846152 0.04927884615384615
2 0.3425480769230769 0.44350961538461536 0.010817307692307692 0.06009615384615385
2 0.31971153846153844 0.40024038461538464 0.016826923076923076 0.055288461538461536
2 0.5276442307692307 0.4579326923076923 0.015625 0.055288461538461536
2 0.4375 0.5252403846153846 0.015625 0.06370192307692307
2 0.5420673076923077 0.5012019230769231 0.013221153846153846 0.055288461538461536
3 0.1201923076923077 0.6189903846153846 0.020432692307692308 0.08052884615384616
2 0.7596153846153846 0.39663461538461536 0.015625 0.054086538461538464
2 0.6334134615384616 0.5408653846153846 0.016826923076923076 0.06971153846153846
2 0.6742788461538461 0.5264423076923077 0.026442307692307692 0.06610576923076923
2 0.8269230769230769 0.5108173076923077 0.02283653846153846 0.0673076923076923
3 0.7439903846153846 0.25721153846153844 0.009615384615384616 0.030048076923076924
0 0.6502403846153846 0.5576923076923077 0.007211538461538462 0.014423076923076924