2 0.7644230769230769 0.19471153846153846 0.019230769230769232 0.04807692307692308
3 0.33774038461538464 0.24158653846153846 0.016826923076923076 0.040865384615384616
2 0.7752403846153846 0.23317307692307693 0.021634615384615384 0.04807692307692308
1 0.11778846153846154 0.3942307692307692 0.021634615384615384 0.052884615384615384
2 0.3269230769230769 0.2800480769230769 0.019230769230769232 0.040865384615384616
2 0.7271634615384616 0.22355769230769232 0.019230769230769232 0.04567307692307692
2 0.515625 0.2620192307692308 0.019230769230769232 0.04567307692307692
2 0.33413461538461536 0.3161057692307692 0.019230769230769232 0.05048076923076923
2 0.5360576923076923 0.28125 0.02403846153846154 0.052884615384615384
2 0.4675480769230769 0.234375 0.016826923076923076 0.040865384615384616
2 0.48677884615384615 0.2512019230769231 0.019230769230769232 0.04567307692307692
2 0.6490384615384616 0.34375 0.021634615384615384 0.057692307692307696
2 0.8557692307692307 0.2980769230769231 0.026442307692307692 0.0625
2 0.8377403846153846 0.2668269230769231 0.026442307692307692 0.06490384615384616
3 0.6069711538461539 0.30528846153846156 0.02403846153846154 0.055288461538461536
2 0.8257211538461539 0.27524038461538464 0.028846153846153848 0.06490384615384616
2 0.6899038461538461 0.296875 0.02403846153846154 0.06009615384615385
2 0.11899038461538461 0.484375 0.026442307692307692 0.06971153846153846
2 0.41346153846153844 0.33653846153846156 0.021634615384615384 0.055288461538461536
2 0.9098557692307693 0.4519230769230769 0.04567307692307692 0.0889423076923077
2 0.4579326923076923 0.3798076923076923 0.02403846153846154 0.0625
2 0.9927884615384616 0.7055288461538461 0.014423076923076924 0.12259615384615384
2 0.4170673076923077 0.6009615384615384 0.040865384615384616 0.09615384615384616
0 0.125 0.4338942307692308 0.009615384615384616 0.014423076923076924