3 0.35697115384615385 0.2608173076923077 0.019230769230769232 0.04326923076923077
0 0.35096153846153844 0.6478365384615384 0.007211538461538462 0.014423076923076924
2 0.43509615384615385 0.31490384615384615 0.019230769230769232 0.04567307692307692
2 0.7439903846153846 0.40024038461538464 0.019230769230769232 0.055288461538461536
2 0.5108173076923077 0.36658653846153844 0.021634615384615384 0.055288461538461536
2 0.7175480769230769 0.36778846153846156 0.021634615384615384 0.05048076923076923
2 0.5516826923076923 0.3798076923076923 0.02403846153846154 0.057692307692307696
3 0.6213942307692307 0.46875 0.021634615384615384 0.0625
2 0.8653846153846154 0.8317307692307693 0.036057692307692304 0.11057692307692307
2 0.7668269230769231 0.45072115384615385 0.02403846153846154 0.057692307692307696
2 0.7524038461538461 0.46033653846153844 0.026442307692307692 0.06490384615384616
2 0.8076923076923077 0.49158653846153844 0.028846153846153848 0.07211538461538461
2 0.6634615384615384 0.5949519230769231 0.026442307692307692 0.0673076923076923
2 0.6550480769230769 0.5276442307692307 0.03125 0.07451923076923077
2 0.2800480769230769 0.34134615384615385 0.02403846153846154 0.0625
2 0.6009615384615384 0.4699519230769231 0.03125 0.07451923076923077
2 0.8425480769230769 0.6021634615384616 0.03125 0.08173076923076923
2 0.4831730769230769 0.6971153846153846 0.036057692307692304 0.10336538461538461
2 0.06129807692307692 0.5384615384615384 0.038461538461538464 0.09134615384615384
2 0.7980769230769231 0.9230769230769231 0.05048076923076923 0.12259615384615384
2 0.3245192307692308 0.7331730769230769 0.04326923076923077 0.10336538461538461
2 0.3473557692307692 0.5012019230769231 0.03125 0.07932692307692307
2 0.31009615384615385 0.4519230769230769 0.026442307692307692 0.06971153846153846