2 0.5504807692307693 0.24639423076923078 0.009615384615384616 0.03245192307692308
2 0.6033653846153846 0.2860576923076923 0.007211538461538462 0.038461538461538464
2 0.3473557692307692 0.28846153846153844 0.013221153846153846 0.039663461538461536
2 0.6454326923076923 0.3233173076923077 0.009615384615384616 0.04927884615384615
2 0.39903846153846156 0.3173076923076923 0.01201923076923077 0.046875
2 0.48677884615384615 0.3329326923076923 0.010817307692307692 0.04807692307692308
3 0.5252403846153846 0.359375 0.010817307692307692 0.052884615384615384
0 0.3629807692307692 0.6262019230769231 0.007211538461538462 0.014423076923076924
2 0.765625 0.43028846153846156 0.020432692307692308 0.054086538461538464
2 0.5144230769230769 0.5228365384615384 0.013221153846153846 0.055288461538461536
2 0.6694711538461539 0.3629807692307692 0.018028846153846152 0.057692307692307696
2 0.29447115384615385 0.4855769230769231 0.016826923076923076 0.06971153846153846
2 0.5757211538461539 0.38822115384615385 0.014423076923076924 0.0625
2 0.08653846153846154 0.5432692307692307 0.026442307692307692 0.07451923076923077
2 0.2848557692307692 0.48197115384615385 0.014423076923076924 0.07211538461538461
2 0.46153846153846156 0.6682692307692307 0.019230769230769232 0.09975961538461539
2 0.5793269230769231 0.4543269230769231 0.02403846153846154 0.051682692307692304
1 0.9483173076923077 0.33052884615384615 0.016826923076923076 0.05048076923076923
2 0.6009615384615384 0.390625 0.015625 0.057692307692307696
2 0.18389423076923078 0.3473557692307692 0.015625 0.055288461538461536
2 0.75 0.515625 0.02403846153846154 0.0673076923076923
2 0.7247596153846154 0.5372596153846154 0.020432692307692308 0.08052884615384616
3 0.23076923076923078 0.2439903846153846 0.010817307692307692 0.039663461538461536