2 0.49278846153846156 0.23918269230769232 0.016826923076923076 0.03365384615384615
2 0.5540865384615384 0.2668269230769231 0.016826923076923076 0.040865384615384616
2 0.30408653846153844 0.32572115384615385 0.021634615384615384 0.040865384615384616
2 0.6045673076923077 0.29447115384615385 0.021634615384615384 0.05048076923076923
2 0.3605769230769231 0.34375 0.021634615384615384 0.05048076923076923
2 0.4519230769230769 0.3389423076923077 0.021634615384615384 0.04807692307692308
3 0.49399038461538464 0.35697115384615385 0.021634615384615384 0.052884615384615384
0 0.3954326923076923 0.6538461538461539 0.01201923076923077 0.016826923076923076
2 0.7451923076923077 0.3713942307692308 0.03125 0.057692307692307696
2 0.5216346153846154 0.5180288461538461 0.026442307692307692 0.057692307692307696
2 0.6370192307692307 0.328125 0.03125 0.0625
2 0.296875 0.5324519230769231 0.03125 0.07211538461538461
2 0.5504807692307693 0.37259615384615385 0.028846153846153848 0.06490384615384616
2 0.10576923076923077 0.6358173076923077 0.04326923076923077 0.07932692307692307
2 0.2860576923076923 0.53125 0.03125 0.07451923076923077
2 0.5024038461538461 0.6730769230769231 0.040865384615384616 0.10096153846153846
2 0.5697115384615384 0.4375 0.036057692307692304 0.055288461538461536
1 0.9026442307692307 0.23197115384615385 0.028846153846153848 0.055288461538461536
2 0.5757211538461539 0.3701923076923077 0.028846153846153848 0.06009615384615385
2 0.15745192307692307 0.4206730769230769 0.028846153846153848 0.057692307692307696
2 0.7512019230769231 0.4579326923076923 0.038461538461538464 0.07211538461538461
2 0.7295673076923077 0.4855769230769231 0.038461538461538464 0.08413461538461539
3 0.17908653846153846 0.31009615384615385 0.019230769230769232 0.04326923076923077