2 0.5336538461538461 0.3401442307692308 0.016826923076923076 0.04326923076923077
2 0.16466346153846154 0.38341346153846156 0.014423076923076924 0.040865384615384616
2 0.6346153846153846 0.2668269230769231 0.019230769230769232 0.03365384615384615
2 0.19230769230769232 0.3557692307692308 0.014423076923076924 0.04567307692307692
2 0.6334134615384616 0.29447115384615385 0.014423076923076924 0.04326923076923077
2 0.16947115384615385 0.4230769230769231 0.016826923076923076 0.057692307692307696
2 0.5072115384615384 0.26322115384615385 0.01201923076923077 0.036057692307692304
2 0.5372596153846154 0.3581730769230769 0.019230769230769232 0.0625
2 0.4855769230769231 0.29927884615384615 0.014423076923076924 0.04807692307692308
2 0.5 0.27884615384615385 0.014423076923076924 0.040865384615384616
2 0.2439903846153846 0.3245192307692308 0.01201923076923077 0.040865384615384616
2 0.1778846153846154 0.40384615384615385 0.019230769230769232 0.0625
1 0.8858173076923077 0.296875 0.016826923076923076 0.052884615384615384
2 0.4735576923076923 0.31009615384615385 0.014423076923076924 0.04807692307692308
3 0.37259615384615385 0.3641826923076923 0.016826923076923076 0.052884615384615384
2 0.3581730769230769 0.40024038461538464 0.016826923076923076 0.05048076923076923
2 0.14302884615384615 0.5817307692307693 0.02403846153846154 0.07692307692307693
2 0.8629807692307693 0.3737980769230769 0.019230769230769232 0.0625
2 0.27283653846153844 0.3942307692307692 0.016826923076923076 0.055288461538461536
3 0.11899038461538461 0.9338942307692307 0.04567307692307692 0.13221153846153846
2 0.6574519230769231 0.5829326923076923 0.038461538461538464 0.11298076923076923
2 0.18629807692307693 0.8064903846153846 0.038461538461538464 0.11538461538461539
3 0.6057692307692307 0.24278846153846154 0.014423076923076924 0.040865384615384616