2 0.6838942307692307 0.2956730769230769 0.009615384615384616 0.039663461538461536
2 0.6706730769230769 0.3112980769230769 0.015625 0.042067307692307696
3 0.6454326923076923 0.32211538461538464 0.007211538461538462 0.04807692307692308
2 0.7055288461538461 0.3173076923076923 0.013221153846153846 0.04326923076923077
2 0.7692307692307693 0.35216346153846156 0.014423076923076924 0.05048076923076923
2 0.6262019230769231 0.3329326923076923 0.010817307692307692 0.04927884615384615
2 0.5841346153846154 0.29086538461538464 0.013221153846153846 0.04326923076923077
2 0.7211538461538461 0.34375 0.01201923076923077 0.04927884615384615
2 0.34375 0.35336538461538464 0.009615384615384616 0.051682692307692304
2 0.6622596153846154 0.3629807692307692 0.015625 0.05048076923076923
2 0.46274038461538464 0.2956730769230769 0.007211538461538462 0.042067307692307696
2 0.49278846153846156 0.3401442307692308 0.008413461538461538 0.04807692307692308
2 0.7836538461538461 0.36899038461538464 0.015625 0.046875
2 0.6057692307692307 0.4266826923076923 0.015625 0.06009615384615385
2 0.24158653846153846 0.3942307692307692 0.016826923076923076 0.05889423076923077
2 0.4266826923076923 0.7692307692307693 0.02403846153846154 0.10216346153846154
2 0.25600961538461536 0.4375 0.014423076923076924 0.0625
2 0.29086538461538464 0.4651442307692308 0.021634615384615384 0.0625
2 0.3894230769230769 0.7776442307692307 0.02283653846153846 0.10697115384615384
2 0.6213942307692307 0.5396634615384616 0.026442307692307692 0.0733173076923077
2 0.765625 0.4699519230769231 0.018028846153846152 0.0625
2 0.8269230769230769 0.390625 0.016826923076923076 0.054086538461538464
3 0.2980769230769231 0.25961538461538464 0.010817307692307692 0.037259615384615384
2 0.6081730769230769 0.2536057692307692 0.009615384615384616 0.039663461538461536
0 0.7175480769230769 0.3629807692307692 0.004807692307692308 0.010817307692307692