2 0.7487980769230769 0.2548076923076923 0.016826923076923076 0.04326923076923077
3 0.33533653846153844 0.2848557692307692 0.014423076923076924 0.038461538461538464
2 0.7572115384615384 0.29086538461538464 0.016826923076923076 0.04807692307692308
1 0.11658653846153846 0.4254807692307692 0.019230769230769232 0.05048076923076923
2 0.32211538461538464 0.32091346153846156 0.016826923076923076 0.038461538461538464
2 0.7127403846153846 0.2800480769230769 0.016826923076923076 0.04326923076923077
2 0.5060096153846154 0.3112980769230769 0.016826923076923076 0.04567307692307692
2 0.3293269230769231 0.35697115384615385 0.016826923076923076 0.04807692307692308
2 0.5252403846153846 0.33052884615384615 0.019230769230769232 0.05048076923076923
2 0.46033653846153844 0.2824519230769231 0.014423076923076924 0.038461538461538464
2 0.47836538461538464 0.29927884615384615 0.016826923076923076 0.04326923076923077
2 0.6322115384615384 0.3942307692307692 0.019230769230769232 0.055288461538461536
2 0.8341346153846154 0.35697115384615385 0.02403846153846154 0.0625
2 0.8173076923076923 0.3269230769230769 0.02403846153846154 0.0625
3 0.5925480769230769 0.3557692307692308 0.019230769230769232 0.052884615384615384
2 0.8052884615384616 0.33413461538461536 0.02403846153846154 0.0625
2 0.6742788461538461 0.35096153846153844 0.021634615384615384 0.057692307692307696
2 0.11538461538461539 0.5120192307692307 0.021634615384615384 0.0673076923076923
2 0.40384615384615385 0.3786057692307692 0.019230769230769232 0.052884615384615384
2 0.8810096153846154 0.5072115384615384 0.040865384615384616 0.08413461538461539
2 0.44591346153846156 0.4230769230769231 0.021634615384615384 0.0625
2 0.9699519230769231 0.7572115384615384 0.040865384615384616 0.1201923076923077
2 0.39903846153846156 0.6346153846153846 0.036057692307692304 0.09134615384615384
0 0.12259615384615384 0.4639423076923077 0.007211538461538462 0.01201923076923077