2 0.7115384615384616 0.2644230769230769 0.014423076923076924 0.040865384615384616
2 0.40384615384615385 0.30288461538461536 0.016826923076923076 0.040865384615384616
3 0.09134615384615384 0.6694711538461539 0.03365384615384615 0.08653846153846154
2 0.4338942307692308 0.2776442307692308 0.014423076923076924 0.040865384615384616
2 0.3389423076923077 0.35096153846153844 0.016826923076923076 0.05048076923076923
2 0.5757211538461539 0.3269230769230769 0.016826923076923076 0.04567307692307692
2 0.09615384615384616 0.36658653846153844 0.019230769230769232 0.05048076923076923
3 0.4831730769230769 0.37740384615384615 0.016826923076923076 0.052884615384615384
2 0.5420673076923077 0.33052884615384615 0.016826923076923076 0.05048076923076923
2 0.6802884615384616 0.44711538461538464 0.019230769230769232 0.06971153846153846
2 0.4110576923076923 0.38461538461538464 0.02403846153846154 0.057692307692307696
2 0.5096153846153846 0.4963942307692308 0.021634615384615384 0.07211538461538461
2 0.3485576923076923 0.3858173076923077 0.019230769230769232 0.057692307692307696
2 0.234375 0.5516826923076923 0.026442307692307692 0.07692307692307693
2 0.35336538461538464 0.5168269230769231 0.028846153846153848 0.057692307692307696
2 0.5829326923076923 0.5348557692307693 0.036057692307692304 0.07451923076923077
2 0.8064903846153846 0.33653846153846156 0.019230769230769232 0.055288461538461536
2 0.2536057692307692 0.5576923076923077 0.021634615384615384 0.07932692307692307
2 0.3918269230769231 0.5216346153846154 0.021634615384615384 0.07211538461538461
2 0.5564903846153846 0.5252403846153846 0.021634615384615384 0.06971153846153846
2 0.27884615384615385 0.4266826923076923 0.021634615384615384 0.06009615384615385
2 0.43149038461538464 0.5480769230769231 0.03125 0.07692307692307693
2 0.8557692307692307 0.4831730769230769 0.03365384615384615 0.08173076923076923
0 0.3137019230769231 0.28846153846153844 0.009615384615384616 0.014423076923076924
3 0.7560096153846154 0.21033653846153846 0.01201923076923077 0.036057692307692304