2 0.5625 0.3473557692307692 0.016826923076923076 0.04567307692307692
2 0.15504807692307693 0.38100961538461536 0.014423076923076924 0.04326923076923077
2 0.6754807692307693 0.27163461538461536 0.019230769230769232 0.036057692307692304
2 0.18629807692307693 0.35096153846153844 0.014423076923076924 0.05048076923076923
2 0.6730769230769231 0.3016826923076923 0.014423076923076924 0.04807692307692308
2 0.15865384615384615 0.42427884615384615 0.016826923076923076 0.06490384615384616
2 0.5360576923076923 0.2620192307692308 0.01201923076923077 0.040865384615384616
2 0.5661057692307693 0.36778846153846156 0.019230769230769232 0.0673076923076923
2 0.5108173076923077 0.3016826923076923 0.014423076923076924 0.052884615384615384
2 0.5264423076923077 0.2776442307692308 0.014423076923076924 0.04567307692307692
2 0.24519230769230768 0.31971153846153844 0.01201923076923077 0.04326923076923077
2 0.16947115384615385 0.4050480769230769 0.019230769230769232 0.0673076923076923
1 0.9507211538461539 0.3125 0.016826923076923076 0.057692307692307696
2 0.4963942307692308 0.3125 0.01201923076923077 0.052884615384615384
3 0.38461538461538464 0.36778846153846156 0.016826923076923076 0.057692307692307696
2 0.36778846153846156 0.40625 0.016826923076923076 0.055288461538461536
2 0.12379807692307693 0.5985576923076923 0.02403846153846154 0.08413461538461539
2 0.921875 0.39663461538461536 0.019230769230769232 0.0673076923076923
2 0.27403846153846156 0.39663461538461536 0.016826923076923076 0.0625
3 0.0829326923076923 0.9555288461538461 0.040865384615384616 0.0889423076923077
2 0.6899038461538461 0.6189903846153846 0.036057692307692304 0.125
2 0.16346153846153846 0.8449519230769231 0.036057692307692304 0.125
3 0.6442307692307693 0.24278846153846154 0.014423076923076924 0.04326923076923077