2 0.4891826923076923 0.25721153846153844 0.019230769230769232 0.04326923076923077
3 0.5324519230769231 0.28846153846153844 0.021634615384615384 0.05048076923076923
2 0.6911057692307693 0.23197115384615385 0.021634615384615384 0.04326923076923077
2 0.5649038461538461 0.21995192307692307 0.019230769230769232 0.036057692307692304
2 0.3641826923076923 0.2704326923076923 0.016826923076923076 0.04326923076923077
2 0.5961538461538461 0.2824519230769231 0.016826923076923076 0.04326923076923077
2 0.3942307692307692 0.24519230769230768 0.016826923076923076 0.038461538461538464
2 0.6298076923076923 0.24759615384615385 0.019230769230769232 0.04567307692307692
2 0.3762019230769231 0.296875 0.021634615384615384 0.040865384615384616
2 0.4326923076923077 0.2548076923076923 0.019230769230769232 0.040865384615384616
2 0.45552884615384615 0.25721153846153844 0.019230769230769232 0.04567307692307692
2 0.734375 0.23557692307692307 0.026442307692307692 0.052884615384615384
1 0.04807692307692308 0.36177884615384615 0.019230769230769232 0.04807692307692308
2 0.7680288461538461 0.23317307692307693 0.021634615384615384 0.052884615384615384
2 0.20192307692307693 0.32091346153846156 0.019230769230769232 0.04807692307692308
2 0.7824519230769231 0.2800480769230769 0.02403846153846154 0.055288461538461536
2 0.4675480769230769 0.33413461538461536 0.019230769230769232 0.055288461538461536
2 0.2091346153846154 0.38100961538461536 0.02403846153846154 0.055288461538461536
2 0.5504807692307693 0.3449519230769231 0.026442307692307692 0.0625
2 0.6141826923076923 0.3545673076923077 0.02403846153846154 0.052884615384615384
2 0.28725961538461536 0.47596153846153844 0.026442307692307692 0.07211538461538461
3 0.2860576923076923 0.2439903846153846 0.016826923076923076 0.038461538461538464
0 0.3737980769230769 0.3137019230769231 0.009615384615384616 0.014423076923076924
2 0.5841346153846154 0.22235576923076922 0.019230769230769232 0.04326923076923077