0 0.171875 0.5324519230769231 0.007211538461538462 0.01201923076923077
2 0.6213942307692307 0.2644230769230769 0.01201923076923077 0.04567307692307692
3 0.23677884615384615 0.25 0.014423076923076924 0.038461538461538464
2 0.6129807692307693 0.22235576923076922 0.01201923076923077 0.04326923076923077
2 0.5168269230769231 0.29927884615384615 0.014423076923076924 0.057692307692307696
2 0.7860576923076923 0.4639423076923077 0.016826923076923076 0.07932692307692307
2 0.5228365384615384 0.31009615384615385 0.01201923076923077 0.052884615384615384
2 0.4074519230769231 0.2608173076923077 0.014423076923076924 0.04807692307692308
2 0.6742788461538461 0.30528846153846156 0.014423076923076924 0.057692307692307696
2 0.6081730769230769 0.3329326923076923 0.016826923076923076 0.057692307692307696
2 0.5865384615384616 0.34615384615384615 0.016826923076923076 0.0625
2 0.6490384615384616 0.3317307692307692 0.016826923076923076 0.0673076923076923
2 0.13341346153846154 0.5108173076923077 0.03365384615384615 0.07211538461538461
3 0.5649038461538461 0.38221153846153844 0.016826923076923076 0.06490384615384616
2 0.7475961538461539 0.40865384615384615 0.021634615384615384 0.07211538461538461
2 0.40384615384615385 0.44711538461538464 0.019230769230769232 0.07692307692307693
2 0.2668269230769231 0.34134615384615385 0.016826923076923076 0.06009615384615385
2 0.6117788461538461 0.4338942307692308 0.019230769230769232 0.06971153846153846
2 0.7776442307692307 0.47716346153846156 0.019230769230769232 0.07932692307692307
2 0.796875 0.39302884615384615 0.021634615384615384 0.07451923076923077
2 0.47836538461538464 0.42427884615384615 0.019230769230769232 0.07692307692307693
2 0.5300480769230769 0.5288461538461539 0.021634615384615384 0.09134615384615384
2 0.2800480769230769 0.7439903846153846 0.03365384615384615 0.11538461538461539