2 0.5168269230769231 0.31009615384615385 0.02403846153846154 0.052884615384615384
2 0.8689903846153846 0.38221153846153844 0.028846153846153848 0.0673076923076923
3 0.7668269230769231 0.17067307692307693 0.021634615384615384 0.05048076923076923
2 0.8569711538461539 0.32572115384615385 0.026442307692307692 0.055288461538461536
2 0.5096153846153846 0.33533653846153844 0.02403846153846154 0.052884615384615384
0 0.4074519230769231 0.4651442307692308 0.009615384615384616 0.014423076923076924
2 0.6646634615384616 0.22355769230769232 0.02403846153846154 0.04326923076923077
2 0.3389423076923077 0.28125 0.019230769230769232 0.052884615384615384
2 0.5492788461538461 0.22716346153846154 0.02403846153846154 0.04567307692307692
2 0.4795673076923077 0.3004807692307692 0.021634615384615384 0.06009615384615385
2 0.36899038461538464 0.27884615384615385 0.019230769230769232 0.05048076923076923
3 0.5721153846153846 0.33774038461538464 0.026442307692307692 0.06009615384615385
2 0.7920673076923077 0.24639423076923078 0.026442307692307692 0.06009615384615385
2 0.6790865384615384 0.2776442307692308 0.02403846153846154 0.0625
2 0.6706730769230769 0.3137019230769231 0.02403846153846154 0.052884615384615384
2 0.3317307692307692 0.30649038461538464 0.02403846153846154 0.055288461538461536
2 0.2692307692307692 0.3737980769230769 0.028846153846153848 0.0673076923076923
2 0.7247596153846154 0.28365384615384615 0.028846153846153848 0.0625
2 0.41586538461538464 0.3605769230769231 0.026442307692307692 0.06009615384615385
2 0.6129807692307693 0.33533653846153844 0.03125 0.06490384615384616
2 0.32572115384615385 0.4987980769230769 0.038461538461538464 0.07932692307692307
2 0.8605769230769231 0.49158653846153844 0.036057692307692304 0.08173076923076923
2 0.5793269230769231 0.28966346153846156 0.026442307692307692 0.06009615384615385