2 0.4855769230769231 0.19471153846153846 0.019230769230769232 0.04326923076923077
2 0.6490384615384616 0.2536057692307692 0.03125 0.057692307692307696
2 0.578125 0.21995192307692307 0.02403846153846154 0.04807692307692308
2 0.2536057692307692 0.296875 0.02403846153846154 0.04807692307692308
2 0.23677884615384615 0.38221153846153844 0.026442307692307692 0.055288461538461536
3 0.49158653846153844 0.3125 0.028846153846153848 0.06009615384615385
2 0.36778846153846156 0.2920673076923077 0.02403846153846154 0.055288461538461536
2 0.6814903846153846 0.27884615384615385 0.03125 0.0625
2 0.6394230769230769 0.2704326923076923 0.03125 0.0625
2 0.5084134615384616 0.30528846153846156 0.026442307692307692 0.057692307692307696
2 0.4098557692307692 0.28846153846153844 0.03125 0.055288461538461536
2 0.5384615384615384 0.31850961538461536 0.03125 0.0625
2 0.6298076923076923 0.3918269230769231 0.04567307692307692 0.0625
2 0.7403846153846154 0.4423076923076923 0.03365384615384615 0.07692307692307693
2 0.7752403846153846 0.38461538461538464 0.036057692307692304 0.07932692307692307
2 0.2668269230769231 0.44471153846153844 0.03125 0.06971153846153846
2 0.5048076923076923 0.53125 0.04326923076923077 0.07692307692307693
2 0.12860576923076922 0.3798076923076923 0.028846153846153848 0.0625
2 0.828125 0.43990384615384615 0.040865384615384616 0.08173076923076923
2 0.43149038461538464 0.6057692307692307 0.04807692307692308 0.09615384615384616
2 0.08173076923076923 0.5973557692307693 0.038461538461538464 0.08413461538461539
3 0.16346153846153846 0.2644230769230769 0.021634615384615384 0.04326923076923077
0 0.4206730769230769 0.6165865384615384 0.014423076923076924 0.021634615384615384