2 0.33774038461538464 0.3004807692307692 0.021634615384615384 0.04567307692307692
2 0.6298076923076923 0.30288461538461536 0.016826923076923076 0.04326923076923077
2 0.3581730769230769 0.3641826923076923 0.026442307692307692 0.06009615384615385
2 0.37259615384615385 0.27524038461538464 0.019230769230769232 0.040865384615384616
2 0.3173076923076923 0.33052884615384615 0.028846153846153848 0.06009615384615385
0 0.7536057692307693 0.6490384615384616 0.009615384615384616 0.014423076923076924
2 0.17548076923076922 0.35697115384615385 0.028846153846153848 0.0673076923076923
2 0.5625 0.32211538461538464 0.02403846153846154 0.05048076923076923
2 0.5012019230769231 0.33052884615384615 0.016826923076923076 0.052884615384615384
3 0.4423076923076923 0.3786057692307692 0.021634615384615384 0.057692307692307696
2 0.1778846153846154 0.3894230769230769 0.02403846153846154 0.06490384615384616
2 0.12740384615384615 0.44591346153846156 0.036057692307692304 0.0673076923076923
2 0.33413461538461536 0.4519230769230769 0.02403846153846154 0.0673076923076923
2 0.42788461538461536 0.22716346153846154 0.014423076923076924 0.040865384615384616
2 0.7331730769230769 0.3798076923076923 0.021634615384615384 0.057692307692307696
2 0.4891826923076923 0.4831730769230769 0.028846153846153848 0.07932692307692307
2 0.5432692307692307 0.5072115384615384 0.03125 0.07211538461538461
2 0.8653846153846154 0.6009615384615384 0.03365384615384615 0.07692307692307693
2 0.45072115384615385 0.5661057692307693 0.03125 0.09134615384615384
2 0.20552884615384615 0.4230769230769231 0.02403846153846154 0.07211538461538461
2 0.5576923076923077 0.6658653846153846 0.038461538461538464 0.09375
3 0.7680288461538461 0.28125 0.016826923076923076 0.040865384615384616