2 0.546875 0.23677884615384615 0.016826923076923076 0.040865384615384616
2 0.6971153846153846 0.30408653846153844 0.02403846153846154 0.052884615384615384
2 0.6322115384615384 0.26802884615384615 0.016826923076923076 0.04567307692307692
2 0.32211538461538464 0.3137019230769231 0.016826923076923076 0.04326923076923077
2 0.29927884615384615 0.39302884615384615 0.021634615384615384 0.052884615384615384
3 0.5444711538461539 0.3485576923076923 0.02403846153846154 0.057692307692307696
2 0.42908653846153844 0.3173076923076923 0.019230769230769232 0.05048076923076923
2 0.7235576923076923 0.3317307692307692 0.02403846153846154 0.06009615384615385
2 0.6862980769230769 0.32091346153846156 0.02403846153846154 0.057692307692307696
2 0.5600961538461539 0.34375 0.019230769230769232 0.052884615384615384
2 0.4699519230769231 0.31850961538461536 0.026442307692307692 0.05048076923076923
2 0.5877403846153846 0.3557692307692308 0.02403846153846154 0.057692307692307696
2 0.6670673076923077 0.4338942307692308 0.038461538461538464 0.057692307692307696
2 0.7668269230769231 0.4891826923076923 0.026442307692307692 0.07211538461538461
2 0.8040865384615384 0.4387019230769231 0.028846153846153848 0.07451923076923077
2 0.32211538461538464 0.453125 0.02403846153846154 0.06490384615384616
2 0.5384615384615384 0.5528846153846154 0.03365384615384615 0.07211538461538461
2 0.1971153846153846 0.38100961538461536 0.02403846153846154 0.057692307692307696
2 0.8485576923076923 0.4963942307692308 0.03125 0.07692307692307693
2 0.4639423076923077 0.6177884615384616 0.038461538461538464 0.09134615384615384
2 0.13701923076923078 0.5805288461538461 0.03125 0.07932692307692307
3 0.2403846153846154 0.27524038461538464 0.016826923076923076 0.040865384615384616
0 0.453125 0.6262019230769231 0.01201923076923077 0.019230769230769232