2 0.49158653846153844 0.24278846153846154 0.019230769230769232 0.03365384615384615
2 0.4855769230769231 0.2620192307692308 0.016826923076923076 0.036057692307692304
2 0.6514423076923077 0.234375 0.019230769230769232 0.040865384615384616
1 0.9242788461538461 0.2091346153846154 0.019230769230769232 0.040865384615384616
2 0.6935096153846154 0.28846153846153844 0.021634615384615384 0.04326923076923077
2 0.6538461538461539 0.27884615384615385 0.021634615384615384 0.04807692307692308
2 0.671875 0.24639423076923078 0.019230769230769232 0.04567307692307692
3 0.5372596153846154 0.28125 0.019230769230769232 0.04567307692307692
2 0.5588942307692307 0.29447115384615385 0.02403846153846154 0.05048076923076923
2 0.41466346153846156 0.3425480769230769 0.021634615384615384 0.05048076923076923
2 0.36778846153846156 0.30288461538461536 0.021634615384615384 0.040865384615384616
2 0.27283653846153844 0.38221153846153844 0.021634615384615384 0.055288461538461536
2 0.7776442307692307 0.29086538461538464 0.021634615384615384 0.05048076923076923
2 0.7235576923076923 0.2620192307692308 0.021634615384615384 0.052884615384615384
2 0.5853365384615384 0.32091346153846156 0.021634615384615384 0.052884615384615384
2 0.23076923076923078 0.43149038461538464 0.028846153846153848 0.0625
2 0.33052884615384615 0.4483173076923077 0.026442307692307692 0.0625
2 0.265625 0.4735576923076923 0.02403846153846154 0.06009615384615385
2 0.7740384615384616 0.36658653846153844 0.028846153846153848 0.0625
2 0.5300480769230769 0.3737980769230769 0.026442307692307692 0.057692307692307696
2 0.6346153846153846 0.4519230769230769 0.03365384615384615 0.0673076923076923
2 0.40625 0.78125 0.04807692307692308 0.11057692307692307
2 0.37740384615384615 0.7956730769230769 0.04567307692307692 0.11057692307692307
3 0.22235576923076922 0.29927884615384615 0.019230769230769232 0.04326923076923077
2 0.6454326923076923 0.24759615384615385 0.021634615384615384 0.04326923076923077