2 0.4795673076923077 0.2764423076923077 0.014423076923076924 0.04807692307692308
2 0.16706730769230768 0.4110576923076923 0.016826923076923076 0.06490384615384616
3 0.21995192307692307 0.19591346153846154 0.014423076923076924 0.04567307692307692
2 0.16706730769230768 0.35697115384615385 0.016826923076923076 0.052884615384615384
2 0.49038461538461536 0.2980769230769231 0.014423076923076924 0.05048076923076923
0 0.6117788461538461 0.39783653846153844 0.007211538461538462 0.014423076923076924
2 0.32572115384615385 0.22355769230769232 0.014423076923076924 0.040865384615384616
2 0.6382211538461539 0.21394230769230768 0.009615384615384616 0.05048076923076923
2 0.4326923076923077 0.20432692307692307 0.016826923076923076 0.04326923076923077
2 0.5132211538461539 0.25961538461538464 0.01201923076923077 0.055288461538461536
2 0.609375 0.21754807692307693 0.01201923076923077 0.04807692307692308
3 0.4326923076923077 0.3125 0.014423076923076924 0.057692307692307696
2 0.21153846153846154 0.2704326923076923 0.014423076923076924 0.055288461538461536
2 0.32091346153846156 0.2776442307692308 0.014423076923076924 0.057692307692307696
2 0.33774038461538464 0.3088942307692308 0.014423076923076924 0.05048076923076923
2 0.6502403846153846 0.23557692307692307 0.014423076923076924 0.052884615384615384
2 0.7211538461538461 0.2860576923076923 0.014423076923076924 0.06490384615384616
2 0.2800480769230769 0.2920673076923077 0.016826923076923076 0.057692307692307696
2 0.5829326923076923 0.30288461538461536 0.014423076923076924 0.055288461538461536
2 0.3954326923076923 0.3161057692307692 0.019230769230769232 0.057692307692307696
2 0.6935096153846154 0.41225961538461536 0.02403846153846154 0.07451923076923077
2 0.19471153846153846 0.5108173076923077 0.021634615384615384 0.07692307692307693
2 0.4182692307692308 0.2692307692307692 0.016826923076923076 0.055288461538461536