3 0.38100961538461536 0.21514423076923078 0.016826923076923076 0.05048076923076923
2 0.49278846153846156 0.24519230769230768 0.019230769230769232 0.04807692307692308
2 0.9014423076923077 0.39783653846153844 0.019230769230769232 0.06490384615384616
2 0.8713942307692307 0.36177884615384615 0.016826923076923076 0.057692307692307696
2 0.7584134615384616 0.32091346153846156 0.016826923076923076 0.05048076923076923
2 0.9038461538461539 0.3557692307692308 0.021634615384615384 0.055288461538461536
2 0.5588942307692307 0.2980769230769231 0.016826923076923076 0.055288461538461536
2 0.5180288461538461 0.26802884615384615 0.019230769230769232 0.05048076923076923
2 0.33413461538461536 0.24519230769230768 0.016826923076923076 0.055288461538461536
2 0.9194711538461539 0.6442307692307693 0.03365384615384615 0.10096153846153846
2 0.40384615384615385 0.3137019230769231 0.02403846153846154 0.06490384615384616
2 0.9014423076923077 0.44711538461538464 0.021634615384615384 0.07211538461538461
2 0.7788461538461539 0.41225961538461536 0.026442307692307692 0.07211538461538461
2 0.6189903846153846 0.31850961538461536 0.019230769230769232 0.057692307692307696
2 0.8822115384615384 0.3942307692307692 0.02403846153846154 0.07451923076923077
1 0.04927884615384615 0.27884615384615385 0.026442307692307692 0.0673076923076923
2 0.6983173076923077 0.41586538461538464 0.02403846153846154 0.0625
2 0.41346153846153844 0.35216346153846156 0.02403846153846154 0.0673076923076923
3 0.7211538461538461 0.3798076923076923 0.02403846153846154 0.06490384615384616
2 0.3954326923076923 0.3858173076923077 0.02403846153846154 0.07451923076923077
2 0.0889423076923077 0.3545673076923077 0.03365384615384615 0.07692307692307693
2 0.14783653846153846 0.6550480769230769 0.04807692307692308 0.11538461538461539
2 0.8173076923076923 0.8052884615384616 0.04326923076923077 0.125
0 0.47115384615384615 0.2644230769230769 0.007211538461538462 0.01201923076923077