2 0.5264423076923077 0.3233173076923077 0.019230769230769232 0.05048076923076923
2 0.8461538461538461 0.47475961538461536 0.019230769230769232 0.0673076923076923
3 0.7992788461538461 0.24879807692307693 0.016826923076923076 0.04807692307692308
2 0.8485576923076923 0.4182692307692308 0.019230769230769232 0.055288461538461536
2 0.5132211538461539 0.3449519230769231 0.016826923076923076 0.052884615384615384
0 0.38341346153846156 0.44591346153846156 0.007211538461538462 0.014423076923076924
2 0.6887019230769231 0.27403846153846156 0.016826923076923076 0.040865384615384616
2 0.3629807692307692 0.25240384615384615 0.01201923076923077 0.05048076923076923
2 0.5769230769230769 0.2512019230769231 0.016826923076923076 0.04326923076923077
2 0.49278846153846156 0.30408653846153844 0.014423076923076924 0.057692307692307696
2 0.3918269230769231 0.25721153846153844 0.014423076923076924 0.05048076923076923
3 0.5733173076923077 0.36177884615384615 0.019230769230769232 0.06009615384615385
2 0.8052884615384616 0.3269230769230769 0.019230769230769232 0.057692307692307696
2 0.6911057692307693 0.33052884615384615 0.016826923076923076 0.06009615384615385
2 0.6730769230769231 0.3629807692307692 0.016826923076923076 0.052884615384615384
2 0.34975961538461536 0.27403846153846156 0.016826923076923076 0.055288461538461536
2 0.27403846153846156 0.3245192307692308 0.016826923076923076 0.0673076923076923
2 0.7319711538461539 0.3473557692307692 0.019230769230769232 0.06009615384615385
2 0.4182692307692308 0.34615384615384615 0.019230769230769232 0.057692307692307696
2 0.6117788461538461 0.36899038461538464 0.021634615384615384 0.06009615384615385
2 0.29927884615384615 0.4567307692307692 0.028846153846153848 0.07692307692307693
2 0.8137019230769231 0.578125 0.02403846153846154 0.07932692307692307
2 0.5913461538461539 0.31850961538461536 0.019230769230769232 0.057692307692307696