3 0.2439903846153846 0.2956730769230769 0.016826923076923076 0.040865384615384616
0 0.34615384615384615 0.6478365384615384 0.007211538461538462 0.014423076923076924
2 0.3293269230769231 0.32091346153846156 0.014423076923076924 0.04326923076923077
2 0.6346153846153846 0.3137019230769231 0.016826923076923076 0.05048076923076923
2 0.41346153846153844 0.3473557692307692 0.016826923076923076 0.05048076923076923
2 0.5997596153846154 0.2920673076923077 0.019230769230769232 0.04807692307692308
2 0.453125 0.3485576923076923 0.019230769230769232 0.055288461538461536
3 0.5408653846153846 0.40865384615384615 0.016826923076923076 0.06009615384615385
2 0.8641826923076923 0.671875 0.028846153846153848 0.10336538461538461
2 0.6694711538461539 0.35216346153846156 0.021634615384615384 0.055288461538461536
2 0.65625 0.36538461538461536 0.021634615384615384 0.0625
2 0.7163461538461539 0.3786057692307692 0.02403846153846154 0.0673076923076923
2 0.6141826923076923 0.5120192307692307 0.02403846153846154 0.06490384615384616
2 0.5877403846153846 0.453125 0.02403846153846154 0.07211538461538461
2 0.19591346153846154 0.38822115384615385 0.019230769230769232 0.057692307692307696
2 0.5228365384615384 0.41586538461538464 0.026442307692307692 0.06971153846153846
2 0.7788461538461539 0.4699519230769231 0.02403846153846154 0.07932692307692307
2 0.4795673076923077 0.6550480769230769 0.028846153846153848 0.09615384615384616
2 0.051682692307692304 0.6286057692307693 0.03125 0.08413461538461539
2 0.8269230769230769 0.7740384615384616 0.04326923076923077 0.11778846153846154
2 0.3449519230769231 0.7307692307692307 0.036057692307692304 0.09615384615384616
2 0.3016826923076923 0.5144230769230769 0.026442307692307692 0.07692307692307693
2 0.2536057692307692 0.4807692307692308 0.021634615384615384 0.06490384615384616