2 0.44711538461538464 0.2848557692307692 0.010817307692307692 0.039663461538461536
3 0.41225961538461536 0.32211538461538464 0.013221153846153846 0.046875
2 0.25600961538461536 0.2980769230769231 0.01201923076923077 0.038461538461538464
2 0.3701923076923077 0.2644230769230769 0.010817307692307692 0.03245192307692308
2 0.5661057692307693 0.27524038461538464 0.008413461538461538 0.039663461538461536
2 0.35216346153846156 0.328125 0.008413461538461538 0.039663461538461536
2 0.5348557692307693 0.25721153846153844 0.009615384615384616 0.03485576923076923
2 0.31490384615384615 0.3016826923076923 0.009615384615384616 0.042067307692307696
2 0.5612980769230769 0.3016826923076923 0.014423076923076924 0.038461538461538464
2 0.5 0.27283653846153844 0.010817307692307692 0.037259615384615384
2 0.4795673076923077 0.2800480769230769 0.009615384615384616 0.040865384615384616
2 0.21754807692307693 0.3088942307692308 0.015625 0.04807692307692308
1 0.8774038461538461 0.3016826923076923 0.010817307692307692 0.04447115384615385
3 0.008413461538461538 0.8293269230769231 0.015625 0.09975961538461539
2 0.18509615384615385 0.3137019230769231 0.010817307692307692 0.04927884615384615
2 0.7271634615384616 0.2920673076923077 0.010817307692307692 0.04447115384615385
2 0.17908653846153846 0.359375 0.01201923076923077 0.05048076923076923
2 0.48197115384615385 0.35336538461538464 0.008413461538461538 0.052884615384615384
2 0.7319711538461539 0.35096153846153844 0.013221153846153846 0.05048076923076923
2 0.4074519230769231 0.37740384615384615 0.014423076923076924 0.057692307692307696
2 0.34975961538461536 0.39783653846153844 0.015625 0.04927884615384615
2 0.6766826923076923 0.4519230769230769 0.013221153846153846 0.06610576923076923
3 0.6346153846153846 0.23557692307692307 0.009615384615384616 0.036057692307692304
0 0.5661057692307693 0.3173076923076923 0.006009615384615385 0.01201923076923077
2 0.35336538461538464 0.2704326923076923 0.010817307692307692 0.039663461538461536