2 0.5805288461538461 0.24759615384615385 0.008413461538461538 0.038461538461538464
2 0.7127403846153846 0.33533653846153844 0.016826923076923076 0.05048076923076923
2 0.65625 0.29086538461538464 0.010817307692307692 0.04326923076923077
2 0.35096153846153844 0.28725961538461536 0.010817307692307692 0.042067307692307696
2 0.31850961538461536 0.359375 0.01201923076923077 0.05048076923076923
3 0.5600961538461539 0.35336538461538464 0.014423076923076924 0.054086538461538464
2 0.4543269230769231 0.3076923076923077 0.010817307692307692 0.04927884615384615
2 0.7355769230769231 0.36538461538461536 0.015625 0.056490384615384616
2 0.7007211538461539 0.34975961538461536 0.015625 0.055288461538461536
2 0.5769230769230769 0.35096153846153844 0.010817307692307692 0.051682692307692304
2 0.49278846153846156 0.3137019230769231 0.016826923076923076 0.046875
2 0.6009615384615384 0.36778846153846156 0.015625 0.055288461538461536
2 0.6658653846153846 0.4543269230769231 0.028846153846153848 0.051682692307692304
2 0.7524038461538461 0.5240384615384616 0.014423076923076924 0.06971153846153846
2 0.796875 0.4795673076923077 0.016826923076923076 0.06971153846153846
2 0.33052884615384615 0.4206730769230769 0.014423076923076924 0.0625
2 0.5228365384615384 0.5504807692307693 0.02283653846153846 0.0673076923076923
2 0.22235576923076922 0.3329326923076923 0.014423076923076924 0.055288461538461536
2 0.8305288461538461 0.5420673076923077 0.020432692307692308 0.0733173076923077
2 0.4411057692307692 0.6009615384615384 0.02403846153846154 0.08533653846153846
2 0.13341346153846154 0.515625 0.018028846153846152 0.07451923076923077
3 0.27884615384615385 0.23798076923076922 0.010817307692307692 0.038461538461538464
0 0.43028846153846156 0.6069711538461539 0.009615384615384616 0.018028846153846152