3 0.7824519230769231 0.22956730769230768 0.009615384615384616 0.046875
2 0.6622596153846154 0.28365384615384615 0.018028846153846152 0.040865384615384616
2 0.6911057692307693 0.28125 0.013221153846153846 0.04447115384615385
2 0.5396634615384616 0.23317307692307693 0.01201923076923077 0.042067307692307696
2 0.40024038461538464 0.2439903846153846 0.009615384615384616 0.04567307692307692
2 0.6370192307692307 0.2403846153846154 0.015625 0.038461538461538464
2 0.4543269230769231 0.26802884615384615 0.013221153846153846 0.04807692307692308
2 0.3762019230769231 0.24278846153846154 0.013221153846153846 0.042067307692307696
2 0.23076923076923078 0.4014423076923077 0.018028846153846152 0.0625
2 0.6442307692307693 0.2800480769230769 0.01201923076923077 0.04807692307692308
2 0.328125 0.296875 0.009615384615384616 0.056490384615384616
2 0.41947115384615385 0.25961538461538464 0.010817307692307692 0.05048076923076923
3 0.5805288461538461 0.31971153846153844 0.013221153846153846 0.056490384615384616
2 0.671875 0.31490384615384615 0.015625 0.05048076923076923
2 0.4807692307692308 0.2848557692307692 0.014423076923076924 0.05048076923076923
2 0.8209134615384616 0.37740384615384615 0.020432692307692308 0.056490384615384616
2 0.5444711538461539 0.30288461538461536 0.015625 0.054086538461538464
2 0.5625 0.3137019230769231 0.013221153846153846 0.054086538461538464
2 0.7259615384615384 0.42788461538461536 0.025240384615384616 0.06850961538461539
2 0.7487980769230769 0.44350961538461536 0.02283653846153846 0.0673076923076923
2 0.6802884615384616 0.2764423076923077 0.016826923076923076 0.040865384615384616
2 0.6694711538461539 0.265625 0.01201923076923077 0.040865384615384616