2 0.4074519230769231 0.4098557692307692 0.014423076923076924 0.04807692307692308
2 0.5408653846153846 0.5877403846153846 0.016826923076923076 0.07932692307692307
0 0.4338942307692308 0.6598557692307693 0.009615384615384616 0.01201923076923077
2 0.4170673076923077 0.4423076923076923 0.021634615384615384 0.055288461538461536
2 0.49759615384615385 0.35336538461538464 0.01201923076923077 0.052884615384615384
2 0.6370192307692307 0.3425480769230769 0.016826923076923076 0.055288461538461536
2 0.29927884615384615 0.6045673076923077 0.019230769230769232 0.0673076923076923
2 0.4651442307692308 0.40024038461538464 0.016826923076923076 0.052884615384615384
2 0.578125 0.3401442307692308 0.01201923076923077 0.05048076923076923
2 0.40024038461538464 0.4411057692307692 0.016826923076923076 0.06009615384615385
1 0.10817307692307693 0.4495192307692308 0.016826923076923076 0.0625
2 0.36658653846153844 0.46875 0.016826923076923076 0.07932692307692307
2 0.5 0.4230769230769231 0.01201923076923077 0.06009615384615385
3 0.5432692307692307 0.44711538461538464 0.014423076923076924 0.06009615384615385
2 0.4495192307692308 0.5048076923076923 0.019230769230769232 0.06971153846153846
2 0.6033653846153846 0.5204326923076923 0.016826923076923076 0.0673076923076923
2 0.9122596153846154 0.39783653846153844 0.016826923076923076 0.0625
2 0.3088942307692308 0.5036057692307693 0.028846153846153848 0.0673076923076923
2 0.5264423076923077 0.6021634615384616 0.02403846153846154 0.0673076923076923
2 0.9399038461538461 0.5096153846153846 0.019230769230769232 0.06971153846153846
2 0.7824519230769231 0.5132211538461539 0.019230769230769232 0.0673076923076923
2 0.53125 0.578125 0.021634615384615384 0.07211538461538461