2 0.44350961538461536 0.40384615384615385 0.01201923076923077 0.04326923076923077
2 0.44350961538461536 0.4411057692307692 0.01201923076923077 0.04807692307692308
2 0.6502403846153846 0.4795673076923077 0.021634615384615384 0.06490384615384616
2 0.2980769230769231 0.3401442307692308 0.01201923076923077 0.04567307692307692
3 0.5588942307692307 0.5300480769230769 0.021634615384615384 0.06490384615384616
2 0.6646634615384616 0.4495192307692308 0.019230769230769232 0.06009615384615385
2 0.6177884615384616 0.4807692307692308 0.016826923076923076 0.06009615384615385
2 0.3918269230769231 0.3701923076923077 0.01201923076923077 0.04567307692307692
2 0.5576923076923077 0.3798076923076923 0.01201923076923077 0.04807692307692308
2 0.1622596153846154 0.41947115384615385 0.014423076923076924 0.055288461538461536
2 0.5997596153846154 0.49038461538461536 0.02403846153846154 0.06490384615384616
2 0.6983173076923077 0.6742788461538461 0.021634615384615384 0.07692307692307693
2 0.4206730769230769 0.46875 0.014423076923076924 0.06009615384615385
1 0.9855769230769231 0.41947115384615385 0.021634615384615384 0.06009615384615385
2 0.3293269230769231 0.5228365384615384 0.019230769230769232 0.0673076923076923
2 0.7007211538461539 0.484375 0.019230769230769232 0.06009615384615385
2 0.39302884615384615 0.5805288461538461 0.014423076923076924 0.06971153846153846
2 0.6887019230769231 0.5612980769230769 0.026442307692307692 0.0673076923076923
2 0.8533653846153846 0.8028846153846154 0.036057692307692304 0.08173076923076923
3 0.14543269230769232 0.9423076923076923 0.038461538461538464 0.10576923076923077
2 0.2644230769230769 0.640625 0.021634615384615384 0.08173076923076923
2 0.8100961538461539 0.7788461538461539 0.028846153846153848 0.08173076923076923
2 0.8834134615384616 0.6550480769230769 0.028846153846153848 0.07211538461538461
3 0.5360576923076923 0.2860576923076923 0.014423076923076924 0.040865384615384616
0 0.8173076923076923 0.796875 0.007211538461538462 0.016826923076923076