2 0.6286057692307693 0.6274038461538461 0.021634615384615384 0.026442307692307692
2 0.43028846153846156 0.43509615384615385 0.014423076923076924 0.040865384615384616
2 0.35336538461538464 0.4050480769230769 0.014423076923076924 0.028846153846153848
2 0.4230769230769231 0.43028846153846156 0.01201923076923077 0.028846153846153848
2 0.6225961538461539 0.6286057692307693 0.021634615384615384 0.028846153846153848
3 0.30649038461538464 0.4026442307692308 0.014423076923076924 0.036057692307692304
3 0.8870192307692307 0.8209134615384616 0.028846153846153848 0.07451923076923077
2 0.359375 0.4074519230769231 0.014423076923076924 0.03365384615384615
2 0.43028846153846156 0.41466346153846156 0.019230769230769232 0.040865384615384616
2 0.5480769230769231 0.38221153846153844 0.016826923076923076 0.03365384615384615
2 0.5637019230769231 0.38341346153846156 0.016826923076923076 0.03365384615384615
2 0.3545673076923077 0.4567307692307692 0.019230769230769232 0.04326923076923077
3 0.4495192307692308 0.46875 0.016826923076923076 0.04567307692307692
2 0.6274038461538461 0.6682692307692307 0.028846153846153848 0.0673076923076923
2 0.6935096153846154 0.40384615384615385 0.019230769230769232 0.04567307692307692
2 0.2439903846153846 0.4543269230769231 0.016826923076923076 0.040865384615384616
2 0.4543269230769231 0.43149038461538464 0.016826923076923076 0.040865384615384616
2 0.24759615384615385 0.5240384615384616 0.019230769230769232 0.04807692307692308
2 0.5673076923076923 0.46274038461538464 0.019230769230769232 0.04567307692307692
2 0.5685096153846154 0.5576923076923077 0.026442307692307692 0.052884615384615384
2 0.7379807692307693 0.4411057692307692 0.019230769230769232 0.04807692307692308
2 0.4387019230769231 0.5060096153846154 0.021634615384615384 0.04807692307692308
2 0.7572115384615384 0.4362980769230769 0.021634615384615384 0.05048076923076923
2 0.2692307692307692 0.5588942307692307 0.021634615384615384 0.05048076923076923