2 0.4170673076923077 0.42427884615384615 0.016826923076923076 0.04326923076923077
2 0.41225961538461536 0.46274038461538464 0.019230769230769232 0.05048076923076923
2 0.6165865384615384 0.5300480769230769 0.028846153846153848 0.0673076923076923
2 0.28125 0.3401442307692308 0.016826923076923076 0.04567307692307692
3 0.5168269230769231 0.5685096153846154 0.028846153846153848 0.0673076923076923
2 0.6346153846153846 0.5024038461538461 0.026442307692307692 0.0625
2 0.5829326923076923 0.5276442307692307 0.02403846153846154 0.0625
2 0.3713942307692308 0.38221153846153844 0.019230769230769232 0.04807692307692308
2 0.5372596153846154 0.4170673076923077 0.019230769230769232 0.05048076923076923
2 0.13341346153846154 0.40024038461538464 0.019230769230769232 0.055288461538461536
2 0.5637019230769231 0.5348557692307693 0.03365384615384615 0.0673076923076923
2 0.6358173076923077 0.7331730769230769 0.028846153846153848 0.07932692307692307
2 0.3858173076923077 0.48677884615384615 0.019230769230769232 0.06009615384615385
1 0.9615384615384616 0.5180288461538461 0.028846153846153848 0.0625
2 0.28725961538461536 0.5300480769230769 0.026442307692307692 0.06971153846153846
2 0.6658653846153846 0.5420673076923077 0.026442307692307692 0.0625
2 0.34134615384615385 0.5961538461538461 0.021634615384615384 0.07211538461538461
2 0.6430288461538461 0.6189903846153846 0.03365384615384615 0.07211538461538461
2 0.7752403846153846 0.8846153846153846 0.04567307692307692 0.08653846153846154
3 0.04567307692307692 0.9086538461538461 0.04567307692307692 0.07932692307692307
2 0.20432692307692307 0.6394230769230769 0.028846153846153848 0.08413461538461539
2 0.7355769230769231 0.8545673076923077 0.038461538461538464 0.08653846153846154
2 0.8269230769230769 0.7415865384615384 0.036057692307692304 0.07692307692307693
3 0.5276442307692307 0.31971153846153844 0.019230769230769232 0.04326923076923077
0 0.7391826923076923 0.8737980769230769 0.009615384615384616 0.016826923076923076