0 0.6514423076923077 0.5396634615384616 0.01201923076923077 0.016826923076923076
2 0.19951923076923078 0.4387019230769231 0.014423076923076924 0.036057692307692304
2 0.43990384615384615 0.3737980769230769 0.02403846153846154 0.04567307692307692
2 0.41586538461538464 0.3088942307692308 0.021634615384615384 0.04326923076923077
2 0.5204326923076923 0.44591346153846156 0.02403846153846154 0.055288461538461536
2 0.23557692307692307 0.39302884615384615 0.028846153846153848 0.05048076923076923
2 0.5 0.4026442307692308 0.019230769230769232 0.04807692307692308
2 0.1875 0.3641826923076923 0.028846153846153848 0.05048076923076923
2 0.19471153846153846 0.47716346153846156 0.02403846153846154 0.0673076923076923
3 0.36899038461538464 0.47475961538461536 0.021634615384615384 0.06009615384615385
2 0.4987980769230769 0.48197115384615385 0.021634615384615384 0.06009615384615385
2 0.7139423076923077 0.44471153846153844 0.016826923076923076 0.052884615384615384
2 0.21754807692307693 0.43990384615384615 0.02403846153846154 0.06009615384615385
2 0.5372596153846154 0.4807692307692308 0.02403846153846154 0.06009615384615385
2 0.390625 0.46875 0.02403846153846154 0.057692307692307696
2 0.5408653846153846 0.5709134615384616 0.02403846153846154 0.06490384615384616
2 0.38822115384615385 0.5649038461538461 0.02403846153846154 0.07211538461538461
2 0.15504807692307693 0.6286057692307693 0.03125 0.07692307692307693
2 0.7247596153846154 0.5769230769230769 0.028846153846153848 0.06009615384615385
2 0.5336538461538461 0.6262019230769231 0.028846153846153848 0.07211538461538461
2 0.28846153846153844 0.6995192307692307 0.028846153846153848 0.08413461538461539
2 0.6117788461538461 0.8353365384615384 0.04326923076923077 0.09375
3 0.6754807692307693 0.33653846153846156 0.016826923076923076 0.04326923076923077