2 0.31009615384615385 0.3894230769230769 0.008413461538461538 0.03245192307692308
2 0.3269230769230769 0.453125 0.008413461538461538 0.046875
1 0.20673076923076922 0.42427884615384615 0.014423076923076924 0.052884615384615384
2 0.44471153846153844 0.5576923076923077 0.02283653846153846 0.057692307692307696
2 0.4411057692307692 0.6081730769230769 0.02403846153846154 0.052884615384615384
2 0.30528846153846156 0.4170673076923077 0.01201923076923077 0.051682692307692304
2 0.2620192307692308 0.609375 0.015625 0.06610576923076923
2 0.5 0.4699519230769231 0.014423076923076924 0.055288461538461536
2 0.3449519230769231 0.45552884615384615 0.014423076923076924 0.04927884615384615
2 0.41346153846153844 0.4206730769230769 0.014423076923076924 0.046875
2 0.40625 0.6237980769230769 0.015625 0.06850961538461539
2 0.18269230769230768 0.6177884615384616 0.019230769230769232 0.06610576923076923
2 0.3233173076923077 0.5036057692307693 0.015625 0.0625
2 0.703125 0.734375 0.026442307692307692 0.06971153846153846
3 0.49399038461538464 0.5252403846153846 0.015625 0.0625
2 0.421875 0.6490384615384616 0.016826923076923076 0.07692307692307693
2 0.24158653846153846 0.609375 0.015625 0.0625
2 0.1622596153846154 0.5024038461538461 0.013221153846153846 0.0625
2 0.7175480769230769 0.7067307692307693 0.020432692307692308 0.0733173076923077
2 0.7091346153846154 0.4699519230769231 0.014423076923076924 0.06009615384615385
2 0.5204326923076923 0.6358173076923077 0.018028846153846152 0.07572115384615384
2 0.8677884615384616 0.6105769230769231 0.026442307692307692 0.0733173076923077
0 0.4362980769230769 0.6262019230769231 0.006009615384615385 0.010817307692307692
3 0.9795673076923077 0.33413461538461536 0.013221153846153846 0.042067307692307696