0 0.6358173076923077 0.5 0.008413461538461538 0.013221153846153846
2 0.2091346153846154 0.4735576923076923 0.009615384615384616 0.03245192307692308
2 0.4182692307692308 0.3786057692307692 0.016826923076923076 0.039663461538461536
2 0.3870192307692308 0.3233173076923077 0.014423076923076924 0.037259615384615384
2 0.5024038461538461 0.4326923076923077 0.014423076923076924 0.04927884615384615
2 0.23557692307692307 0.4254807692307692 0.019230769230769232 0.04447115384615385
2 0.47716346153846156 0.39663461538461536 0.010817307692307692 0.04326923076923077
2 0.18870192307692307 0.40625 0.020432692307692308 0.04447115384615385
2 0.21033653846153846 0.5084134615384616 0.013221153846153846 0.06129807692307692
3 0.36899038461538464 0.4807692307692308 0.010817307692307692 0.055288461538461536
2 0.4879807692307692 0.46875 0.010817307692307692 0.055288461538461536
2 0.6790865384615384 0.4050480769230769 0.008413461538461538 0.04807692307692308
2 0.2247596153846154 0.47115384615384615 0.014423076923076924 0.054086538461538464
2 0.5228365384615384 0.46153846153846156 0.014423076923076924 0.052884615384615384
2 0.38822115384615385 0.4735576923076923 0.014423076923076924 0.05048076923076923
2 0.5384615384615384 0.5444711538461539 0.013221153846153846 0.057692307692307696
2 0.40024038461538464 0.5612980769230769 0.01201923076923077 0.06370192307692307
2 0.19591346153846154 0.6526442307692307 0.016826923076923076 0.06850961538461539
2 0.7079326923076923 0.5228365384615384 0.018028846153846152 0.052884615384615384
2 0.5408653846153846 0.5949519230769231 0.015625 0.06490384615384616
2 0.328125 0.6983173076923077 0.015625 0.07572115384615384
2 0.640625 0.7740384615384616 0.027644230769230768 0.0829326923076923
3 0.6286057692307693 0.3112980769230769 0.009615384615384616 0.039663461538461536