2 0.31490384615384615 0.4170673076923077 0.01201923076923077 0.028846153846153848
2 0.5264423076923077 0.44350961538461536 0.01201923076923077 0.038461538461538464
3 0.46274038461538464 0.5108173076923077 0.01201923076923077 0.04326923076923077
2 0.3293269230769231 0.47716346153846156 0.009615384615384616 0.036057692307692304
2 0.5949519230769231 0.4483173076923077 0.009615384615384616 0.036057692307692304
2 0.16826923076923078 0.5132211538461539 0.016826923076923076 0.04807692307692308
2 0.3858173076923077 0.44711538461538464 0.009615384615384616 0.036057692307692304
2 0.23557692307692307 0.4855769230769231 0.01201923076923077 0.040865384615384616
2 0.6442307692307693 0.4891826923076923 0.01201923076923077 0.040865384615384616
2 0.4362980769230769 0.47475961538461536 0.009615384615384616 0.038461538461538464
2 0.84375 0.5588942307692307 0.01201923076923077 0.04807692307692308
2 0.6009615384615384 0.5276442307692307 0.01201923076923077 0.040865384615384616
2 0.7487980769230769 0.49759615384615385 0.01201923076923077 0.040865384615384616
2 0.6826923076923077 0.5540865384615384 0.01201923076923077 0.05048076923076923
2 0.28725961538461536 0.49759615384615385 0.01201923076923077 0.038461538461538464
2 0.7043269230769231 0.6322115384615384 0.01201923076923077 0.052884615384615384
2 0.27163461538461536 0.5685096153846154 0.009615384615384616 0.04807692307692308
1 0.03485576923076923 0.4963942307692308 0.01201923076923077 0.04807692307692308
2 0.15384615384615385 0.5564903846153846 0.016826923076923076 0.05048076923076923
2 0.5612980769230769 0.5961538461538461 0.014423076923076924 0.05048076923076923
2 0.4951923076923077 0.625 0.014423076923076924 0.05048076923076923
2 0.7175480769230769 0.7487980769230769 0.016826923076923076 0.06490384615384616
3 0.6286057692307693 0.4098557692307692 0.009615384615384616 0.036057692307692304
0 0.17427884615384615 0.5324519230769231 0.007211538461538462 0.01201923076923077