0 0.6502403846153846 0.5180288461538461 0.01201923076923077 0.014423076923076924
2 0.21995192307692307 0.4230769230769231 0.014423076923076924 0.03365384615384615
2 0.4483173076923077 0.359375 0.02403846153846154 0.04326923076923077
2 0.42427884615384615 0.2980769230769231 0.019230769230769232 0.040865384615384616
2 0.5252403846153846 0.43028846153846156 0.021634615384615384 0.052884615384615384
2 0.2548076923076923 0.3786057692307692 0.026442307692307692 0.04807692307692308
2 0.5060096153846154 0.38822115384615385 0.019230769230769232 0.04567307692307692
2 0.2091346153846154 0.35216346153846156 0.026442307692307692 0.04807692307692308
2 0.21514423076923078 0.45913461538461536 0.021634615384615384 0.06490384615384616
3 0.38221153846153844 0.45552884615384615 0.019230769230769232 0.057692307692307696
2 0.5048076923076923 0.46274038461538464 0.019230769230769232 0.057692307692307696
2 0.7091346153846154 0.42908653846153844 0.016826923076923076 0.05048076923076923
2 0.23557692307692307 0.4230769230769231 0.02403846153846154 0.057692307692307696
2 0.5408653846153846 0.46153846153846156 0.021634615384615384 0.055288461538461536
2 0.4014423076923077 0.4519230769230769 0.021634615384615384 0.055288461538461536
2 0.5444711538461539 0.5480769230769231 0.02403846153846154 0.0625
2 0.39903846153846156 0.5420673076923077 0.021634615384615384 0.0673076923076923
2 0.17668269230769232 0.6033653846153846 0.028846153846153848 0.07211538461538461
2 0.7199519230769231 0.5528846153846154 0.026442307692307692 0.055288461538461536
2 0.5372596153846154 0.5997596153846154 0.026442307692307692 0.06971153846153846
2 0.30528846153846156 0.6706730769230769 0.028846153846153848 0.07932692307692307
2 0.6105769230769231 0.7992788461538461 0.040865384615384616 0.0889423076923077
3 0.6730769230769231 0.32572115384615385 0.016826923076923076 0.040865384615384616