0 0.8545673076923077 0.5444711538461539 0.004807692307692308 0.009615384615384616
2 0.8846153846153846 0.5492788461538461 0.015625 0.03125
2 0.8822115384615384 0.5817307692307693 0.015625 0.054086538461538464
1 0.8641826923076923 0.38822115384615385 0.013221153846153846 0.046875
3 0.9855769230769231 0.6682692307692307 0.02403846153846154 0.06971153846153846
2 0.8858173076923077 0.6045673076923077 0.01201923076923077 0.06009615384615385
2 0.5841346153846154 0.3713942307692308 0.01201923076923077 0.042067307692307696
2 0.32572115384615385 0.3762019230769231 0.009615384615384616 0.042067307692307696
2 0.6550480769230769 0.3918269230769231 0.009615384615384616 0.04807692307692308
2 0.6286057692307693 0.4387019230769231 0.010817307692307692 0.046875
2 0.44711538461538464 0.43509615384615385 0.009615384615384616 0.04927884615384615
2 0.7379807692307693 0.5408653846153846 0.009615384615384616 0.05889423076923077
2 0.8064903846153846 0.609375 0.015625 0.06370192307692307
3 0.5612980769230769 0.48677884615384615 0.015625 0.052884615384615384
2 0.5444711538461539 0.5456730769230769 0.010817307692307692 0.06009615384615385
2 0.6802884615384616 0.5853365384615384 0.014423076923076924 0.0673076923076923
2 0.8365384615384616 0.6057692307692307 0.013221153846153846 0.0625
2 0.7295673076923077 0.43990384615384615 0.015625 0.05048076923076923
2 0.3918269230769231 0.6430288461538461 0.015625 0.07451923076923077
2 0.6454326923076923 0.6802884615384616 0.015625 0.07572115384615384
2 0.6646634615384616 0.6009615384615384 0.014423076923076924 0.06370192307692307
2 0.28125 0.6670673076923077 0.020432692307692308 0.07451923076923077
2 0.4651442307692308 0.5757211538461539 0.01201923076923077 0.06129807692307692
2 0.17067307692307693 0.5276442307692307 0.016826923076923076 0.06129807692307692
3 0.18629807692307693 0.3004807692307692 0.008413461538461538 0.037259615384615384