2 0.5024038461538461 0.43990384615384615 0.019230769230769232 0.036057692307692304
2 0.41466346153846156 0.4362980769230769 0.021634615384615384 0.052884615384615384
1 0.1502403846153846 0.29447115384615385 0.026442307692307692 0.05048076923076923
2 0.18028846153846154 0.4098557692307692 0.021634615384615384 0.06009615384615385
2 0.2920673076923077 0.36778846153846156 0.021634615384615384 0.052884615384615384
2 0.2692307692307692 0.4423076923076923 0.021634615384615384 0.06009615384615385
2 0.40625 0.33653846153846156 0.02403846153846154 0.04807692307692308
2 0.49759615384615385 0.4723557692307692 0.036057692307692304 0.0625
2 0.18028846153846154 0.4495192307692308 0.026442307692307692 0.057692307692307696
2 0.25 0.48677884615384615 0.026442307692307692 0.0673076923076923
2 0.4338942307692308 0.3605769230769231 0.02403846153846154 0.04567307692307692
2 0.21995192307692307 0.4639423076923077 0.021634615384615384 0.040865384615384616
2 0.6490384615384616 0.4182692307692308 0.021634615384615384 0.05048076923076923
2 0.3870192307692308 0.4543269230769231 0.02403846153846154 0.055288461538461536
2 0.39663461538461536 0.46634615384615385 0.028846153846153848 0.057692307692307696
3 0.36658653846153844 0.4326923076923077 0.028846153846153848 0.057692307692307696
2 0.5216346153846154 0.4807692307692308 0.026442307692307692 0.06009615384615385
2 0.20192307692307693 0.5552884615384616 0.028846153846153848 0.06971153846153846
2 0.5889423076923077 0.5661057692307693 0.03365384615384615 0.07692307692307693
2 0.8377403846153846 0.5649038461538461 0.026442307692307692 0.0625
2 0.6334134615384616 0.5817307692307693 0.028846153846153848 0.06490384615384616
2 0.43509615384615385 0.5865384615384616 0.036057692307692304 0.06971153846153846
3 0.8954326923076923 0.37740384615384615 0.016826923076923076 0.038461538461538464
0 0.41466346153846156 0.4735576923076923 0.009615384615384616 0.014423076923076924