2 0.7043269230769231 0.5048076923076923 0.019230769230769232 0.052884615384615384
2 0.7139423076923077 0.4519230769230769 0.026442307692307692 0.055288461538461536
1 0.7644230769230769 0.47475961538461536 0.02403846153846154 0.052884615384615384
2 0.6959134615384616 0.4411057692307692 0.026442307692307692 0.055288461538461536
0 0.7199519230769231 0.7055288461538461 0.009615384615384616 0.01201923076923077
2 0.7079326923076923 0.5204326923076923 0.02403846153846154 0.06490384615384616
2 0.5661057692307693 0.4891826923076923 0.02403846153846154 0.055288461538461536
2 0.8870192307692307 0.6213942307692307 0.026442307692307692 0.055288461538461536
2 0.6658653846153846 0.484375 0.021634615384615384 0.055288461538461536
2 0.7956730769230769 0.5901442307692307 0.02403846153846154 0.0625
2 0.7211538461538461 0.6358173076923077 0.028846153846153848 0.0625
2 0.7860576923076923 0.5324519230769231 0.02403846153846154 0.06009615384615385
2 0.5973557692307693 0.4639423076923077 0.02403846153846154 0.052884615384615384
2 0.5853365384615384 0.4387019230769231 0.02403846153846154 0.052884615384615384
2 0.8629807692307693 0.6105769230769231 0.026442307692307692 0.06009615384615385
3 0.49038461538461536 0.4879807692307692 0.02403846153846154 0.06009615384615385
2 0.5637019230769231 0.5384615384615384 0.02403846153846154 0.055288461538461536
2 0.3629807692307692 0.4170673076923077 0.026442307692307692 0.057692307692307696
2 0.7055288461538461 0.671875 0.036057692307692304 0.0625
2 0.6418269230769231 0.6754807692307693 0.03365384615384615 0.0673076923076923
2 0.12379807692307693 0.4519230769230769 0.026442307692307692 0.06009615384615385
2 0.1466346153846154 0.5564903846153846 0.03125 0.0673076923076923
2 0.19951923076923078 0.546875 0.026442307692307692 0.06490384615384616