2 0.5709134615384616 0.3870192307692308 0.019230769230769232 0.04567307692307692
2 0.578125 0.42427884615384615 0.02403846153846154 0.05048076923076923
2 0.38100961538461536 0.5096153846153846 0.03365384615384615 0.0673076923076923
2 0.6995192307692307 0.28966346153846156 0.019230769230769232 0.04807692307692308
3 0.4831730769230769 0.5396634615384616 0.036057692307692304 0.06971153846153846
2 0.36177884615384615 0.4831730769230769 0.03125 0.06490384615384616
2 0.41346153846153844 0.5048076923076923 0.028846153846153848 0.0625
2 0.6129807692307693 0.34134615384615385 0.021634615384615384 0.04807692307692308
2 0.4495192307692308 0.390625 0.02403846153846154 0.05048076923076923
2 0.8521634615384616 0.33774038461538464 0.02403846153846154 0.057692307692307696
2 0.4338942307692308 0.5096153846153846 0.038461538461538464 0.06971153846153846
2 0.3786057692307692 0.7151442307692307 0.036057692307692304 0.07932692307692307
2 0.6081730769230769 0.44591346153846156 0.026442307692307692 0.0625
1 0.03365384615384615 0.5276442307692307 0.03365384615384615 0.0625
2 0.7091346153846154 0.4795673076923077 0.03365384615384615 0.06971153846153846
2 0.33052884615384615 0.5264423076923077 0.03365384615384615 0.0625
2 0.6610576923076923 0.5504807692307693 0.028846153846153848 0.07211538461538461
2 0.36177884615384615 0.6009615384615384 0.040865384615384616 0.07451923076923077
2 0.25240384615384615 0.8786057692307693 0.052884615384615384 0.0889423076923077
3 0.9795673076923077 0.8533653846153846 0.040865384615384616 0.11057692307692307
2 0.8028846153846154 0.5817307692307693 0.036057692307692304 0.08413461538461539
2 0.29086538461538464 0.84375 0.04567307692307692 0.0889423076923077
2 0.18990384615384615 0.7391826923076923 0.04326923076923077 0.07692307692307693
3 0.4495192307692308 0.2920673076923077 0.021634615384615384 0.04326923076923077
0 0.28725961538461536 0.8641826923076923 0.009615384615384616 0.016826923076923076