0 0.9050480769230769 0.5949519230769231 0.007211538461538462 0.01201923076923077
2 0.9375 0.6057692307692307 0.02403846153846154 0.038461538461538464
2 0.9278846153846154 0.6394230769230769 0.028846153846153848 0.06009615384615385
1 0.9495192307692307 0.4254807692307692 0.02403846153846154 0.052884615384615384
2 0.9266826923076923 0.6646634615384616 0.026442307692307692 0.0673076923076923
2 0.6478365384615384 0.3485576923076923 0.021634615384615384 0.04807692307692308
2 0.36658653846153844 0.3004807692307692 0.019230769230769232 0.04807692307692308
2 0.7211538461538461 0.3858173076923077 0.021634615384615384 0.052884615384615384
2 0.6826923076923077 0.43149038461538464 0.021634615384615384 0.052884615384615384
2 0.48677884615384615 0.38822115384615385 0.021634615384615384 0.055288461538461536
2 0.7800480769230769 0.5649038461538461 0.02403846153846154 0.0673076923076923
2 0.8401442307692307 0.6538461538461539 0.03125 0.07211538461538461
3 0.5997596153846154 0.4699519230769231 0.026442307692307692 0.06009615384615385
2 0.5685096153846154 0.5288461538461539 0.02403846153846154 0.0673076923076923
2 0.7079326923076923 0.6021634615384616 0.028846153846153848 0.07692307692307693
2 0.8737980769230769 0.65625 0.028846153846153848 0.06971153846153846
2 0.7920673076923077 0.4543269230769231 0.028846153846153848 0.057692307692307696
2 0.38341346153846156 0.6021634615384616 0.03125 0.08413461538461539
2 0.6502403846153846 0.6983173076923077 0.03365384615384615 0.08653846153846154
2 0.6887019230769231 0.6153846153846154 0.028846153846153848 0.07211538461538461
2 0.25721153846153844 0.6057692307692307 0.038461538461538464 0.08413461538461539
2 0.47596153846153844 0.5456730769230769 0.026442307692307692 0.06971153846153846
2 0.16706730769230768 0.43028846153846156 0.03125 0.06971153846153846
3 0.23197115384615385 0.1875 0.016826923076923076 0.040865384615384616