2 0.6370192307692307 0.5180288461538461 0.008413461538461538 0.04807692307692308
3 0.9098557692307693 0.9387019230769231 0.02283653846153846 0.07451923076923077
2 0.5252403846153846 0.4338942307692308 0.009615384615384616 0.038461538461538464
2 0.640625 0.5228365384615384 0.010817307692307692 0.055288461538461536
0 0.9807692307692307 0.3701923076923077 0.008413461538461538 0.013221153846153846
2 0.4026442307692308 0.4567307692307692 0.009615384615384616 0.04567307692307692
2 0.6334134615384616 0.4110576923076923 0.009615384615384616 0.046875
2 0.390625 0.4423076923076923 0.009615384615384616 0.04326923076923077
2 0.5721153846153846 0.8137019230769231 0.014423076923076924 0.07692307692307693
2 0.5168269230769231 0.4807692307692308 0.009615384615384616 0.04567307692307692
3 0.4423076923076923 0.5649038461538461 0.010817307692307692 0.0625
2 0.4375 0.5180288461538461 0.010817307692307692 0.054086538461538464
2 0.4699519230769231 0.49399038461538464 0.010817307692307692 0.04807692307692308
2 0.8173076923076923 0.6322115384615384 0.015625 0.0673076923076923
2 0.3485576923076923 0.484375 0.01201923076923077 0.054086538461538464
2 0.7019230769230769 0.4675480769230769 0.010817307692307692 0.052884615384615384
2 0.23798076923076922 0.6346153846153846 0.01201923076923077 0.0673076923076923
2 0.3762019230769231 0.5685096153846154 0.013221153846153846 0.057692307692307696
2 0.5805288461538461 0.609375 0.01201923076923077 0.06610576923076923
2 0.5697115384615384 0.6682692307692307 0.015625 0.0673076923076923
2 0.29447115384615385 0.5504807692307693 0.014423076923076924 0.05889423076923077
2 0.23557692307692307 0.7980769230769231 0.019230769230769232 0.08173076923076923
2 0.43509615384615385 0.7103365384615384 0.014423076923076924 0.0673076923076923
3 0.4050480769230769 0.3762019230769231 0.010817307692307692 0.039663461538461536
0 0.6334134615384616 0.43028846153846156 0.003605769230769231 0.008413461538461538