2 0.7524038461538461 0.49278846153846156 0.010817307692307692 0.046875
2 0.6394230769230769 0.34375 0.015625 0.038461538461538464
2 0.5252403846153846 0.3629807692307692 0.018028846153846152 0.03485576923076923
3 0.5396634615384616 0.47716346153846156 0.020432692307692308 0.054086538461538464
2 0.43509615384615385 0.4110576923076923 0.015625 0.04447115384615385
2 0.8365384615384616 0.4098557692307692 0.015625 0.04807692307692308
2 0.7644230769230769 0.5192307692307693 0.02283653846153846 0.057692307692307696
2 0.49278846153846156 0.40865384615384615 0.018028846153846152 0.042067307692307696
2 0.8713942307692307 0.4675480769230769 0.018028846153846152 0.04567307692307692
2 0.6021634615384616 0.4639423076923077 0.01201923076923077 0.04927884615384615
2 0.4362980769230769 0.4735576923076923 0.019230769230769232 0.04927884615384615
2 0.7788461538461539 0.46875 0.015625 0.057692307692307696
2 0.38341346153846156 0.5841346153846154 0.015625 0.0625
2 0.5709134615384616 0.5841346153846154 0.016826923076923076 0.0673076923076923
2 0.6730769230769231 0.7175480769230769 0.016826923076923076 0.078125
2 0.3317307692307692 0.6225961538461539 0.021634615384615384 0.06971153846153846
2 0.21033653846153846 0.4411057692307692 0.014423076923076924 0.054086538461538464
2 0.8329326923076923 0.6778846153846154 0.020432692307692308 0.07091346153846154
2 0.3088942307692308 0.49038461538461536 0.02403846153846154 0.055288461538461536
2 0.171875 0.5456730769230769 0.020432692307692308 0.0625
2 0.234375 0.7295673076923077 0.025240384615384616 0.07451923076923077
0 0.49399038461538464 0.3762019230769231 0.004807692307692308 0.009615384615384616
3 0.296875 0.33653846153846156 0.014423076923076924 0.039663461538461536