2 0.45552884615384615 0.5408653846153846 0.019230769230769232 0.036057692307692304
2 0.5432692307692307 0.5372596153846154 0.021634615384615384 0.052884615384615384
1 0.8052884615384616 0.39783653846153844 0.026442307692307692 0.05048076923076923
2 0.7752403846153846 0.5132211538461539 0.021634615384615384 0.06009615384615385
2 0.6634615384615384 0.47115384615384615 0.021634615384615384 0.052884615384615384
2 0.6862980769230769 0.5432692307692307 0.021634615384615384 0.06009615384615385
2 0.5516826923076923 0.4387019230769231 0.02403846153846154 0.04807692307692308
2 0.45913461538461536 0.5733173076923077 0.036057692307692304 0.0625
2 0.7752403846153846 0.5504807692307693 0.026442307692307692 0.057692307692307696
2 0.7055288461538461 0.5877403846153846 0.026442307692307692 0.06490384615384616
2 0.5240384615384616 0.46274038461538464 0.02403846153846154 0.04567307692307692
2 0.7355769230769231 0.5649038461538461 0.021634615384615384 0.040865384615384616
2 0.3088942307692308 0.5204326923076923 0.021634615384615384 0.05048076923076923
2 0.5697115384615384 0.5552884615384616 0.02403846153846154 0.055288461538461536
2 0.5600961538461539 0.5673076923076923 0.028846153846153848 0.057692307692307696
3 0.5889423076923077 0.5348557692307693 0.028846153846153848 0.057692307692307696
3 0.9879807692307693 0.6634615384615384 0.02403846153846154 0.07692307692307693
2 0.4375 0.5805288461538461 0.026442307692307692 0.057692307692307696
2 0.7548076923076923 0.65625 0.028846153846153848 0.06971153846153846
2 0.36899038461538464 0.6670673076923077 0.03365384615384615 0.07692307692307693
2 0.12259615384615384 0.6646634615384616 0.026442307692307692 0.0625
2 0.3245192307692308 0.6826923076923077 0.028846153846153848 0.06490384615384616
2 0.5204326923076923 0.6862980769230769 0.036057692307692304 0.06971153846153846
3 0.06490384615384616 0.4795673076923077 0.016826923076923076 0.038461538461538464
0 0.5420673076923077 0.5757211538461539 0.009615384615384616 0.014423076923076924