2 0.671875 0.40384615384615385 0.021634615384615384 0.040865384615384616
1 0.7776442307692307 0.42427884615384615 0.019230769230769232 0.036057692307692304
2 0.6574519230769231 0.4014423076923077 0.014423076923076924 0.04807692307692308
2 0.6706730769230769 0.43990384615384615 0.021634615384615384 0.04567307692307692
2 0.53125 0.4026442307692308 0.014423076923076924 0.04567307692307692
2 0.7211538461538461 0.4362980769230769 0.02403846153846154 0.04807692307692308
2 0.8978365384615384 0.5024038461538461 0.019230769230769232 0.04807692307692308
2 0.5252403846153846 0.43509615384615385 0.019230769230769232 0.05048076923076923
3 0.5012019230769231 0.45913461538461536 0.01201923076923077 0.06009615384615385
2 0.8533653846153846 0.4795673076923077 0.014423076923076924 0.052884615384615384
2 0.5817307692307693 0.4098557692307692 0.01201923076923077 0.04326923076923077
2 0.6466346153846154 0.4519230769230769 0.02403846153846154 0.052884615384615384
2 0.7295673076923077 0.484375 0.014423076923076924 0.0625
2 0.6201923076923077 0.5 0.016826923076923076 0.0625
2 0.36778846153846156 0.421875 0.016826923076923076 0.057692307692307696
2 0.84375 0.5168269230769231 0.019230769230769232 0.06009615384615385
2 0.6153846153846154 0.578125 0.019230769230769232 0.0673076923076923
2 0.1141826923076923 0.4879807692307692 0.01201923076923077 0.06490384615384616
2 0.7007211538461539 0.5456730769230769 0.016826923076923076 0.07451923076923077
2 0.15985576923076922 0.6213942307692307 0.019230769230769232 0.07692307692307693
2 0.22716346153846154 0.5637019230769231 0.014423076923076924 0.0673076923076923
2 0.4723557692307692 0.6129807692307693 0.021634615384615384 0.07932692307692307
0 0.9038461538461539 0.5204326923076923 0.007211538461538462 0.016826923076923076