2 0.4110576923076923 0.4230769230769231 0.019230769230769232 0.05048076923076923
2 0.5600961538461539 0.5973557692307693 0.02403846153846154 0.08173076923076923
0 0.4543269230769231 0.6790865384615384 0.01201923076923077 0.014423076923076924
2 0.4230769230769231 0.4579326923076923 0.026442307692307692 0.057692307692307696
2 0.4987980769230769 0.3581730769230769 0.016826923076923076 0.052884615384615384
2 0.6430288461538461 0.33774038461538464 0.021634615384615384 0.057692307692307696
2 0.3125 0.6322115384615384 0.02403846153846154 0.06971153846153846
2 0.46875 0.40865384615384615 0.021634615384615384 0.057692307692307696
2 0.5805288461538461 0.3389423076923077 0.016826923076923076 0.052884615384615384
2 0.4050480769230769 0.4567307692307692 0.021634615384615384 0.0625
1 0.1045673076923077 0.4855769230769231 0.021634615384615384 0.06490384615384616
2 0.37259615384615385 0.48677884615384615 0.021634615384615384 0.08173076923076923
2 0.5060096153846154 0.43028846153846156 0.016826923076923076 0.0625
3 0.5528846153846154 0.45072115384615385 0.019230769230769232 0.0625
2 0.45913461538461536 0.5192307692307693 0.026442307692307692 0.07211538461538461
2 0.6201923076923077 0.5240384615384616 0.021634615384615384 0.06971153846153846
2 0.9302884615384616 0.375 0.021634615384615384 0.0625
2 0.3137019230769231 0.5264423076923077 0.03365384615384615 0.06971153846153846
2 0.5456730769230769 0.6141826923076923 0.028846153846153848 0.06971153846153846
2 0.9651442307692307 0.4879807692307692 0.026442307692307692 0.07211538461538461
2 0.8040865384615384 0.5036057692307693 0.02403846153846154 0.07211538461538461
2 0.5492788461538461 0.5877403846153846 0.028846153846153848 0.07451923076923077