0 0.17307692307692307 0.5865384615384616 0.007211538461538462 0.01201923076923077
2 0.20552884615384615 0.5588942307692307 0.026442307692307692 0.028846153846153848
1 0.15384615384615385 0.41466346153846156 0.019230769230769232 0.04326923076923077
2 0.3329326923076923 0.47716346153846156 0.014423076923076924 0.04807692307692308
2 0.1466346153846154 0.5745192307692307 0.019230769230769232 0.04567307692307692
2 0.18269230769230768 0.5132211538461539 0.016826923076923076 0.055288461538461536
2 0.24278846153846154 0.5444711538461539 0.014423076923076924 0.04807692307692308
2 0.47115384615384615 0.46033653846153844 0.009615384615384616 0.05048076923076923
3 0.40024038461538464 0.49759615384615385 0.009615384615384616 0.052884615384615384
2 0.3293269230769231 0.4074519230769231 0.014423076923076924 0.04567307692307692
2 0.12980769230769232 0.5661057692307693 0.014423076923076924 0.055288461538461536
2 0.6742788461538461 0.41466346153846156 0.014423076923076924 0.04567307692307692
2 0.27283653846153844 0.4567307692307692 0.014423076923076924 0.05048076923076923
2 0.28966346153846156 0.5396634615384616 0.014423076923076924 0.052884615384615384
2 0.4375 0.5324519230769231 0.009615384615384616 0.06009615384615385
2 0.39302884615384615 0.40024038461538464 0.014423076923076924 0.04326923076923077
2 0.35697115384615385 0.5973557692307693 0.01201923076923077 0.06490384615384616
2 0.41225961538461536 0.6538461538461539 0.014423076923076924 0.06971153846153846
2 0.20552884615384615 0.6069711538461539 0.014423076923076924 0.0625
2 0.5108173076923077 0.5576923076923077 0.01201923076923077 0.06490384615384616
2 0.6466346153846154 0.6454326923076923 0.019230769230769232 0.07211538461538461
2 0.6778846153846154 0.6358173076923077 0.019230769230769232 0.06490384615384616
2 0.8557692307692307 0.5432692307692307 0.01201923076923077 0.057692307692307696
3 0.8713942307692307 0.3389423076923077 0.009615384615384616 0.038461538461538464