0 0.11658653846153846 0.6442307692307693 0.007211538461538462 0.01201923076923077
2 0.08533653846153846 0.6550480769230769 0.02403846153846154 0.038461538461538464
2 0.09495192307692307 0.6899038461538461 0.028846153846153848 0.06009615384615385
1 0.0733173076923077 0.47596153846153844 0.02403846153846154 0.052884615384615384
2 0.09615384615384616 0.7151442307692307 0.026442307692307692 0.0673076923076923
2 0.3762019230769231 0.39903846153846156 0.021634615384615384 0.04807692307692308
2 0.65625 0.34975961538461536 0.019230769230769232 0.04807692307692308
2 0.3016826923076923 0.4362980769230769 0.021634615384615384 0.052884615384615384
2 0.34134615384615385 0.48197115384615385 0.021634615384615384 0.052884615384615384
2 0.5360576923076923 0.4387019230769231 0.021634615384615384 0.055288461538461536
2 0.24278846153846154 0.6153846153846154 0.02403846153846154 0.0673076923076923
2 0.18389423076923078 0.703125 0.03125 0.07211538461538461
3 0.4230769230769231 0.5204326923076923 0.026442307692307692 0.06009615384615385
2 0.4543269230769231 0.5793269230769231 0.02403846153846154 0.0673076923076923
2 0.31490384615384615 0.6514423076923077 0.028846153846153848 0.07692307692307693
2 0.1502403846153846 0.7067307692307693 0.028846153846153848 0.06971153846153846
2 0.23076923076923078 0.5036057692307693 0.028846153846153848 0.057692307692307696
2 0.640625 0.6526442307692307 0.03125 0.08413461538461539
2 0.3737980769230769 0.7475961538461539 0.03365384615384615 0.08653846153846154
2 0.33533653846153844 0.6646634615384616 0.028846153846153848 0.07211538461538461
2 0.765625 0.65625 0.038461538461538464 0.08413461538461539
2 0.546875 0.5949519230769231 0.026442307692307692 0.06971153846153846
2 0.8569711538461539 0.4807692307692308 0.03125 0.06971153846153846
3 0.7920673076923077 0.23798076923076922 0.016826923076923076 0.040865384615384616