2 0.703125 0.4543269230769231 0.009615384615384616 0.05048076923076923
2 0.703125 0.40384615384615385 0.014423076923076924 0.051682692307692304
1 0.7548076923076923 0.41466346153846156 0.014423076923076924 0.05048076923076923
2 0.6838942307692307 0.39663461538461536 0.014423076923076924 0.051682692307692304
0 0.7548076923076923 0.640625 0.007211538461538462 0.010817307692307692
2 0.7091346153846154 0.4699519230769231 0.01201923076923077 0.05889423076923077
2 0.5697115384615384 0.46634615384615385 0.01201923076923077 0.051682692307692304
2 0.8954326923076923 0.53125 0.014423076923076924 0.051682692307692304
2 0.6634615384615384 0.4423076923076923 0.010817307692307692 0.051682692307692304
2 0.8052884615384616 0.5192307692307693 0.01201923076923077 0.057692307692307696
2 0.7427884615384616 0.5745192307692307 0.015625 0.057692307692307696
2 0.7860576923076923 0.4651442307692308 0.01201923076923077 0.055288461538461536
2 0.5961538461538461 0.43509615384615385 0.013221153846153846 0.05048076923076923
2 0.578125 0.41346153846153844 0.01201923076923077 0.05048076923076923
2 0.8713942307692307 0.5252403846153846 0.014423076923076924 0.056490384615384616
3 0.4987980769230769 0.47836538461538464 0.010817307692307692 0.056490384615384616
2 0.5769230769230769 0.5108173076923077 0.014423076923076924 0.051682692307692304
2 0.36538461538461536 0.43509615384615385 0.014423076923076924 0.052884615384615384
2 0.734375 0.6117788461538461 0.025240384615384616 0.055288461538461536
2 0.6754807692307693 0.6274038461538461 0.020432692307692308 0.06129807692307692
2 0.14783653846153846 0.5108173076923077 0.015625 0.055288461538461536
2 0.18870192307692307 0.6045673076923077 0.016826923076923076 0.0625
2 0.23557692307692307 0.5865384615384616 0.015625 0.05889423076923077