2 0.3581730769230769 0.6538461538461539 0.021634615384615384 0.026442307692307692
2 0.5576923076923077 0.46274038461538464 0.014423076923076924 0.040865384615384616
2 0.6358173076923077 0.43149038461538464 0.014423076923076924 0.028846153846153848
2 0.5649038461538461 0.4579326923076923 0.01201923076923077 0.028846153846153848
2 0.3641826923076923 0.6574519230769231 0.021634615384615384 0.028846153846153848
3 0.6814903846153846 0.43028846153846156 0.014423076923076924 0.036057692307692304
3 0.10096153846153846 0.8485576923076923 0.028846153846153848 0.07451923076923077
2 0.6274038461538461 0.4338942307692308 0.014423076923076924 0.03365384615384615
2 0.5564903846153846 0.4411057692307692 0.019230769230769232 0.040865384615384616
2 0.4411057692307692 0.40865384615384615 0.016826923076923076 0.03365384615384615
2 0.421875 0.4098557692307692 0.016826923076923076 0.03365384615384615
2 0.6334134615384616 0.484375 0.019230769230769232 0.04326923076923077
3 0.5360576923076923 0.4963942307692308 0.016826923076923076 0.04567307692307692
2 0.36177884615384615 0.6971153846153846 0.028846153846153848 0.0673076923076923
2 0.2932692307692308 0.43028846153846156 0.019230769230769232 0.04567307692307692
2 0.7451923076923077 0.48197115384615385 0.016826923076923076 0.040865384615384616
2 0.5336538461538461 0.45913461538461536 0.016826923076923076 0.040865384615384616
2 0.7391826923076923 0.5516826923076923 0.019230769230769232 0.04807692307692308
2 0.4206730769230769 0.4891826923076923 0.019230769230769232 0.04567307692307692
2 0.4182692307692308 0.5841346153846154 0.026442307692307692 0.052884615384615384
2 0.24879807692307693 0.46875 0.019230769230769232 0.04807692307692308
2 0.5492788461538461 0.5324519230769231 0.021634615384615384 0.04807692307692308
2 0.22956730769230768 0.4651442307692308 0.021634615384615384 0.05048076923076923
2 0.7175480769230769 0.5853365384615384 0.021634615384615384 0.05048076923076923