2 0.6850961538461539 0.5348557692307693 0.026442307692307692 0.055288461538461536
2 0.28365384615384615 0.5697115384615384 0.019230769230769232 0.038461538461538464
2 0.47596153846153844 0.46875 0.019230769230769232 0.04326923076923077
2 0.3581730769230769 0.47596153846153844 0.016826923076923076 0.036057692307692304
2 0.6862980769230769 0.5420673076923077 0.03365384615384615 0.06009615384615385
2 0.5612980769230769 0.375 0.019230769230769232 0.036057692307692304
2 0.31490384615384615 0.5048076923076923 0.019230769230769232 0.040865384615384616
2 0.49399038461538464 0.43509615384615385 0.016826923076923076 0.03365384615384615
3 0.5 0.5120192307692307 0.019230769230769232 0.04326923076923077
2 0.8221153846153846 0.4387019230769231 0.019230769230769232 0.04326923076923077
2 0.7271634615384616 0.39663461538461536 0.019230769230769232 0.040865384615384616
2 0.3317307692307692 0.5240384615384616 0.019230769230769232 0.04567307692307692
2 0.2932692307692308 0.6033653846153846 0.02403846153846154 0.055288461538461536
2 0.8629807692307693 0.4675480769230769 0.026442307692307692 0.05048076923076923
2 0.6009615384615384 0.44471153846153844 0.019230769230769232 0.038461538461538464
2 0.4182692307692308 0.5408653846153846 0.02403846153846154 0.05048076923076923
2 0.7608173076923077 0.6850961538461539 0.03125 0.06490384615384616
2 0.5192307692307693 0.6189903846153846 0.021634615384615384 0.05048076923076923
2 0.3713942307692308 0.8569711538461539 0.036057692307692304 0.07692307692307693
2 0.8221153846153846 0.5180288461538461 0.026442307692307692 0.05048076923076923
2 0.28725961538461536 0.7223557692307693 0.026442307692307692 0.06009615384615385
3 0.32211538461538464 0.4254807692307692 0.019230769230769232 0.038461538461538464
0 0.6838942307692307 0.5697115384615384 0.009615384615384616 0.01201923076923077