2 0.7019230769230769 0.4110576923076923 0.01201923076923077 0.03365384615384615
2 0.6778846153846154 0.4723557692307692 0.014423076923076924 0.04807692307692308
1 0.8016826923076923 0.4579326923076923 0.021634615384615384 0.055288461538461536
2 0.546875 0.5625 0.028846153846153848 0.06009615384615385
2 0.5444711538461539 0.6129807692307693 0.03125 0.055288461538461536
2 0.7043269230769231 0.4387019230769231 0.019230769230769232 0.052884615384615384
2 0.7235576923076923 0.6358173076923077 0.02403846153846154 0.0673076923076923
2 0.5024038461538461 0.46875 0.021634615384615384 0.057692307692307696
2 0.6598557692307693 0.4735576923076923 0.019230769230769232 0.05048076923076923
2 0.5949519230769231 0.42908653846153844 0.019230769230769232 0.05048076923076923
2 0.5769230769230769 0.6334134615384616 0.02403846153846154 0.06971153846153846
2 0.8028846153846154 0.6550480769230769 0.026442307692307692 0.0673076923076923
2 0.6766826923076923 0.5228365384615384 0.02403846153846154 0.06490384615384616
2 0.2692307692307692 0.7079326923076923 0.036057692307692304 0.07451923076923077
3 0.5036057692307693 0.5240384615384616 0.02403846153846154 0.06490384615384616
2 0.5588942307692307 0.6574519230769231 0.026442307692307692 0.07932692307692307
2 0.7439903846153846 0.6394230769230769 0.02403846153846154 0.06490384615384616
2 0.8365384615384616 0.5420673076923077 0.021634615384615384 0.0625
2 0.25721153846153844 0.6790865384615384 0.028846153846153848 0.07451923076923077
2 0.2932692307692308 0.44350961538461536 0.021634615384615384 0.0625
2 0.46153846153846156 0.6322115384615384 0.026442307692307692 0.07692307692307693
2 0.11899038461538461 0.5637019230769231 0.036057692307692304 0.07692307692307693
0 0.5480769230769231 0.6322115384615384 0.007211538461538462 0.01201923076923077
3 0.040865384615384616 0.27283653846153844 0.019230769230769232 0.04326923076923077