2 0.5576923076923077 0.40865384615384615 0.021634615384615384 0.04567307692307692
2 0.5492788461538461 0.4483173076923077 0.02403846153846154 0.05048076923076923
2 0.328125 0.4423076923076923 0.036057692307692304 0.06971153846153846
2 0.7211538461538461 0.375 0.021634615384615384 0.04807692307692308
3 0.4098557692307692 0.5144230769230769 0.038461538461538464 0.07211538461538461
2 0.31971153846153844 0.4074519230769231 0.03365384615384615 0.0673076923076923
2 0.3605769230769231 0.45072115384615385 0.03125 0.06490384615384616
2 0.6165865384615384 0.38461538461538464 0.02403846153846154 0.05048076923076923
2 0.44350961538461536 0.359375 0.02403846153846154 0.05048076923076923
2 0.8413461538461539 0.48677884615384615 0.026442307692307692 0.057692307692307696
2 0.37740384615384615 0.46274038461538464 0.040865384615384616 0.07211538461538461
2 0.23677884615384615 0.6310096153846154 0.038461538461538464 0.08413461538461539
2 0.5661057692307693 0.4807692307692308 0.028846153846153848 0.0625
2 0.6478365384615384 0.5564903846153846 0.036057692307692304 0.07211538461538461
2 0.27403846153846156 0.43509615384615385 0.03365384615384615 0.06490384615384616
2 0.5709134615384616 0.6009615384615384 0.03125 0.07451923076923077
2 0.2704326923076923 0.5180288461538461 0.04326923076923077 0.07451923076923077
2 0.046875 0.7295673076923077 0.055288461538461536 0.09134615384615384
3 0.7475961538461539 0.984375 0.057692307692307696 0.03125
2 0.6887019230769231 0.6923076923076923 0.038461538461538464 0.0889423076923077
2 0.09735576923076923 0.7139423076923077 0.04807692307692308 0.09134615384615384
2 0.04927884615384615 0.5721153846153846 0.04567307692307692 0.07932692307692307
3 0.48677884615384615 0.26802884615384615 0.02403846153846154 0.04326923076923077
0 0.08653846153846154 0.7319711538461539 0.009615384615384616 0.016826923076923076