0 0.14423076923076922 0.5444711538461539 0.004807692307692308 0.009615384615384616
2 0.11538461538461539 0.5492788461538461 0.015625 0.03125
2 0.11778846153846154 0.5817307692307693 0.015625 0.054086538461538464
1 0.13581730769230768 0.38822115384615385 0.013221153846153846 0.046875
3 0.014423076923076924 0.6682692307692307 0.02403846153846154 0.06971153846153846
2 0.11538461538461539 0.6045673076923077 0.01201923076923077 0.06009615384615385
2 0.4170673076923077 0.3713942307692308 0.01201923076923077 0.042067307692307696
2 0.6742788461538461 0.3762019230769231 0.009615384615384616 0.042067307692307696
2 0.3449519230769231 0.3918269230769231 0.009615384615384616 0.04807692307692308
2 0.3713942307692308 0.4387019230769231 0.010817307692307692 0.046875
2 0.5528846153846154 0.43509615384615385 0.009615384615384616 0.04927884615384615
2 0.2620192307692308 0.5408653846153846 0.009615384615384616 0.05889423076923077
2 0.19471153846153846 0.609375 0.015625 0.06370192307692307
3 0.4387019230769231 0.48677884615384615 0.015625 0.052884615384615384
2 0.4567307692307692 0.5456730769230769 0.010817307692307692 0.06009615384615385
2 0.31971153846153844 0.5853365384615384 0.014423076923076924 0.0673076923076923
2 0.16346153846153846 0.6057692307692307 0.013221153846153846 0.0625
2 0.27163461538461536 0.43990384615384615 0.015625 0.05048076923076923
2 0.6081730769230769 0.6430288461538461 0.015625 0.07451923076923077
2 0.3557692307692308 0.6802884615384616 0.015625 0.07572115384615384
2 0.33533653846153844 0.6009615384615384 0.014423076923076924 0.06370192307692307
2 0.71875 0.6670673076923077 0.020432692307692308 0.07451923076923077
2 0.5348557692307693 0.5757211538461539 0.01201923076923077 0.06129807692307692
2 0.8305288461538461 0.5276442307692307 0.016826923076923076 0.06129807692307692
3 0.8137019230769231 0.3004807692307692 0.008413461538461538 0.037259615384615384