2 0.3605769230769231 0.4254807692307692 0.013221153846153846 0.039663461538461536
2 0.4338942307692308 0.36538461538461536 0.007211538461538462 0.030048076923076924
2 0.27163461538461536 0.40625 0.010817307692307692 0.03365384615384615
2 0.35096153846153844 0.44591346153846156 0.009615384615384616 0.042067307692307696
2 0.5192307692307693 0.36658653846153844 0.007211538461538462 0.03125
2 0.2980769230769231 0.37259615384615385 0.009615384615384616 0.028846153846153848
2 0.5264423076923077 0.3870192307692308 0.013221153846153846 0.030048076923076924
2 0.39783653846153844 0.3713942307692308 0.013221153846153846 0.030048076923076924
3 0.08653846153846154 0.8990384615384616 0.021634615384615384 0.09735576923076923
2 0.7043269230769231 0.3942307692307692 0.007211538461538462 0.039663461538461536
2 0.5084134615384616 0.3762019230769231 0.008413461538461538 0.038461538461538464
2 0.5072115384615384 0.44711538461538464 0.01201923076923077 0.036057692307692304
2 0.2800480769230769 0.6105769230769231 0.02403846153846154 0.0625
2 0.1935096153846154 0.4254807692307692 0.010817307692307692 0.038461538461538464
2 0.6274038461538461 0.5240384615384616 0.013221153846153846 0.055288461538461536
2 0.5901442307692307 0.44471153846153844 0.010817307692307692 0.04567307692307692
2 0.8028846153846154 0.5576923076923077 0.019230769230769232 0.051682692307692304
2 0.6983173076923077 0.4338942307692308 0.014423076923076924 0.040865384615384616
2 0.19471153846153846 0.5264423076923077 0.02283653846153846 0.051682692307692304
0 0.25841346153846156 0.4026442307692308 0.004807692307692308 0.008413461538461538
2 0.265625 0.3858173076923077 0.014423076923076924 0.039663461538461536
3 0.3545673076923077 0.42788461538461536 0.018028846153846152 0.037259615384615384
3 0.6370192307692307 0.3449519230769231 0.009615384615384616 0.038461538461538464