0 0.12860576923076922 0.7115384615384616 0.007211538461538462 0.014423076923076924
2 0.2956730769230769 0.45913461538461536 0.008413461538461538 0.046875
2 0.15985576923076922 0.6502403846153846 0.015625 0.06610576923076923
2 0.359375 0.4387019230769231 0.009615384615384616 0.057692307692307696
1 0.22115384615384615 0.41586538461538464 0.01201923076923077 0.052884615384615384
2 0.46634615384615385 0.4639423076923077 0.013221153846153846 0.054086538461538464
2 0.34134615384615385 0.43028846153846156 0.013221153846153846 0.056490384615384616
2 0.33413461538461536 0.5324519230769231 0.014423076923076924 0.056490384615384616
2 0.39783653846153844 0.40625 0.010817307692307692 0.05048076923076923
2 0.30528846153846156 0.46033653846153844 0.014423076923076924 0.055288461538461536
2 0.46033653846153844 0.41466346153846156 0.01201923076923077 0.051682692307692304
2 0.4543269230769231 0.39302884615384615 0.010817307692307692 0.04927884615384615
2 0.37740384615384615 0.46033653846153844 0.01201923076923077 0.055288461538461536
3 0.4891826923076923 0.46274038461538464 0.010817307692307692 0.055288461538461536
2 0.1814903846153846 0.6742788461538461 0.026442307692307692 0.046875
2 0.38100961538461536 0.5576923076923077 0.016826923076923076 0.06490384615384616
2 0.6274038461538461 0.42788461538461536 0.009615384615384616 0.051682692307692304
2 0.15144230769230768 0.7043269230769231 0.020432692307692308 0.07451923076923077
2 0.3485576923076923 0.6550480769230769 0.019230769230769232 0.0673076923076923
2 0.46875 0.640625 0.015625 0.07572115384615384
2 0.6538461538461539 0.5420673076923077 0.015625 0.06129807692307692
2 0.8365384615384616 0.6550480769230769 0.018028846153846152 0.0829326923076923
2 0.8317307692307693 0.4639423076923077 0.013221153846153846 0.05889423076923077