0 0.13942307692307693 0.5408653846153846 0.007211538461538462 0.01201923076923077
2 0.17668269230769232 0.5192307692307693 0.03125 0.03365384615384615
1 0.1502403846153846 0.3641826923076923 0.026442307692307692 0.04807692307692308
2 0.32091346153846156 0.45913461538461536 0.02403846153846154 0.05048076923076923
2 0.1141826923076923 0.5240384615384616 0.026442307692307692 0.04807692307692308
2 0.1622596153846154 0.4699519230769231 0.026442307692307692 0.057692307692307696
2 0.21754807692307693 0.5108173076923077 0.021634615384615384 0.05048076923076923
2 0.46153846153846156 0.46634615384615385 0.019230769230769232 0.05048076923076923
3 0.38461538461538464 0.49038461538461536 0.019230769230769232 0.052884615384615384
2 0.3293269230769231 0.38822115384615385 0.021634615384615384 0.04807692307692308
2 0.09975961538461539 0.5120192307692307 0.02403846153846154 0.057692307692307696
2 0.6754807692307693 0.4567307692307692 0.021634615384615384 0.04807692307692308
2 0.26322115384615385 0.42788461538461536 0.02403846153846154 0.052884615384615384
2 0.265625 0.515625 0.02403846153846154 0.055288461538461536
2 0.41466346153846156 0.5336538461538461 0.021634615384615384 0.06009615384615385
2 0.3942307692307692 0.3942307692307692 0.021634615384615384 0.04567307692307692
2 0.32211538461538464 0.5853365384615384 0.02403846153846154 0.0673076923076923
2 0.36778846153846156 0.6502403846153846 0.026442307692307692 0.07211538461538461
2 0.16947115384615385 0.5673076923076923 0.02403846153846154 0.06490384615384616
2 0.484375 0.5721153846153846 0.02403846153846154 0.06490384615384616
2 0.6057692307692307 0.6850961538461539 0.03125 0.07451923076923077
2 0.6394230769230769 0.6802884615384616 0.03125 0.0673076923076923
2 0.8353365384615384 0.6189903846153846 0.02403846153846154 0.06009615384615385
3 0.8870192307692307 0.41586538461538464 0.016826923076923076 0.040865384615384616