2 0.5192307692307693 0.4831730769230769 0.010817307692307692 0.03125
2 0.4411057692307692 0.49759615384615385 0.009615384615384616 0.046875
1 0.17908653846153846 0.4266826923076923 0.014423076923076924 0.04447115384615385
2 0.2283653846153846 0.5228365384615384 0.008413461538461538 0.054086538461538464
2 0.31971153846153844 0.46274038461538464 0.008413461538461538 0.04807692307692308
2 0.3137019230769231 0.5324519230769231 0.008413461538461538 0.054086538461538464
2 0.41346153846153844 0.41225961538461536 0.01201923076923077 0.042067307692307696
2 0.5216346153846154 0.5120192307692307 0.021634615384615384 0.052884615384615384
2 0.23557692307692307 0.5576923076923077 0.01201923076923077 0.05048076923076923
2 0.30649038461538464 0.5757211538461539 0.010817307692307692 0.05889423076923077
2 0.4411057692307692 0.42788461538461536 0.01201923076923077 0.040865384615384616
2 0.27403846153846156 0.5612980769230769 0.013221153846153846 0.03485576923076923
2 0.6442307692307693 0.4338942307692308 0.010817307692307692 0.04326923076923077
2 0.4206730769230769 0.5192307692307693 0.010817307692307692 0.04807692307692308
2 0.43149038461538464 0.5276442307692307 0.015625 0.05048076923076923
3 0.39783653846153844 0.5048076923076923 0.015625 0.05048076923076923
3 0.06370192307692307 0.703125 0.02403846153846154 0.06610576923076923
2 0.5432692307692307 0.515625 0.01201923076923077 0.051682692307692304
2 0.2776442307692308 0.6466346153846154 0.01201923076923077 0.0625
2 0.6201923076923077 0.5769230769230769 0.015625 0.0673076923076923
2 0.8401442307692307 0.5240384615384616 0.01201923076923077 0.055288461538461536
2 0.6622596153846154 0.5817307692307693 0.014423076923076924 0.057692307692307696
2 0.49038461538461536 0.625 0.020432692307692308 0.06009615384615385
3 0.8521634615384616 0.3485576923076923 0.008413461538461538 0.03485576923076923
0 0.4483173076923077 0.5300480769230769 0.007211538461538462 0.01201923076923077