2 0.40865384615384615 0.36538461538461536 0.008413461538461538 0.03485576923076923
2 0.36778846153846156 0.3629807692307692 0.013221153846153846 0.038461538461538464
2 0.8040865384615384 0.42788461538461536 0.01201923076923077 0.05048076923076923
2 0.3870192307692308 0.390625 0.008413461538461538 0.04326923076923077
2 0.640625 0.36778846153846156 0.015625 0.040865384615384616
2 0.8581730769230769 0.45552884615384615 0.01201923076923077 0.05048076923076923
2 0.5865384615384616 0.453125 0.009615384615384616 0.04927884615384615
2 0.7836538461538461 0.6538461538461539 0.018028846153846152 0.0673076923076923
2 0.7848557692307693 0.47836538461538464 0.010817307692307692 0.057692307692307696
2 0.7067307692307693 0.5012019230769231 0.015625 0.052884615384615384
3 0.44591346153846156 0.4807692307692308 0.013221153846153846 0.052884615384615384
2 0.7379807692307693 0.5288461538461539 0.015625 0.06129807692307692
2 0.21875 0.4254807692307692 0.015625 0.04927884615384615
2 0.23677884615384615 0.5012019230769231 0.02283653846153846 0.057692307692307696
2 0.18028846153846154 0.5793269230769231 0.016826923076923076 0.06009615384615385
2 0.5612980769230769 0.5709134615384616 0.015625 0.06370192307692307
2 0.36538461538461536 0.4495192307692308 0.016826923076923076 0.051682692307692304
2 0.6814903846153846 0.6670673076923077 0.020432692307692308 0.07451923076923077
2 0.24759615384615385 0.5637019230769231 0.018028846153846152 0.0625
2 0.18629807692307693 0.5 0.020432692307692308 0.05889423076923077
2 0.3557692307692308 0.5600961538461539 0.019230769230769232 0.0625
3 0.31490384615384615 0.33653846153846156 0.009615384615384616 0.037259615384615384
0 0.39783653846153844 0.3798076923076923 0.004807692307692308 0.008413461538461538