0 0.8161057692307693 0.578125 0.007211538461538462 0.01201923076923077
3 0.9939903846153846 0.6814903846153846 0.01201923076923077 0.06971153846153846
2 0.7836538461538461 0.5528846153846154 0.026442307692307692 0.028846153846153848
1 0.828125 0.41346153846153844 0.019230769230769232 0.04326923076923077
2 0.6574519230769231 0.47836538461538464 0.016826923076923076 0.04567307692307692
2 0.8401442307692307 0.5649038461538461 0.019230769230769232 0.04326923076923077
2 0.8040865384615384 0.5096153846153846 0.019230769230769232 0.052884615384615384
2 0.7451923076923077 0.5396634615384616 0.016826923076923076 0.04807692307692308
2 0.5252403846153846 0.4675480769230769 0.01201923076923077 0.04807692307692308
3 0.5949519230769231 0.5 0.009615384615384616 0.05048076923076923
2 0.6574519230769231 0.41225961538461536 0.014423076923076924 0.04326923076923077
2 0.8557692307692307 0.5564903846153846 0.016826923076923076 0.052884615384615384
2 0.3293269230769231 0.43028846153846156 0.014423076923076924 0.04326923076923077
2 0.7151442307692307 0.4579326923076923 0.014423076923076924 0.04807692307692308
2 0.7019230769230769 0.5372596153846154 0.014423076923076924 0.05048076923076923
2 0.5612980769230769 0.5348557692307693 0.01201923076923077 0.057692307692307696
2 0.5961538461538461 0.40865384615384615 0.014423076923076924 0.040865384615384616
2 0.6394230769230769 0.5949519230769231 0.014423076923076924 0.0625
2 0.5889423076923077 0.6502403846153846 0.016826923076923076 0.0673076923076923
2 0.7836538461538461 0.5985576923076923 0.016826923076923076 0.06009615384615385
2 0.49038461538461536 0.5625 0.014423076923076924 0.0625
2 0.3629807692307692 0.6502403846153846 0.019230769230769232 0.06971153846153846
2 0.3329326923076923 0.640625 0.021634615384615384 0.0625
2 0.15865384615384615 0.5600961538461539 0.014423076923076924 0.055288461538461536
3 0.13822115384615385 0.36538461538461536 0.009615384615384616 0.038461538461538464