2 0.35697115384615385 0.4026442307692308 0.019230769230769232 0.04326923076923077
2 0.4423076923076923 0.34975961538461536 0.01201923076923077 0.03125
2 0.2668269230769231 0.36899038461538464 0.016826923076923076 0.038461538461538464
2 0.34375 0.421875 0.016826923076923076 0.04567307692307692
2 0.53125 0.3641826923076923 0.01201923076923077 0.03365384615384615
2 0.29927884615384615 0.33774038461538464 0.014423076923076924 0.03125
2 0.5348557692307693 0.3870192307692308 0.016826923076923076 0.03365384615384615
2 0.40384615384615385 0.35216346153846156 0.019230769230769232 0.03365384615384615
3 0.009615384615384616 0.8569711538461539 0.019230769230769232 0.10336538461538461
2 0.7211538461538461 0.4206730769230769 0.014423076923076924 0.04326923076923077
2 0.5180288461538461 0.37259615384615385 0.014423076923076924 0.040865384615384616
2 0.5072115384615384 0.44591346153846156 0.019230769230769232 0.040865384615384616
2 0.24519230769230768 0.5829326923076923 0.03365384615384615 0.06971153846153846
2 0.18269230769230768 0.37740384615384615 0.016826923076923076 0.04326923076923077
2 0.6213942307692307 0.5432692307692307 0.021634615384615384 0.06009615384615385
2 0.59375 0.45552884615384615 0.019230769230769232 0.05048076923076923
2 0.7992788461538461 0.6057692307692307 0.028846153846153848 0.057692307692307696
2 0.7079326923076923 0.46153846153846156 0.019230769230769232 0.04567307692307692
2 0.16826923076923078 0.4831730769230769 0.03125 0.057692307692307696
0 0.2536057692307692 0.3629807692307692 0.007211538461538462 0.009615384615384616
2 0.2644230769230769 0.34615384615384615 0.019230769230769232 0.04326923076923077
3 0.35096153846153844 0.40384615384615385 0.02403846153846154 0.040865384615384616
3 0.6574519230769231 0.359375 0.016826923076923076 0.040865384615384616