2 0.41466346153846156 0.39783653846153844 0.02403846153846154 0.052884615384615384
2 0.5108173076923077 0.6165865384615384 0.03125 0.08653846153846154
0 0.38100961538461536 0.6658653846153846 0.01201923076923077 0.014423076923076924
2 0.4170673076923077 0.43509615384615385 0.03365384615384615 0.06009615384615385
2 0.5216346153846154 0.3605769230769231 0.021634615384615384 0.057692307692307696
2 0.6706730769230769 0.38221153846153844 0.028846153846153848 0.06009615384615385
2 0.25240384615384615 0.5757211538461539 0.03125 0.07451923076923077
2 0.47716346153846156 0.4014423076923077 0.026442307692307692 0.06009615384615385
2 0.609375 0.36538461538461536 0.021634615384615384 0.055288461538461536
2 0.39903846153846156 0.42908653846153844 0.028846153846153848 0.06490384615384616
1 0.09134615384615384 0.36778846153846156 0.028846153846153848 0.0673076923076923
2 0.3581730769230769 0.45072115384615385 0.03125 0.08653846153846154
2 0.5072115384615384 0.4326923076923077 0.021634615384615384 0.06490384615384616
3 0.5480769230769231 0.46875 0.026442307692307692 0.0673076923076923
2 0.43509615384615385 0.5084134615384616 0.03125 0.07451923076923077
2 0.5925480769230769 0.5612980769230769 0.028846153846153848 0.07211538461538461
2 0.9471153846153846 0.5072115384615384 0.028846153846153848 0.0673076923076923
2 0.28725961538461536 0.47115384615384615 0.040865384615384616 0.07451923076923077
2 0.49158653846153844 0.6286057692307693 0.038461538461538464 0.07451923076923077
2 0.9471153846153846 0.6310096153846154 0.03365384615384615 0.07451923076923077
2 0.7824519230769231 0.5961538461538461 0.03125 0.07451923076923077
2 0.5024038461538461 0.6045673076923077 0.036057692307692304 0.07932692307692307