0 0.19951923076923078 0.5985576923076923 0.007211538461538462 0.01201923076923077
2 0.39302884615384615 0.41346153846153844 0.01201923076923077 0.036057692307692304
2 0.47716346153846156 0.4423076923076923 0.01201923076923077 0.038461538461538464
2 0.5757211538461539 0.4362980769230769 0.016826923076923076 0.04326923076923077
2 0.4879807692307692 0.6802884615384616 0.021634615384615384 0.055288461538461536
3 0.5697115384615384 0.5012019230769231 0.01201923076923077 0.04807692307692308
2 0.7764423076923077 0.44350961538461536 0.019230769230769232 0.04567307692307692
2 0.24879807692307693 0.5012019230769231 0.016826923076923076 0.04567307692307692
1 0.025240384615384616 0.5685096153846154 0.014423076923076924 0.052884615384615384
2 0.6526442307692307 0.4230769230769231 0.014423076923076924 0.040865384615384616
2 0.44471153846153844 0.4831730769230769 0.014423076923076924 0.04326923076923077
2 0.8846153846153846 0.4987980769230769 0.021634615384615384 0.052884615384615384
2 0.20793269230769232 0.5576923076923077 0.019230769230769232 0.05048076923076923
2 0.7259615384615384 0.45552884615384615 0.016826923076923076 0.04567307692307692
2 0.3245192307692308 0.6069711538461539 0.026442307692307692 0.04567307692307692
2 0.3269230769230769 0.5396634615384616 0.016826923076923076 0.05048076923076923
2 0.8545673076923077 0.7716346153846154 0.026442307692307692 0.07692307692307693
2 0.8064903846153846 0.609375 0.019230769230769232 0.06009615384615385
2 0.36899038461538464 0.5444711538461539 0.016826923076923076 0.05048076923076923
2 0.6021634615384616 0.5949519230769231 0.016826923076923076 0.055288461538461536
2 0.15384615384615385 0.6225961538461539 0.016826923076923076 0.055288461538461536
2 0.6706730769230769 0.5048076923076923 0.021634615384615384 0.052884615384615384
2 0.7764423076923077 0.5228365384615384 0.014423076923076924 0.055288461538461536
3 0.6875 0.3641826923076923 0.014423076923076924 0.038461538461538464