3 0.5048076923076923 0.4963942307692308 0.019230769230769232 0.04807692307692308
2 0.39783653846153844 0.39663461538461536 0.016826923076923076 0.04326923076923077
2 0.7824519230769231 0.4483173076923077 0.021634615384615384 0.04567307692307692
2 0.7331730769230769 0.4014423076923077 0.019230769230769232 0.038461538461538464
2 0.48677884615384615 0.5228365384615384 0.02403846153846154 0.06009615384615385
2 0.5432692307692307 0.44471153846153844 0.019230769230769232 0.04807692307692308
2 0.4675480769230769 0.5600961538461539 0.019230769230769232 0.06009615384615385
2 0.3329326923076923 0.5348557692307693 0.028846153846153848 0.06490384615384616
2 0.6742788461538461 0.4579326923076923 0.016826923076923076 0.04567307692307692
2 0.43149038461538464 0.47115384615384615 0.02403846153846154 0.052884615384615384
2 0.75 0.6586538461538461 0.028846153846153848 0.0625
2 0.6971153846153846 0.49158653846153844 0.016826923076923076 0.05048076923076923
2 0.7439903846153846 0.7139423076923077 0.038461538461538464 0.07932692307692307
2 0.7848557692307693 0.5012019230769231 0.019230769230769232 0.055288461538461536
2 0.8930288461538461 0.5733173076923077 0.019230769230769232 0.0625
2 0.3713942307692308 0.5264423076923077 0.019230769230769232 0.057692307692307696
2 0.20432692307692307 0.5012019230769231 0.019230769230769232 0.06009615384615385
2 0.8641826923076923 0.5516826923076923 0.021634615384615384 0.057692307692307696
2 0.08533653846153846 0.45072115384615385 0.021634615384615384 0.052884615384615384
2 0.25 0.42788461538461536 0.02403846153846154 0.052884615384615384
2 0.5588942307692307 0.5432692307692307 0.026442307692307692 0.06009615384615385
0 0.6394230769230769 0.3918269230769231 0.007211538461538462 0.01201923076923077
3 0.3161057692307692 0.3233173076923077 0.009615384615384616 0.036057692307692304