2 0.26322115384615385 0.4266826923076923 0.021634615384615384 0.04807692307692308
2 0.41225961538461536 0.30528846153846156 0.02403846153846154 0.040865384615384616
2 0.5192307692307693 0.35216346153846156 0.026442307692307692 0.038461538461538464
3 0.47596153846153844 0.46153846153846156 0.03365384615384615 0.057692307692307696
2 0.5961538461538461 0.4206730769230769 0.026442307692307692 0.04807692307692308
2 0.19831730769230768 0.32211538461538464 0.028846153846153848 0.052884615384615384
2 0.2439903846153846 0.4483173076923077 0.036057692307692304 0.0625
2 0.5396634615384616 0.40625 0.028846153846153848 0.04567307692307692
2 0.15264423076923078 0.3701923076923077 0.028846153846153848 0.04807692307692308
2 0.4170673076923077 0.4338942307692308 0.02403846153846154 0.052884615384615384
2 0.5805288461538461 0.484375 0.03125 0.052884615384615384
2 0.24158653846153846 0.39302884615384615 0.03125 0.06009615384615385
2 0.6045673076923077 0.6069711538461539 0.03125 0.06490384615384616
2 0.41947115384615385 0.5600961538461539 0.03365384615384615 0.06971153846153846
2 0.2860576923076923 0.6670673076923077 0.036057692307692304 0.08173076923076923
2 0.6466346153846154 0.6574519230769231 0.038461538461538464 0.07451923076923077
2 0.8112980769230769 0.5072115384615384 0.026442307692307692 0.055288461538461536
2 0.13701923076923078 0.5877403846153846 0.038461538461538464 0.07692307692307693
2 0.7043269230769231 0.5324519230769231 0.036057692307692304 0.06009615384615385
2 0.8245192307692307 0.6201923076923077 0.036057692307692304 0.0673076923076923
2 0.7175480769230769 0.7884615384615384 0.04326923076923077 0.07932692307692307
0 0.546875 0.37259615384615385 0.007211538461538462 0.009615384615384616
3 0.7524038461538461 0.38341346153846156 0.02403846153846154 0.04326923076923077