2 0.2439903846153846 0.47716346153846156 0.019230769230769232 0.052884615384615384
2 0.3858173076923077 0.328125 0.021634615384615384 0.04326923076923077
2 0.5072115384615384 0.36538461538461536 0.02403846153846154 0.040865384615384616
3 0.4735576923076923 0.48677884615384615 0.028846153846153848 0.06009615384615385
2 0.5973557692307693 0.42788461538461536 0.021634615384615384 0.05048076923076923
2 0.1622596153846154 0.375 0.02403846153846154 0.055288461538461536
2 0.22596153846153846 0.5036057692307693 0.03125 0.0673076923076923
2 0.5336538461538461 0.41947115384615385 0.026442307692307692 0.04807692307692308
2 0.11778846153846154 0.4326923076923077 0.026442307692307692 0.05048076923076923
2 0.40865384615384615 0.4651442307692308 0.019230769230769232 0.055288461538461536
2 0.5877403846153846 0.49759615384615385 0.026442307692307692 0.055288461538461536
2 0.21634615384615385 0.44591346153846156 0.026442307692307692 0.06490384615384616
2 0.6298076923076923 0.625 0.026442307692307692 0.06971153846153846
2 0.42788461538461536 0.5985576923076923 0.026442307692307692 0.07451923076923077
2 0.2980769230769231 0.7307692307692307 0.028846153846153848 0.08653846153846154
2 0.6814903846153846 0.6730769230769231 0.03365384615384615 0.07692307692307693
2 0.8377403846153846 0.49158653846153844 0.021634615384615384 0.06009615384615385
2 0.1310096153846154 0.6658653846153846 0.03125 0.07932692307692307
2 0.7247596153846154 0.5324519230769231 0.03125 0.0625
2 0.8653846153846154 0.6105769230769231 0.028846153846153848 0.06971153846153846
2 0.7728365384615384 0.8028846153846154 0.036057692307692304 0.08413461538461539
0 0.5372596153846154 0.38341346153846156 0.007211538461538462 0.01201923076923077
3 0.7572115384615384 0.36778846153846156 0.021634615384615384 0.04567307692307692