0 0.18990384615384615 0.5949519230769231 0.006009615384615385 0.010817307692307692
3 0.008413461538461538 0.7079326923076923 0.016826923076923076 0.06971153846153846
2 0.21995192307692307 0.5673076923076923 0.025240384615384616 0.026442307692307692
1 0.16826923076923078 0.43028846153846156 0.018028846153846152 0.042067307692307696
2 0.34134615384615385 0.48677884615384615 0.014423076923076924 0.04567307692307692
2 0.16346153846153846 0.5829326923076923 0.016826923076923076 0.042067307692307696
2 0.1971153846153846 0.5252403846153846 0.015625 0.051682692307692304
2 0.25600961538461536 0.5528846153846154 0.013221153846153846 0.046875
2 0.4723557692307692 0.46875 0.009615384615384616 0.046875
3 0.4050480769230769 0.5048076923076923 0.007211538461538462 0.05048076923076923
2 0.33653846153846156 0.4206730769230769 0.013221153846153846 0.04326923076923077
2 0.14783653846153846 0.5745192307692307 0.013221153846153846 0.052884615384615384
2 0.6670673076923077 0.421875 0.01201923076923077 0.042067307692307696
2 0.2824519230769231 0.46875 0.01201923076923077 0.04807692307692308
2 0.3016826923076923 0.5480769230769231 0.01201923076923077 0.04927884615384615
2 0.4423076923076923 0.5384615384615384 0.009615384615384616 0.056490384615384616
2 0.39783653846153844 0.41346153846153844 0.013221153846153846 0.040865384615384616
2 0.36538461538461536 0.6021634615384616 0.010817307692307692 0.0625
2 0.41947115384615385 0.6550480769230769 0.013221153846153846 0.0673076923076923
2 0.22235576923076922 0.6129807692307693 0.013221153846153846 0.06009615384615385
2 0.5132211538461539 0.5612980769230769 0.010817307692307692 0.06129807692307692
2 0.6442307692307693 0.6430288461538461 0.015625 0.06850961538461539
2 0.6742788461538461 0.6322115384615384 0.018028846153846152 0.06129807692307692
2 0.84375 0.5420673076923077 0.010817307692307692 0.055288461538461536
3 0.8557692307692307 0.34615384615384615 0.008413461538461538 0.037259615384615384