3 0.19230769230769232 0.4014423076923077 0.014423076923076924 0.03365384615384615
2 0.4254807692307692 0.38461538461538464 0.014423076923076924 0.036057692307692304
2 0.6490384615384616 0.36778846153846156 0.019230769230769232 0.04326923076923077
2 0.6009615384615384 0.375 0.016826923076923076 0.040865384615384616
2 0.10697115384615384 0.4362980769230769 0.014423076923076924 0.03365384615384615
2 0.6610576923076923 0.390625 0.019230769230769232 0.040865384615384616
3 0.9639423076923077 0.7632211538461539 0.036057692307692304 0.08413461538461539
2 0.6081730769230769 0.40865384615384615 0.019230769230769232 0.038461538461538464
2 0.16346153846153846 0.42908653846153844 0.019230769230769232 0.03365384615384615
2 0.84375 0.5853365384615384 0.026442307692307692 0.0625
2 0.375 0.4987980769230769 0.021634615384615384 0.04807692307692308
2 0.7271634615384616 0.4375 0.02403846153846154 0.05048076923076923
2 0.4387019230769231 0.42427884615384615 0.016826923076923076 0.04326923076923077
3 0.49278846153846156 0.4699519230769231 0.021634615384615384 0.04807692307692308
2 0.6478365384615384 0.47475961538461536 0.021634615384615384 0.052884615384615384
2 0.11538461538461539 0.4987980769230769 0.02403846153846154 0.04326923076923077
2 0.6442307692307693 0.5180288461538461 0.02403846153846154 0.057692307692307696
2 0.8617788461538461 0.6334134615384616 0.026442307692307692 0.06971153846153846
2 0.7644230769230769 0.49038461538461536 0.02403846153846154 0.06009615384615385
2 0.6814903846153846 0.5588942307692307 0.028846153846153848 0.0625
2 0.34375 0.5745192307692307 0.02403846153846154 0.055288461538461536
2 0.15625 0.5697115384615384 0.021634615384615384 0.052884615384615384
2 0.4879807692307692 0.4423076923076923 0.019230769230769232 0.04567307692307692
2 0.4170673076923077 0.375 0.01201923076923077 0.03365384615384615