2 0.703125 0.4375 0.016826923076923076 0.03365384615384615
2 0.671875 0.4963942307692308 0.019230769230769232 0.04807692307692308
1 0.7992788461538461 0.4951923076923077 0.026442307692307692 0.055288461538461536
2 0.53125 0.5721153846153846 0.036057692307692304 0.0625
2 0.5228365384615384 0.6237980769230769 0.036057692307692304 0.057692307692307696
2 0.7043269230769231 0.4651442307692308 0.02403846153846154 0.055288461538461536
2 0.7007211538461539 0.6670673076923077 0.03125 0.06971153846153846
2 0.4963942307692308 0.4735576923076923 0.026442307692307692 0.057692307692307696
2 0.6538461538461539 0.4951923076923077 0.026442307692307692 0.052884615384615384
2 0.59375 0.44350961538461536 0.02403846153846154 0.05048076923076923
2 0.5540865384615384 0.6466346153846154 0.03125 0.07211538461538461
2 0.7800480769230769 0.6935096153846154 0.03365384615384615 0.06971153846153846
2 0.6658653846153846 0.546875 0.028846153846153848 0.06490384615384616
2 0.23557692307692307 0.6911057692307693 0.04326923076923077 0.07692307692307693
3 0.49038461538461536 0.5300480769230769 0.028846153846153848 0.06490384615384616
2 0.5348557692307693 0.6706730769230769 0.036057692307692304 0.07932692307692307
2 0.7223557692307693 0.6706730769230769 0.028846153846153848 0.06490384615384616
2 0.8245192307692307 0.5841346153846154 0.028846153846153848 0.06490384615384616
2 0.22716346153846154 0.6586538461538461 0.036057692307692304 0.07692307692307693
2 0.28846153846153844 0.4254807692307692 0.028846153846153848 0.0625
2 0.4387019230769231 0.6334134615384616 0.036057692307692304 0.07932692307692307
2 0.09975961538461539 0.5300480769230769 0.04326923076923077 0.07932692307692307
0 0.5252403846153846 0.6430288461538461 0.007211538461538462 0.01201923076923077
3 0.054086538461538464 0.22716346153846154 0.016826923076923076 0.04326923076923077