2 0.43149038461538464 0.3425480769230769 0.01201923076923077 0.038461538461538464
2 0.5252403846153846 0.36538461538461536 0.01201923076923077 0.036057692307692304
2 0.4074519230769231 0.359375 0.01201923076923077 0.036057692307692304
2 0.5168269230769231 0.3629807692307692 0.01201923076923077 0.036057692307692304
2 0.3701923076923077 0.3798076923076923 0.014423076923076924 0.036057692307692304
2 0.7451923076923077 0.38461538461538464 0.019230769230769232 0.04326923076923077
2 0.4699519230769231 0.37740384615384615 0.014423076923076924 0.036057692307692304
1 0.9711538461538461 0.48197115384615385 0.01201923076923077 0.052884615384615384
2 0.265625 0.3942307692307692 0.014423076923076924 0.038461538461538464
2 0.5540865384615384 0.44591346153846156 0.01201923076923077 0.04807692307692308
2 0.4206730769230769 0.4338942307692308 0.014423076923076924 0.04567307692307692
2 0.3161057692307692 0.4110576923076923 0.01201923076923077 0.04326923076923077
2 0.5240384615384616 0.45552884615384615 0.014423076923076924 0.04567307692307692
2 0.625 0.5276442307692307 0.01201923076923077 0.055288461538461536
3 0.35216346153846156 0.42788461538461536 0.016826923076923076 0.04567307692307692
2 0.20673076923076922 0.43149038461538464 0.01201923076923077 0.04807692307692308
2 0.8894230769230769 0.6165865384615384 0.019230769230769232 0.0625
2 0.39783653846153844 0.6057692307692307 0.021634615384615384 0.0625
2 0.7391826923076923 0.4387019230769231 0.016826923076923076 0.04326923076923077
3 0.16466346153846154 0.8737980769230769 0.028846153846153848 0.08653846153846154
2 0.24519230769230768 0.6274038461538461 0.014423076923076924 0.06490384615384616
2 0.20072115384615385 0.5408653846153846 0.016826923076923076 0.0625
3 0.6730769230769231 0.3389423076923077 0.01201923076923077 0.036057692307692304
0 0.421875 0.3798076923076923 0.007211538461538462 0.01201923076923077
2 0.4206730769230769 0.41947115384615385 0.014423076923076924 0.04326923076923077