2 0.5913461538461539 0.36538461538461536 0.008413461538461538 0.03485576923076923
2 0.6322115384615384 0.3629807692307692 0.013221153846153846 0.038461538461538464
2 0.1971153846153846 0.42788461538461536 0.01201923076923077 0.05048076923076923
2 0.6129807692307693 0.390625 0.008413461538461538 0.04326923076923077
2 0.3581730769230769 0.36778846153846156 0.015625 0.040865384615384616
2 0.14182692307692307 0.45552884615384615 0.01201923076923077 0.05048076923076923
2 0.41466346153846156 0.453125 0.009615384615384616 0.04927884615384615
2 0.21634615384615385 0.6538461538461539 0.018028846153846152 0.0673076923076923
2 0.21514423076923078 0.47836538461538464 0.010817307692307692 0.057692307692307696
2 0.2932692307692308 0.5012019230769231 0.015625 0.052884615384615384
3 0.5540865384615384 0.4807692307692308 0.013221153846153846 0.052884615384615384
2 0.2608173076923077 0.5288461538461539 0.015625 0.06129807692307692
2 0.78125 0.4254807692307692 0.015625 0.04927884615384615
2 0.7632211538461539 0.5012019230769231 0.02283653846153846 0.057692307692307696
2 0.8197115384615384 0.5793269230769231 0.016826923076923076 0.06009615384615385
2 0.4375 0.5709134615384616 0.015625 0.06370192307692307
2 0.6346153846153846 0.4495192307692308 0.016826923076923076 0.051682692307692304
2 0.31971153846153844 0.6670673076923077 0.020432692307692308 0.07451923076923077
2 0.7524038461538461 0.5637019230769231 0.018028846153846152 0.0625
2 0.8137019230769231 0.5 0.020432692307692308 0.05889423076923077
2 0.6442307692307693 0.5600961538461539 0.019230769230769232 0.0625
3 0.6850961538461539 0.33653846153846156 0.009615384615384616 0.037259615384615384
0 0.6033653846153846 0.3798076923076923 0.004807692307692308 0.008413461538461538