2 0.390625 0.3425480769230769 0.02403846153846154 0.052884615384615384
2 0.4855769230769231 0.5625 0.03125 0.08653846153846154
0 0.3557692307692308 0.6105769230769231 0.01201923076923077 0.014423076923076924
2 0.3918269230769231 0.3798076923076923 0.03365384615384615 0.06009615384615385
2 0.49759615384615385 0.30649038461538464 0.021634615384615384 0.057692307692307696
2 0.6478365384615384 0.328125 0.028846153846153848 0.06009615384615385
2 0.2283653846153846 0.5204326923076923 0.03125 0.07451923076923077
2 0.453125 0.34615384615384615 0.026442307692307692 0.06009615384615385
2 0.5853365384615384 0.3112980769230769 0.021634615384615384 0.055288461538461536
2 0.375 0.3737980769230769 0.028846153846153848 0.06490384615384616
1 0.06610576923076923 0.3125 0.028846153846153848 0.0673076923076923
2 0.3329326923076923 0.3954326923076923 0.03125 0.08653846153846154
2 0.48197115384615385 0.3786057692307692 0.021634615384615384 0.06490384615384616
3 0.5240384615384616 0.41466346153846156 0.026442307692307692 0.0673076923076923
2 0.4098557692307692 0.453125 0.03125 0.07451923076923077
2 0.5673076923076923 0.5060096153846154 0.028846153846153848 0.07211538461538461
2 0.9230769230769231 0.4519230769230769 0.028846153846153848 0.0673076923076923
2 0.26322115384615385 0.41586538461538464 0.040865384615384616 0.07451923076923077
2 0.4675480769230769 0.5733173076923077 0.038461538461538464 0.07451923076923077
2 0.921875 0.5769230769230769 0.03365384615384615 0.07451923076923077
2 0.7572115384615384 0.5432692307692307 0.03125 0.07451923076923077
2 0.47836538461538464 0.5492788461538461 0.036057692307692304 0.07932692307692307