3 0.49399038461538464 0.49759615384615385 0.013221153846153846 0.046875
2 0.6117788461538461 0.40865384615384615 0.01201923076923077 0.042067307692307696
2 0.2247596153846154 0.421875 0.018028846153846152 0.04447115384615385
2 0.2800480769230769 0.3798076923076923 0.014423076923076924 0.036057692307692304
2 0.5096153846153846 0.5252403846153846 0.018028846153846152 0.057692307692307696
2 0.46274038461538464 0.4411057692307692 0.015625 0.04567307692307692
2 0.5252403846153846 0.5649038461538461 0.013221153846153846 0.057692307692307696
2 0.6598557692307693 0.5540865384615384 0.02283653846153846 0.06129807692307692
2 0.33052884615384615 0.4423076923076923 0.01201923076923077 0.04567307692307692
2 0.5697115384615384 0.4795673076923077 0.019230769230769232 0.051682692307692304
2 0.23557692307692307 0.6322115384615384 0.02283653846153846 0.05889423076923077
2 0.30649038461538464 0.4735576923076923 0.010817307692307692 0.05048076923076923
2 0.23557692307692307 0.6875 0.030048076923076924 0.07451923076923077
2 0.21754807692307693 0.4723557692307692 0.014423076923076924 0.054086538461538464
2 0.10336538461538461 0.5324519230769231 0.01201923076923077 0.06129807692307692
2 0.6237980769230769 0.5408653846153846 0.014423076923076924 0.056490384615384616
2 0.7920673076923077 0.5336538461538461 0.013221153846153846 0.05889423076923077
2 0.13341346153846154 0.5144230769230769 0.015625 0.055288461538461536
2 0.9134615384615384 0.4951923076923077 0.016826923076923076 0.051682692307692304
2 0.7536057692307693 0.45552884615384615 0.018028846153846152 0.051682692307692304
2 0.4362980769230769 0.5384615384615384 0.020432692307692308 0.057692307692307696
0 0.3737980769230769 0.3798076923076923 0.006009615384615385 0.010817307692307692
3 0.6995192307692307 0.3473557692307692 0.007211538461538462 0.03485576923076923