2 0.6875 0.4230769230769231 0.010817307692307692 0.028846153846153848
2 0.47596153846153844 0.4423076923076923 0.009615384615384616 0.037259615384615384
3 0.5372596153846154 0.5120192307692307 0.010817307692307692 0.042067307692307696
2 0.671875 0.4831730769230769 0.008413461538461538 0.03485576923076923
2 0.4074519230769231 0.44471153846153844 0.007211538461538462 0.03485576923076923
2 0.8305288461538461 0.5252403846153846 0.015625 0.046875
2 0.6165865384615384 0.45072115384615385 0.008413461538461538 0.03485576923076923
2 0.7644230769230769 0.4951923076923077 0.010817307692307692 0.040865384615384616
2 0.3557692307692308 0.484375 0.010817307692307692 0.040865384615384616
2 0.5637019230769231 0.47716346153846156 0.007211538461538462 0.037259615384615384
2 0.15384615384615385 0.546875 0.009615384615384616 0.04807692307692308
2 0.39783653846153844 0.5240384615384616 0.010817307692307692 0.039663461538461536
2 0.25240384615384615 0.4891826923076923 0.010817307692307692 0.039663461538461536
2 0.3161057692307692 0.5480769230769231 0.009615384615384616 0.05048076923076923
2 0.7139423076923077 0.5048076923076923 0.010817307692307692 0.038461538461538464
2 0.29086538461538464 0.625 0.009615384615384616 0.051682692307692304
2 0.7259615384615384 0.5769230769230769 0.008413461538461538 0.046875
1 0.9651442307692307 0.5132211538461539 0.010817307692307692 0.046875
2 0.8449519230769231 0.5685096153846154 0.014423076923076924 0.05048076923076923
2 0.43509615384615385 0.59375 0.01201923076923077 0.05048076923076923
2 0.4987980769230769 0.625 0.01201923076923077 0.05048076923076923
2 0.27403846153846156 0.7415865384615384 0.014423076923076924 0.06370192307692307
3 0.375 0.4050480769230769 0.008413461538461538 0.03485576923076923
0 0.8245192307692307 0.5432692307692307 0.006009615384615385 0.010817307692307692