2 0.33052884615384615 0.421875 0.014423076923076924 0.055288461538461536
2 0.33413461538461536 0.36778846153846156 0.021634615384615384 0.057692307692307696
1 0.2776442307692308 0.375 0.019230769230769232 0.055288461538461536
2 0.3557692307692308 0.36177884615384615 0.021634615384615384 0.057692307692307696
0 0.2548076923076923 0.6213942307692307 0.009615384615384616 0.01201923076923077
2 0.32091346153846156 0.4387019230769231 0.019230769230769232 0.06490384615384616
2 0.47596153846153844 0.4483173076923077 0.019230769230769232 0.057692307692307696
2 0.11298076923076923 0.4891826923076923 0.021634615384615384 0.057692307692307696
2 0.3737980769230769 0.41346153846153844 0.016826923076923076 0.057692307692307696
2 0.21153846153846154 0.4831730769230769 0.019230769230769232 0.06490384615384616
2 0.2764423076923077 0.5504807692307693 0.021634615384615384 0.06490384615384616
2 0.23918269230769232 0.4266826923076923 0.019230769230769232 0.0625
2 0.4483173076923077 0.41225961538461536 0.019230769230769232 0.055288461538461536
2 0.46875 0.390625 0.016826923076923076 0.055288461538461536
2 0.13942307692307693 0.484375 0.021634615384615384 0.0625
3 0.5504807692307693 0.46875 0.016826923076923076 0.0625
2 0.46153846153846156 0.4963942307692308 0.021634615384615384 0.057692307692307696
2 0.6995192307692307 0.4338942307692308 0.021634615384615384 0.057692307692307696
2 0.2800480769230769 0.5913461538461539 0.03365384615384615 0.0625
2 0.34375 0.6141826923076923 0.028846153846153848 0.06971153846153846
2 0.9314903846153846 0.5372596153846154 0.021634615384615384 0.0625
2 0.8786057692307693 0.6370192307692307 0.02403846153846154 0.06971153846153846
2 0.828125 0.6117788461538461 0.021634615384615384 0.0673076923076923