2 0.6538461538461539 0.578125 0.013221153846153846 0.05048076923076923
2 0.2692307692307692 0.5180288461538461 0.010817307692307692 0.03485576923076923
2 0.4735576923076923 0.4675480769230769 0.008413461538461538 0.042067307692307696
2 0.3605769230769231 0.44591346153846156 0.009615384615384616 0.03365384615384615
2 0.6538461538461539 0.5853365384615384 0.019230769230769232 0.055288461538461536
2 0.5769230769230769 0.40024038461538464 0.010817307692307692 0.03365384615384615
2 0.3137019230769231 0.4639423076923077 0.009615384615384616 0.038461538461538464
2 0.4987980769230769 0.4387019230769231 0.009615384615384616 0.03125
3 0.48677884615384615 0.5144230769230769 0.009615384615384616 0.040865384615384616
2 0.8052884615384616 0.5204326923076923 0.010817307692307692 0.039663461538461536
2 0.7271634615384616 0.4579326923076923 0.008413461538461538 0.038461538461538464
2 0.3245192307692308 0.484375 0.008413461538461538 0.042067307692307696
2 0.2704326923076923 0.5516826923076923 0.010817307692307692 0.051682692307692304
2 0.8377403846153846 0.5564903846153846 0.015625 0.046875
2 0.5973557692307693 0.4735576923076923 0.009615384615384616 0.037259615384615384
2 0.40384615384615385 0.5228365384615384 0.010817307692307692 0.046875
1 0.9783653846153846 0.5072115384615384 0.013221153846153846 0.04807692307692308
2 0.6899038461538461 0.7379807692307693 0.018028846153846152 0.05889423076923077
2 0.4795673076923077 0.6189903846153846 0.009615384615384616 0.04927884615384615
2 0.28365384615384615 0.8064903846153846 0.019230769230769232 0.0733173076923077
2 0.7872596153846154 0.59375 0.014423076923076924 0.04807692307692308
2 0.23677884615384615 0.6622596153846154 0.01201923076923077 0.056490384615384616
3 0.3389423076923077 0.390625 0.010817307692307692 0.03485576923076923
0 0.6454326923076923 0.6105769230769231 0.006009615384615385 0.009615384615384616