2 0.515625 0.47475961538461536 0.016826923076923076 0.03365384615384615
2 0.4338942307692308 0.47475961538461536 0.016826923076923076 0.05048076923076923
1 0.18028846153846154 0.35697115384615385 0.021634615384615384 0.04807692307692308
2 0.21394230769230768 0.4639423076923077 0.019230769230769232 0.055288461538461536
2 0.31490384615384615 0.4182692307692308 0.016826923076923076 0.05048076923076923
2 0.2980769230769231 0.4891826923076923 0.019230769230769232 0.055288461538461536
2 0.4206730769230769 0.38341346153846156 0.019230769230769232 0.04567307692307692
2 0.5120192307692307 0.5060096153846154 0.03125 0.057692307692307696
2 0.21394230769230768 0.5 0.021634615384615384 0.055288461538461536
2 0.2824519230769231 0.53125 0.021634615384615384 0.0625
2 0.44591346153846156 0.4050480769230769 0.019230769230769232 0.04326923076923077
2 0.25240384615384615 0.5108173076923077 0.019230769230769232 0.038461538461538464
2 0.6514423076923077 0.44711538461538464 0.019230769230769232 0.04567307692307692
2 0.40865384615384615 0.4951923076923077 0.019230769230769232 0.05048076923076923
2 0.4182692307692308 0.5048076923076923 0.02403846153846154 0.055288461538461536
3 0.38822115384615385 0.47596153846153844 0.02403846153846154 0.055288461538461536
3 0.015625 0.6165865384615384 0.03125 0.06971153846153846
2 0.5348557692307693 0.5120192307692307 0.021634615384615384 0.055288461538461536
2 0.2403846153846154 0.5985576923076923 0.02403846153846154 0.0673076923076923
2 0.6009615384615384 0.5889423076923077 0.026442307692307692 0.07211538461538461
2 0.8329326923076923 0.5745192307692307 0.021634615384615384 0.06009615384615385
2 0.6430288461538461 0.6009615384615384 0.02403846153846154 0.06009615384615385
2 0.46033653846153844 0.6153846153846154 0.03125 0.06490384615384616
3 0.8786057692307693 0.39783653846153844 0.014423076923076924 0.036057692307692304
0 0.4362980769230769 0.5108173076923077 0.009615384615384616 0.014423076923076924