2 0.6838942307692307 0.4026442307692308 0.021634615384615384 0.05048076923076923
2 0.6706730769230769 0.35216346153846156 0.026442307692307692 0.055288461538461536
1 0.7259615384615384 0.35096153846153844 0.026442307692307692 0.052884615384615384
2 0.6514423076923077 0.35096153846153844 0.026442307692307692 0.055288461538461536
0 0.7800480769230769 0.5733173076923077 0.009615384615384616 0.01201923076923077
2 0.6935096153846154 0.41586538461538464 0.026442307692307692 0.0625
2 0.5564903846153846 0.44591346153846156 0.026442307692307692 0.055288461538461536
2 0.8918269230769231 0.43028846153846156 0.026442307692307692 0.055288461538461536
2 0.6418269230769231 0.40024038461538464 0.02403846153846154 0.055288461538461536
2 0.8004807692307693 0.4411057692307692 0.026442307692307692 0.06009615384615385
2 0.7524038461538461 0.5120192307692307 0.028846153846153848 0.06009615384615385
2 0.7680288461538461 0.3918269230769231 0.026442307692307692 0.057692307692307696
2 0.5745192307692307 0.4098557692307692 0.026442307692307692 0.052884615384615384
2 0.5528846153846154 0.39302884615384615 0.02403846153846154 0.052884615384615384
2 0.8665865384615384 0.43028846153846156 0.028846153846153848 0.06009615384615385
3 0.4891826923076923 0.47596153846153844 0.026442307692307692 0.057692307692307696
2 0.5745192307692307 0.4891826923076923 0.026442307692307692 0.055288461538461536
2 0.3473557692307692 0.46634615384615385 0.026442307692307692 0.055288461538461536
2 0.7536057692307693 0.5492788461538461 0.038461538461538464 0.06009615384615385
2 0.6995192307692307 0.5793269230769231 0.03365384615384615 0.06490384615384616
2 0.15264423076923078 0.59375 0.028846153846153848 0.057692307692307696
2 0.21514423076923078 0.6766826923076923 0.03125 0.06490384615384616
2 0.25721153846153844 0.6454326923076923 0.028846153846153848 0.0625