2 0.2920673076923077 0.4699519230769231 0.01201923076923077 0.05048076923076923
2 0.28846153846153844 0.4182692307692308 0.016826923076923076 0.052884615384615384
1 0.23798076923076922 0.4326923076923077 0.016826923076923076 0.05048076923076923
2 0.3076923076923077 0.4110576923076923 0.016826923076923076 0.052884615384615384
0 0.24879807692307693 0.6634615384615384 0.007211538461538462 0.01201923076923077
2 0.2860576923076923 0.4855769230769231 0.016826923076923076 0.06009615384615385
2 0.42908653846153844 0.47475961538461536 0.016826923076923076 0.052884615384615384
2 0.09975961538461539 0.5588942307692307 0.016826923076923076 0.052884615384615384
2 0.33052884615384615 0.45552884615384615 0.014423076923076924 0.052884615384615384
2 0.19110576923076922 0.5408653846153846 0.014423076923076924 0.06009615384615385
2 0.25961538461538464 0.5961538461538461 0.019230769230769232 0.06009615384615385
2 0.20793269230769232 0.48677884615384615 0.014423076923076924 0.057692307692307696
2 0.40024038461538464 0.44471153846153844 0.016826923076923076 0.05048076923076923
2 0.41586538461538464 0.4230769230769231 0.014423076923076924 0.05048076923076923
2 0.125 0.5516826923076923 0.016826923076923076 0.057692307692307696
3 0.5012019230769231 0.484375 0.014423076923076924 0.057692307692307696
2 0.4230769230769231 0.5216346153846154 0.016826923076923076 0.052884615384615384
2 0.6334134615384616 0.4326923076923077 0.016826923076923076 0.055288461538461536
2 0.2692307692307692 0.6334134615384616 0.028846153846153848 0.057692307692307696
2 0.3293269230769231 0.6454326923076923 0.02403846153846154 0.0625
2 0.8605769230769231 0.49759615384615385 0.019230769230769232 0.057692307692307696
2 0.8257211538461539 0.5961538461538461 0.021634615384615384 0.06490384615384616
2 0.7752403846153846 0.5793269230769231 0.019230769230769232 0.06009615384615385