2 0.71875 0.4423076923076923 0.01201923076923077 0.03125
2 0.49278846153846156 0.45913461538461536 0.01201923076923077 0.040865384615384616
3 0.5576923076923077 0.5348557692307693 0.01201923076923077 0.04567307692307692
2 0.7007211538461539 0.5060096153846154 0.009615384615384616 0.038461538461538464
2 0.4206730769230769 0.46033653846153844 0.009615384615384616 0.036057692307692304
2 0.8665865384615384 0.5540865384615384 0.016826923076923076 0.05048076923076923
2 0.640625 0.47115384615384615 0.009615384615384616 0.038461538461538464
2 0.7980769230769231 0.5204326923076923 0.01201923076923077 0.04326923076923077
2 0.36538461538461536 0.5012019230769231 0.01201923076923077 0.04326923076923077
2 0.5853365384615384 0.49759615384615385 0.007211538461538462 0.040865384615384616
2 0.14783653846153846 0.5649038461538461 0.01201923076923077 0.05048076923076923
2 0.4074519230769231 0.5444711538461539 0.01201923076923077 0.04326923076923077
2 0.2548076923076923 0.5036057692307693 0.01201923076923077 0.04326923076923077
2 0.32091346153846156 0.5673076923076923 0.009615384615384616 0.052884615384615384
2 0.7451923076923077 0.5300480769230769 0.01201923076923077 0.040865384615384616
2 0.2932692307692308 0.6502403846153846 0.009615384615384616 0.055288461538461536
2 0.7548076923076923 0.6069711538461539 0.009615384615384616 0.05048076923076923
2 0.8822115384615384 0.6009615384615384 0.014423076923076924 0.052884615384615384
2 0.44591346153846156 0.6189903846153846 0.014423076923076924 0.055288461538461536
2 0.5144230769230769 0.6538461538461539 0.014423076923076924 0.055288461538461536
2 0.27283653846153844 0.7728365384615384 0.014423076923076924 0.06971153846153846
3 0.3858173076923077 0.4170673076923077 0.009615384615384616 0.038461538461538464
0 0.8605769230769231 0.5721153846153846 0.007211538461538462 0.01201923076923077