2 0.6622596153846154 0.3762019230769231 0.016826923076923076 0.03125
2 0.46033653846153844 0.4495192307692308 0.019230769230769232 0.038461538461538464
3 0.5396634615384616 0.5024038461538461 0.021634615384615384 0.04567307692307692
2 0.6622596153846154 0.4387019230769231 0.019230769230769232 0.036057692307692304
2 0.3954326923076923 0.47115384615384615 0.016826923076923076 0.036057692307692304
2 0.8269230769230769 0.4387019230769231 0.026442307692307692 0.05048076923076923
2 0.5997596153846154 0.421875 0.019230769230769232 0.036057692307692304
2 0.7548076923076923 0.4266826923076923 0.021634615384615384 0.04326923076923077
2 0.3557692307692308 0.5228365384615384 0.021634615384615384 0.04326923076923077
2 0.5552884615384616 0.46153846153846156 0.016826923076923076 0.038461538461538464
2 0.17427884615384615 0.6370192307692307 0.021634615384615384 0.04807692307692308
2 0.40625 0.5504807692307693 0.021634615384615384 0.040865384615384616
2 0.25600961538461536 0.5540865384615384 0.021634615384615384 0.040865384615384616
2 0.3329326923076923 0.5949519230769231 0.021634615384615384 0.05048076923076923
2 0.7091346153846154 0.4495192307692308 0.021634615384615384 0.040865384615384616
2 0.328125 0.6766826923076923 0.021634615384615384 0.052884615384615384
2 0.7391826923076923 0.5168269230769231 0.019230769230769232 0.04807692307692308
1 0.9555288461538461 0.3918269230769231 0.02403846153846154 0.04807692307692308
2 0.8521634615384616 0.47716346153846156 0.026442307692307692 0.052884615384615384
2 0.46033653846153844 0.609375 0.02403846153846154 0.052884615384615384
2 0.53125 0.6225961538461539 0.02403846153846154 0.052884615384615384
2 0.3425480769230769 0.7932692307692307 0.03125 0.0673076923076923
3 0.35216346153846156 0.43990384615384615 0.016826923076923076 0.036057692307692304
0 0.8257211538461539 0.4579326923076923 0.009615384615384616 0.01201923076923077