2 0.6899038461538461 0.6105769230769231 0.021634615384615384 0.057692307692307696
2 0.28125 0.4855769230769231 0.016826923076923076 0.040865384615384616
2 0.5120192307692307 0.46153846153846156 0.016826923076923076 0.04567307692307692
2 0.3918269230769231 0.421875 0.016826923076923076 0.036057692307692304
2 0.6887019230769231 0.6177884615384616 0.028846153846153848 0.0625
2 0.6322115384615384 0.4050480769230769 0.016826923076923076 0.038461538461538464
2 0.33774038461538464 0.4338942307692308 0.016826923076923076 0.04326923076923077
2 0.5420673076923077 0.43509615384615385 0.014423076923076924 0.036057692307692304
3 0.5168269230769231 0.5144230769230769 0.016826923076923076 0.04567307692307692
2 0.8641826923076923 0.5697115384615384 0.016826923076923076 0.04567307692307692
2 0.7872596153846154 0.49038461538461536 0.014423076923076924 0.04326923076923077
2 0.3473557692307692 0.4579326923076923 0.016826923076923076 0.04807692307692308
2 0.2776442307692308 0.5216346153846154 0.019230769230769232 0.057692307692307696
2 0.8930288461538461 0.6141826923076923 0.02403846153846154 0.052884615384615384
2 0.6454326923076923 0.4879807692307692 0.016826923076923076 0.040865384615384616
2 0.4254807692307692 0.5108173076923077 0.019230769230769232 0.05048076923076923
2 0.7043269230769231 0.7884615384615384 0.028846153846153848 0.0673076923076923
2 0.49399038461538464 0.6274038461538461 0.019230769230769232 0.055288461538461536
2 0.25240384615384615 0.8016826923076923 0.03125 0.08173076923076923
2 0.8329326923076923 0.6478365384615384 0.021634615384615384 0.055288461538461536
2 0.22355769230769232 0.6370192307692307 0.021634615384615384 0.06490384615384616
3 0.375 0.3581730769230769 0.016826923076923076 0.040865384615384616
0 0.6754807692307693 0.6430288461538461 0.007211538461538462 0.01201923076923077