2 0.7115384615384616 0.44591346153846156 0.014423076923076924 0.03125
2 0.49038461538461536 0.43149038461538464 0.014423076923076924 0.038461538461538464
3 0.5420673076923077 0.5144230769230769 0.019230769230769232 0.04567307692307692
2 0.6850961538461539 0.5060096153846154 0.014423076923076924 0.038461538461538464
2 0.4182692307692308 0.4230769230769231 0.01201923076923077 0.036057692307692304
2 0.8425480769230769 0.5745192307692307 0.02403846153846154 0.05048076923076923
2 0.6322115384615384 0.4639423076923077 0.014423076923076924 0.038461538461538464
2 0.7788461538461539 0.5336538461538461 0.019230769230769232 0.04326923076923077
2 0.359375 0.45552884615384615 0.019230769230769232 0.04326923076923077
2 0.5745192307692307 0.48197115384615385 0.01201923076923077 0.038461538461538464
2 0.13942307692307693 0.48677884615384615 0.016826923076923076 0.05048076923076923
2 0.3954326923076923 0.5024038461538461 0.019230769230769232 0.04326923076923077
2 0.2512019230769231 0.4423076923076923 0.016826923076923076 0.04326923076923077
2 0.30649038461538464 0.5144230769230769 0.016826923076923076 0.052884615384615384
2 0.7247596153846154 0.5348557692307693 0.019230769230769232 0.04326923076923077
2 0.2692307692307692 0.5901442307692307 0.016826923076923076 0.055288461538461536
2 0.7259615384615384 0.6117788461538461 0.016826923076923076 0.04807692307692308
1 0.9831730769230769 0.5841346153846154 0.019230769230769232 0.05048076923076923
2 0.8497596153846154 0.6225961538461539 0.021634615384615384 0.052884615384615384
2 0.4230769230769231 0.5817307692307693 0.021634615384615384 0.055288461538461536
2 0.484375 0.6237980769230769 0.021634615384615384 0.055288461538461536
2 0.23197115384615385 0.7067307692307693 0.02403846153846154 0.06971153846153846
3 0.390625 0.3762019230769231 0.014423076923076924 0.036057692307692304
0 0.8317307692307693 0.5925480769230769 0.007211538461538462 0.01201923076923077