2 0.4230769230769231 0.37740384615384615 0.01201923076923077 0.038461538461538464
2 0.37740384615384615 0.37259615384615385 0.016826923076923076 0.04326923076923077
2 0.8581730769230769 0.46153846153846156 0.014423076923076924 0.055288461538461536
2 0.39783653846153844 0.40384615384615385 0.01201923076923077 0.04807692307692308
2 0.6790865384615384 0.38822115384615385 0.019230769230769232 0.04567307692307692
2 0.9170673076923077 0.4951923076923077 0.016826923076923076 0.057692307692307696
2 0.6153846153846154 0.4807692307692308 0.01201923076923077 0.055288461538461536
2 0.8269230769230769 0.7115384615384616 0.02403846153846154 0.07451923076923077
2 0.8353365384615384 0.5180288461538461 0.014423076923076924 0.06490384615384616
2 0.7475961538461539 0.5396634615384616 0.019230769230769232 0.06009615384615385
3 0.45913461538461536 0.5060096153846154 0.016826923076923076 0.06009615384615385
2 0.78125 0.5709134615384616 0.019230769230769232 0.0673076923076923
2 0.2091346153846154 0.4375 0.019230769230769232 0.055288461538461536
2 0.22596153846153846 0.5216346153846154 0.026442307692307692 0.06490384615384616
2 0.15985576923076922 0.6057692307692307 0.021634615384615384 0.0673076923076923
2 0.5841346153846154 0.6105769230769231 0.019230769230769232 0.07211538461538461
2 0.3701923076923077 0.46875 0.021634615384615384 0.057692307692307696
2 0.7127403846153846 0.7223557692307693 0.02403846153846154 0.08413461538461539
2 0.234375 0.5913461538461539 0.02403846153846154 0.06971153846153846
2 0.16947115384615385 0.5180288461538461 0.02403846153846154 0.0673076923076923
2 0.3545673076923077 0.5913461538461539 0.02403846153846154 0.06971153846153846
3 0.3173076923076923 0.3425480769230769 0.01201923076923077 0.040865384615384616
0 0.40865384615384615 0.3918269230769231 0.004807692307692308 0.009615384615384616