2 0.3858173076923077 0.3545673076923077 0.01201923076923077 0.036057692307692304
2 0.34375 0.35697115384615385 0.016826923076923076 0.040865384615384616
2 0.7992788461538461 0.3918269230769231 0.014423076923076924 0.052884615384615384
2 0.36538461538461536 0.38341346153846156 0.01201923076923077 0.04567307692307692
2 0.6262019230769231 0.34134615384615385 0.019230769230769232 0.04326923076923077
2 0.8581730769230769 0.4170673076923077 0.016826923076923076 0.052884615384615384
2 0.5757211538461539 0.4326923076923077 0.01201923076923077 0.05048076923076923
2 0.7944711538461539 0.6262019230769231 0.02403846153846154 0.06971153846153846
2 0.7824519230769231 0.44471153846153844 0.016826923076923076 0.06009615384615385
2 0.7043269230769231 0.47475961538461536 0.019230769230769232 0.055288461538461536
3 0.4326923076923077 0.4723557692307692 0.019230769230769232 0.055288461538461536
2 0.7391826923076923 0.5012019230769231 0.021634615384615384 0.06490384615384616
2 0.1935096153846154 0.43149038461538464 0.019230769230769232 0.05048076923076923
2 0.21875 0.5084134615384616 0.026442307692307692 0.0625
2 0.1658653846153846 0.59375 0.021634615384615384 0.0625
2 0.5588942307692307 0.5576923076923077 0.019230769230769232 0.0673076923076923
2 0.3473557692307692 0.44591346153846156 0.021634615384615384 0.055288461538461536
2 0.6899038461538461 0.6478365384615384 0.026442307692307692 0.07932692307692307
2 0.234375 0.5733173076923077 0.02403846153846154 0.06490384615384616
2 0.1658653846153846 0.5108173076923077 0.026442307692307692 0.0625
2 0.3449519230769231 0.5600961538461539 0.02403846153846154 0.0673076923076923
3 0.2860576923076923 0.3329326923076923 0.014423076923076924 0.038461538461538464
0 0.375 0.3713942307692308 0.004807692307692308 0.009615384615384616