2 0.5564903846153846 0.3161057692307692 0.01201923076923077 0.038461538461538464
2 0.6021634615384616 0.3112980769230769 0.016826923076923076 0.04326923076923077
2 0.12379807692307693 0.40865384615384615 0.016826923076923076 0.055288461538461536
2 0.5829326923076923 0.3425480769230769 0.01201923076923077 0.04807692307692308
2 0.29927884615384615 0.33413461538461536 0.019230769230769232 0.04567307692307692
2 0.06370192307692307 0.44350961538461536 0.016826923076923076 0.057692307692307696
2 0.36658653846153844 0.42427884615384615 0.014423076923076924 0.055288461538461536
2 0.15745192307692307 0.6574519230769231 0.02403846153846154 0.07451923076923077
2 0.1466346153846154 0.4639423076923077 0.014423076923076924 0.06490384615384616
2 0.234375 0.4855769230769231 0.019230769230769232 0.06009615384615385
3 0.5228365384615384 0.44591346153846156 0.019230769230769232 0.06009615384615385
2 0.19951923076923078 0.5168269230769231 0.021634615384615384 0.0673076923076923
2 0.7716346153846154 0.37259615384615385 0.019230769230769232 0.055288461538461536
2 0.7548076923076923 0.4579326923076923 0.028846153846153848 0.0673076923076923
2 0.8233173076923077 0.5408653846153846 0.021634615384615384 0.0673076923076923
2 0.39903846153846156 0.5528846153846154 0.021634615384615384 0.07211538461538461
2 0.609375 0.4074519230769231 0.021634615384615384 0.057692307692307696
2 0.27283653846153844 0.6670673076923077 0.026442307692307692 0.08413461538461539
2 0.7463942307692307 0.5276442307692307 0.02403846153846154 0.06971153846153846
2 0.8125 0.453125 0.026442307692307692 0.0673076923076923
2 0.6274038461538461 0.5288461538461539 0.026442307692307692 0.06971153846153846
3 0.6610576923076923 0.2800480769230769 0.01201923076923077 0.040865384615384616
0 0.5709134615384616 0.3317307692307692 0.004807692307692308 0.009615384615384616