2 0.41947115384615385 0.43990384615384615 0.014423076923076924 0.04326923076923077
2 0.41586538461538464 0.4795673076923077 0.016826923076923076 0.05048076923076923
2 0.6274038461538461 0.5408653846153846 0.026442307692307692 0.06971153846153846
2 0.2764423076923077 0.35697115384615385 0.014423076923076924 0.04807692307692308
3 0.5276442307692307 0.5841346153846154 0.028846153846153848 0.06971153846153846
2 0.6454326923076923 0.5120192307692307 0.026442307692307692 0.06490384615384616
2 0.5925480769230769 0.5396634615384616 0.021634615384615384 0.06490384615384616
2 0.3701923076923077 0.39783653846153844 0.016826923076923076 0.04807692307692308
2 0.5420673076923077 0.42908653846153844 0.016826923076923076 0.05048076923076923
2 0.12620192307692307 0.4254807692307692 0.019230769230769232 0.057692307692307696
2 0.5745192307692307 0.546875 0.03125 0.06971153846153846
2 0.6550480769230769 0.7487980769230769 0.026442307692307692 0.08173076923076923
2 0.38822115384615385 0.5048076923076923 0.019230769230769232 0.0625
1 0.9819711538461539 0.515625 0.028846153846153848 0.06490384615384616
2 0.28966346153846156 0.5516826923076923 0.02403846153846154 0.07211538461538461
2 0.6790865384615384 0.5516826923076923 0.026442307692307692 0.06490384615384616
2 0.3485576923076923 0.6177884615384616 0.021634615384615384 0.07451923076923077
2 0.6574519230769231 0.6322115384615384 0.03365384615384615 0.07211538461538461
2 0.8040865384615384 0.9002403846153846 0.04567307692307692 0.0889423076923077
3 0.055288461538461536 0.9375 0.040865384615384616 0.052884615384615384
2 0.20793269230769232 0.6670673076923077 0.026442307692307692 0.08653846153846154
2 0.7608173076923077 0.8701923076923077 0.036057692307692304 0.0889423076923077
2 0.8509615384615384 0.75 0.036057692307692304 0.07692307692307693
3 0.5300480769230769 0.328125 0.019230769230769232 0.04326923076923077
0 0.7668269230769231 0.890625 0.009615384615384616 0.016826923076923076