2 0.38221153846153844 0.3942307692307692 0.021634615384615384 0.040865384615384616
2 0.46875 0.35336538461538464 0.014423076923076924 0.03125
2 0.3016826923076923 0.35336538461538464 0.019230769230769232 0.036057692307692304
2 0.36899038461538464 0.4110576923076923 0.019230769230769232 0.04326923076923077
2 0.5504807692307693 0.375 0.014423076923076924 0.03125
2 0.33533653846153844 0.328125 0.016826923076923076 0.03125
2 0.5528846153846154 0.39663461538461536 0.019230769230769232 0.03125
2 0.43149038461538464 0.35096153846153844 0.019230769230769232 0.03125
3 0.01201923076923077 0.7872596153846154 0.02403846153846154 0.0985576923076923
2 0.7235576923076923 0.44711538461538464 0.016826923076923076 0.040865384615384616
2 0.5384615384615384 0.38221153846153844 0.016826923076923076 0.038461538461538464
2 0.5192307692307693 0.45072115384615385 0.019230769230769232 0.038461538461538464
2 0.25961538461538464 0.5540865384615384 0.038461538461538464 0.0673076923076923
2 0.22115384615384615 0.35336538461538464 0.019230769230769232 0.040865384615384616
2 0.6177884615384616 0.5540865384615384 0.026442307692307692 0.057692307692307696
2 0.6009615384615384 0.46875 0.021634615384615384 0.04807692307692308
2 0.7800480769230769 0.6298076923076923 0.03125 0.055288461538461536
2 0.7079326923076923 0.484375 0.02403846153846154 0.04326923076923077
2 0.1971153846153846 0.4519230769230769 0.03365384615384615 0.055288461538461536
0 0.28966346153846156 0.3473557692307692 0.007211538461538462 0.009615384615384616
2 0.3004807692307692 0.3329326923076923 0.02403846153846154 0.040865384615384616
3 0.3762019230769231 0.3954326923076923 0.026442307692307692 0.040865384615384616
3 0.6706730769230769 0.38221153846153844 0.019230769230769232 0.038461538461538464