3 0.78125 0.3641826923076923 0.009615384615384616 0.030048076923076924
2 0.5588942307692307 0.3894230769230769 0.007211538461538462 0.03245192307692308
2 0.34375 0.41466346153846156 0.010817307692307692 0.039663461538461536
2 0.390625 0.41225961538461536 0.008413461538461538 0.038461538461538464
2 0.8665865384615384 0.3798076923076923 0.009615384615384616 0.030048076923076924
2 0.33774038461538464 0.4387019230769231 0.010817307692307692 0.038461538461538464
3 0.1201923076923077 0.84375 0.020432692307692308 0.078125
2 0.390625 0.44591346153846156 0.01201923076923077 0.036057692307692304
2 0.8125 0.38461538461538464 0.01201923076923077 0.030048076923076924
2 0.20192307692307693 0.6550480769230769 0.013221153846153846 0.057692307692307696
2 0.6262019230769231 0.4879807692307692 0.010817307692307692 0.04326923076923077
2 0.2848557692307692 0.49399038461538464 0.014423076923076924 0.046875
2 0.5516826923076923 0.42908653846153844 0.009615384615384616 0.040865384615384616
3 0.5096153846153846 0.48197115384615385 0.010817307692307692 0.04447115384615385
2 0.3641826923076923 0.515625 0.010817307692307692 0.04927884615384615
2 0.8713942307692307 0.43990384615384615 0.015625 0.038461538461538464
2 0.3762019230769231 0.5552884615384616 0.013221153846153846 0.054086538461538464
2 0.1935096153846154 0.703125 0.013221153846153846 0.06610576923076923
2 0.25721153846153844 0.5504807692307693 0.01201923076923077 0.055288461538461536
2 0.34975961538461536 0.6009615384615384 0.015625 0.057692307692307696
2 0.6694711538461539 0.5528846153846154 0.01201923076923077 0.05048076923076923
2 0.8461538461538461 0.5144230769230769 0.01201923076923077 0.04807692307692308
2 0.5096153846153846 0.4543269230769231 0.010817307692307692 0.042067307692307696
2 0.5637019230769231 0.3798076923076923 0.006009615384615385 0.03125