0 0.8112980769230769 0.5949519230769231 0.006009615384615385 0.010817307692307692
3 0.9903846153846154 0.7079326923076923 0.019230769230769232 0.06971153846153846
2 0.7800480769230769 0.5673076923076923 0.025240384615384616 0.026442307692307692
1 0.8317307692307693 0.43028846153846156 0.018028846153846152 0.042067307692307696
2 0.6586538461538461 0.48677884615384615 0.014423076923076924 0.04567307692307692
2 0.8365384615384616 0.5829326923076923 0.016826923076923076 0.042067307692307696
2 0.8028846153846154 0.5252403846153846 0.015625 0.051682692307692304
2 0.7427884615384616 0.5528846153846154 0.013221153846153846 0.046875
2 0.5264423076923077 0.46875 0.009615384615384616 0.046875
3 0.5949519230769231 0.5048076923076923 0.007211538461538462 0.05048076923076923
2 0.6622596153846154 0.4206730769230769 0.013221153846153846 0.04326923076923077
2 0.8521634615384616 0.5745192307692307 0.013221153846153846 0.052884615384615384
2 0.3329326923076923 0.421875 0.01201923076923077 0.042067307692307696
2 0.7175480769230769 0.46875 0.01201923076923077 0.04807692307692308
2 0.6995192307692307 0.5480769230769231 0.01201923076923077 0.04927884615384615
2 0.5588942307692307 0.5384615384615384 0.009615384615384616 0.056490384615384616
2 0.6009615384615384 0.41346153846153844 0.013221153846153846 0.040865384615384616
2 0.6346153846153846 0.6021634615384616 0.010817307692307692 0.0625
2 0.5805288461538461 0.6550480769230769 0.013221153846153846 0.0673076923076923
2 0.7776442307692307 0.6129807692307693 0.013221153846153846 0.06009615384615385
2 0.48677884615384615 0.5612980769230769 0.010817307692307692 0.06129807692307692
2 0.3557692307692308 0.6430288461538461 0.015625 0.06850961538461539
2 0.32572115384615385 0.6322115384615384 0.018028846153846152 0.06129807692307692
2 0.15625 0.5420673076923077 0.010817307692307692 0.055288461538461536
3 0.14543269230769232 0.34615384615384615 0.008413461538461538 0.037259615384615384