2 0.44711538461538464 0.4026442307692308 0.019230769230769232 0.04326923076923077
2 0.43990384615384615 0.43990384615384615 0.021634615384615384 0.04807692307692308
2 0.6334134615384616 0.5192307692307693 0.03125 0.0673076923076923
2 0.31850961538461536 0.31009615384615385 0.019230769230769232 0.04567307692307692
3 0.5336538461538461 0.5504807692307693 0.03365384615384615 0.0673076923076923
2 0.6526442307692307 0.49278846153846156 0.03125 0.0625
2 0.6009615384615384 0.5144230769230769 0.026442307692307692 0.0625
2 0.4050480769230769 0.359375 0.021634615384615384 0.04807692307692308
2 0.5637019230769231 0.4050480769230769 0.021634615384615384 0.04807692307692308
2 0.17067307692307693 0.3605769230769231 0.02403846153846154 0.055288461538461536
2 0.5817307692307693 0.5192307692307693 0.036057692307692304 0.0673076923076923
2 0.6394230769230769 0.7199519230769231 0.03365384615384615 0.07692307692307693
2 0.4110576923076923 0.46153846153846156 0.02403846153846154 0.06009615384615385
1 0.9723557692307693 0.53125 0.03365384615384615 0.0625
2 0.3125 0.4963942307692308 0.03125 0.06971153846153846
2 0.6814903846153846 0.5348557692307693 0.03125 0.0625
2 0.36177884615384615 0.5649038461538461 0.026442307692307692 0.07211538461538461
2 0.6526442307692307 0.6081730769230769 0.038461538461538464 0.07211538461538461
2 0.7644230769230769 0.8774038461538461 0.05048076923076923 0.08653846153846154
3 0.046875 0.8665865384615384 0.055288461538461536 0.11057692307692307
2 0.22355769230769232 0.5985576923076923 0.03365384615384615 0.08173076923076923
2 0.7271634615384616 0.84375 0.04326923076923077 0.08653846153846154
2 0.8245192307692307 0.7403846153846154 0.040865384615384616 0.07451923076923077
3 0.5612980769230769 0.3088942307692308 0.021634615384615384 0.040865384615384616
0 0.7307692307692307 0.8629807692307693 0.009615384615384616 0.016826923076923076