2 0.6370192307692307 0.515625 0.009615384615384616 0.04807692307692308
3 0.9170673076923077 0.9314903846153846 0.02403846153846154 0.07451923076923077
2 0.5240384615384616 0.4338942307692308 0.009615384615384616 0.038461538461538464
2 0.640625 0.5204326923076923 0.01201923076923077 0.055288461538461536
0 0.9783653846153846 0.36177884615384615 0.009615384615384616 0.014423076923076924
2 0.4014423076923077 0.4579326923076923 0.009615384615384616 0.04567307692307692
2 0.6322115384615384 0.40865384615384615 0.009615384615384616 0.04807692307692308
2 0.3894230769230769 0.44471153846153844 0.009615384615384616 0.04326923076923077
2 0.578125 0.8125 0.016826923076923076 0.07692307692307693
2 0.5168269230769231 0.4807692307692308 0.009615384615384616 0.04567307692307692
3 0.44350961538461536 0.5661057692307693 0.01201923076923077 0.0625
2 0.4375 0.5192307692307693 0.01201923076923077 0.055288461538461536
2 0.4699519230769231 0.49399038461538464 0.01201923076923077 0.04807692307692308
2 0.8197115384615384 0.6262019230769231 0.016826923076923076 0.0673076923076923
2 0.3485576923076923 0.48677884615384615 0.01201923076923077 0.055288461538461536
2 0.7019230769230769 0.4639423076923077 0.01201923076923077 0.052884615384615384
2 0.2403846153846154 0.6394230769230769 0.01201923076923077 0.0673076923076923
2 0.37740384615384615 0.5709134615384616 0.014423076923076924 0.057692307692307696
2 0.5829326923076923 0.6081730769230769 0.01201923076923077 0.0673076923076923
2 0.5721153846153846 0.6670673076923077 0.016826923076923076 0.0673076923076923
2 0.2956730769230769 0.5540865384615384 0.014423076923076924 0.06009615384615385
2 0.2403846153846154 0.8028846153846154 0.021634615384615384 0.08173076923076923
2 0.4387019230769231 0.7115384615384616 0.014423076923076924 0.0673076923076923
3 0.4026442307692308 0.37740384615384615 0.01201923076923077 0.040865384615384616
0 0.6322115384615384 0.42788461538461536 0.004807692307692308 0.009615384615384616