2 0.7067307692307693 0.4326923076923077 0.014423076923076924 0.052884615384615384
2 0.7007211538461539 0.3798076923076923 0.019230769230769232 0.055288461538461536
1 0.7560096153846154 0.3858173076923077 0.019230769230769232 0.052884615384615384
2 0.6814903846153846 0.3762019230769231 0.019230769230769232 0.055288461538461536
0 0.78125 0.6189903846153846 0.007211538461538462 0.01201923076923077
2 0.7151442307692307 0.44711538461538464 0.019230769230769232 0.0625
2 0.5709134615384616 0.45913461538461536 0.019230769230769232 0.055288461538461536
2 0.9134615384615384 0.49038461538461536 0.019230769230769232 0.055288461538461536
2 0.6646634615384616 0.42427884615384615 0.016826923076923076 0.055288461538461536
2 0.8185096153846154 0.4879807692307692 0.019230769230769232 0.06009615384615385
2 0.7608173076923077 0.5528846153846154 0.021634615384615384 0.0625
2 0.7944711538461539 0.4338942307692308 0.016826923076923076 0.057692307692307696
2 0.5949519230769231 0.4230769230769231 0.019230769230769232 0.052884615384615384
2 0.5745192307692307 0.40384615384615385 0.016826923076923076 0.052884615384615384
2 0.8882211538461539 0.48677884615384615 0.021634615384615384 0.06009615384615385
3 0.4987980769230769 0.4795673076923077 0.019230769230769232 0.06009615384615385
2 0.5841346153846154 0.5048076923076923 0.019230769230769232 0.055288461538461536
2 0.35697115384615385 0.4483173076923077 0.019230769230769232 0.057692307692307696
2 0.7560096153846154 0.5913461538461539 0.03125 0.06009615384615385
2 0.6983173076923077 0.6129807692307693 0.028846153846153848 0.06490384615384616
2 0.140625 0.5504807692307693 0.021634615384615384 0.06009615384615385
2 0.19230769230769232 0.6430288461538461 0.02403846153846154 0.0673076923076923
2 0.23918269230769232 0.6189903846153846 0.021634615384615384 0.0625