2 0.5048076923076923 0.6466346153846154 0.028846153846153848 0.052884615384615384
2 0.38221153846153844 0.3954326923076923 0.019230769230769232 0.038461538461538464
3 0.5625 0.5216346153846154 0.02403846153846154 0.052884615384615384
2 0.6442307692307693 0.40384615384615385 0.019230769230769232 0.040865384615384616
2 0.28365384615384615 0.5973557692307693 0.036057692307692304 0.052884615384615384
2 0.5168269230769231 0.40625 0.019230769230769232 0.038461538461538464
2 0.5192307692307693 0.46274038461538464 0.021634615384615384 0.04567307692307692
2 0.4567307692307692 0.47115384615384615 0.021634615384615384 0.04326923076923077
2 0.2620192307692308 0.49038461538461536 0.021634615384615384 0.04567307692307692
2 0.5228365384615384 0.6622596153846154 0.036057692307692304 0.06009615384615385
2 0.7103365384615384 0.7451923076923077 0.03365384615384615 0.07692307692307693
2 0.18870192307692307 0.640625 0.028846153846153848 0.057692307692307696
2 0.6754807692307693 0.4206730769230769 0.02403846153846154 0.04807692307692308
2 0.5192307692307693 0.7788461538461539 0.038461538461538464 0.07451923076923077
3 0.0985576923076923 0.921875 0.03365384615384615 0.07692307692307693
2 0.6165865384615384 0.49158653846153844 0.026442307692307692 0.052884615384615384
2 0.31971153846153844 0.6814903846153846 0.03125 0.06009615384615385
2 0.6959134615384616 0.4699519230769231 0.02403846153846154 0.055288461538461536
2 0.7620192307692307 0.4795673076923077 0.026442307692307692 0.055288461538461536
2 0.7836538461538461 0.6610576923076923 0.036057692307692304 0.06971153846153846
2 0.5817307692307693 0.7235576923076923 0.038461538461538464 0.0673076923076923
0 0.5240384615384616 0.796875 0.009615384615384616 0.016826923076923076
3 0.6237980769230769 0.3173076923076923 0.016826923076923076 0.03365384615384615
2 0.640625 0.38341346153846156 0.016826923076923076 0.038461538461538464