0 0.15384615384615385 0.7728365384615384 0.009615384615384616 0.014423076923076924
2 0.2800480769230769 0.484375 0.016826923076923076 0.05048076923076923
2 0.17548076923076922 0.7055288461538461 0.028846153846153848 0.06971153846153846
2 0.3425480769230769 0.45072115384615385 0.019230769230769232 0.06009615384615385
1 0.19591346153846154 0.453125 0.021634615384615384 0.057692307692307696
2 0.45552884615384615 0.4579326923076923 0.021634615384615384 0.057692307692307696
2 0.32211538461538464 0.44591346153846156 0.02403846153846154 0.06009615384615385
2 0.3329326923076923 0.5516826923076923 0.026442307692307692 0.06009615384615385
2 0.37740384615384615 0.4110576923076923 0.019230769230769232 0.052884615384615384
2 0.29086538461538464 0.4831730769230769 0.026442307692307692 0.06009615384615385
2 0.4423076923076923 0.40865384615384615 0.021634615384615384 0.055288461538461536
2 0.43149038461538464 0.3870192307692308 0.021634615384615384 0.052884615384615384
2 0.3641826923076923 0.4699519230769231 0.02403846153846154 0.06009615384615385
3 0.4795673076923077 0.4519230769230769 0.021634615384615384 0.057692307692307696
2 0.20192307692307693 0.7259615384615384 0.036057692307692304 0.052884615384615384
2 0.3858173076923077 0.5685096153846154 0.028846153846153848 0.06971153846153846
2 0.6165865384615384 0.3918269230769231 0.019230769230769232 0.055288461538461536
2 0.17668269230769232 0.7620192307692307 0.036057692307692304 0.08173076923076923
2 0.3713942307692308 0.6754807692307693 0.03125 0.07451923076923077
2 0.49158653846153844 0.6382211538461539 0.028846153846153848 0.08173076923076923
2 0.6646634615384616 0.5036057692307693 0.026442307692307692 0.06490384615384616
2 0.8713942307692307 0.5865384615384616 0.03365384615384615 0.0889423076923077
2 0.8329326923076923 0.3918269230769231 0.02403846153846154 0.06490384615384616