2 0.6850961538461539 0.42427884615384615 0.018028846153846152 0.037259615384615384
1 0.7836538461538461 0.44711538461538464 0.016826923076923076 0.03365384615384615
2 0.6706730769230769 0.421875 0.010817307692307692 0.04447115384615385
2 0.6826923076923077 0.45913461538461536 0.018028846153846152 0.042067307692307696
2 0.5528846153846154 0.41947115384615385 0.01201923076923077 0.04326923076923077
2 0.7295673076923077 0.45552884615384615 0.020432692307692308 0.04447115384615385
2 0.8930288461538461 0.5252403846153846 0.015625 0.04447115384615385
2 0.546875 0.4495192307692308 0.015625 0.046875
3 0.5228365384615384 0.47115384615384615 0.009615384615384616 0.055288461538461536
2 0.8521634615384616 0.5024038461538461 0.01201923076923077 0.04927884615384615
2 0.5997596153846154 0.42788461538461536 0.009615384615384616 0.040865384615384616
2 0.6586538461538461 0.46875 0.020432692307692308 0.04807692307692308
2 0.7355769230769231 0.5024038461538461 0.010817307692307692 0.057692307692307696
2 0.6322115384615384 0.5132211538461539 0.013221153846153846 0.057692307692307696
2 0.39783653846153844 0.43149038461538464 0.013221153846153846 0.052884615384615384
2 0.8413461538461539 0.5372596153846154 0.015625 0.055288461538461536
2 0.6262019230769231 0.5853365384615384 0.015625 0.0625
2 0.15865384615384615 0.4855769230769231 0.010817307692307692 0.05889423076923077
2 0.7067307692307693 0.5588942307692307 0.01201923076923077 0.06971153846153846
2 0.19831730769230768 0.6117788461538461 0.015625 0.07091346153846154
2 0.2620192307692308 0.5600961538461539 0.01201923076923077 0.0625
2 0.49038461538461536 0.6141826923076923 0.016826923076923076 0.0733173076923077
0 0.8978365384615384 0.5420673076923077 0.007211538461538462 0.014423076923076924