2 0.7151442307692307 0.38822115384615385 0.009615384615384616 0.036057692307692304
2 0.6983173076923077 0.4579326923076923 0.009615384615384616 0.05048076923076923
1 0.8305288461538461 0.42427884615384615 0.016826923076923076 0.057692307692307696
2 0.5721153846153846 0.5745192307692307 0.02403846153846154 0.06490384615384616
2 0.5769230769230769 0.6286057692307693 0.026442307692307692 0.057692307692307696
2 0.7235576923076923 0.4182692307692308 0.014423076923076924 0.057692307692307696
2 0.7728365384615384 0.6274038461538461 0.019230769230769232 0.07211538461538461
2 0.5108173076923077 0.4795673076923077 0.016826923076923076 0.06009615384615385
2 0.6790865384615384 0.46153846153846156 0.016826923076923076 0.055288461538461536
2 0.6033653846153846 0.4230769230769231 0.016826923076923076 0.052884615384615384
2 0.6153846153846154 0.6454326923076923 0.019230769230769232 0.07451923076923077
2 0.8605769230769231 0.6358173076923077 0.021634615384615384 0.07211538461538461
2 0.7043269230769231 0.5132211538461539 0.016826923076923076 0.06971153846153846
2 0.29447115384615385 0.7728365384615384 0.03125 0.07692307692307693
3 0.5192307692307693 0.5408653846153846 0.016826923076923076 0.0673076923076923
2 0.6009615384615384 0.6742788461538461 0.021634615384615384 0.08413461538461539
2 0.7956730769230769 0.6274038461538461 0.016826923076923076 0.0673076923076923
2 0.8798076923076923 0.5084134615384616 0.014423076923076924 0.0673076923076923
2 0.2800480769230769 0.7427884615384616 0.02403846153846154 0.07932692307692307
2 0.2824519230769231 0.4831730769230769 0.016826923076923076 0.0673076923076923
2 0.49038461538461536 0.6622596153846154 0.021634615384615384 0.08413461538461539
2 0.11298076923076923 0.640625 0.03125 0.07932692307692307
0 0.5829326923076923 0.6490384615384616 0.007211538461538462 0.01201923076923077