2 0.5480769230769231 0.6478365384615384 0.019230769230769232 0.05048076923076923
2 0.6021634615384616 0.37259615384615385 0.01201923076923077 0.036057692307692304
3 0.46153846153846156 0.5432692307692307 0.01201923076923077 0.05048076923076923
2 0.35096153846153844 0.4495192307692308 0.009615384615384616 0.040865384615384616
2 0.75 0.5432692307692307 0.026442307692307692 0.05048076923076923
2 0.47475961538461536 0.4182692307692308 0.01201923076923077 0.038461538461538464
2 0.48677884615384615 0.4735576923076923 0.01201923076923077 0.04567307692307692
2 0.5504807692307693 0.46634615384615385 0.01201923076923077 0.04326923076923077
2 0.7427884615384616 0.4326923076923077 0.01201923076923077 0.04567307692307692
2 0.5360576923076923 0.6682692307692307 0.021634615384615384 0.057692307692307696
2 0.3737980769230769 0.7980769230769231 0.019230769230769232 0.07451923076923077
2 0.8545673076923077 0.5612980769230769 0.016826923076923076 0.055288461538461536
2 0.3245192307692308 0.47475961538461536 0.014423076923076924 0.04807692307692308
2 0.5697115384615384 0.7800480769230769 0.02403846153846154 0.07211538461538461
2 0.40024038461538464 0.5264423076923077 0.014423076923076924 0.052884615384615384
2 0.7379807692307693 0.6358173076923077 0.019230769230769232 0.057692307692307696
2 0.3173076923076923 0.5276442307692307 0.01201923076923077 0.055288461538461536
2 0.25721153846153844 0.5540865384615384 0.014423076923076924 0.052884615384615384
2 0.2824519230769231 0.7355769230769231 0.019230769230769232 0.0673076923076923
2 0.4951923076923077 0.7439903846153846 0.02403846153846154 0.06490384615384616
0 0.5685096153846154 0.8004807692307693 0.007211538461538462 0.014423076923076924
3 0.3473557692307692 0.359375 0.009615384615384616 0.03365384615384615
2 0.34975961538461536 0.42908653846153844 0.009615384615384616 0.038461538461538464