2 0.6730769230769231 0.47716346153846156 0.016826923076923076 0.052884615384615384
2 0.5372596153846154 0.4014423076923077 0.016826923076923076 0.04326923076923077
2 0.6766826923076923 0.4807692307692308 0.021634615384615384 0.0625
2 0.4050480769230769 0.44591346153846156 0.016826923076923076 0.05048076923076923
2 0.6526442307692307 0.359375 0.016826923076923076 0.052884615384615384
2 0.3894230769230769 0.43149038461538464 0.016826923076923076 0.04807692307692308
2 0.6466346153846154 0.8125 0.026442307692307692 0.08653846153846154
2 0.5336538461538461 0.4543269230769231 0.016826923076923076 0.05048076923076923
3 0.46634615384615385 0.5588942307692307 0.021634615384615384 0.06971153846153846
2 0.453125 0.5084134615384616 0.019230769230769232 0.06009615384615385
2 0.484375 0.47716346153846156 0.019230769230769232 0.052884615384615384
2 0.8894230769230769 0.5757211538461539 0.026442307692307692 0.07692307692307693
2 0.34975961538461536 0.484375 0.021634615384615384 0.06009615384615385
2 0.7367788461538461 0.4110576923076923 0.019230769230769232 0.06009615384615385
2 0.2512019230769231 0.6670673076923077 0.02403846153846154 0.07692307692307693
2 0.3918269230769231 0.5721153846153846 0.02403846153846154 0.0673076923076923
2 0.6237980769230769 0.5853365384615384 0.02403846153846154 0.07451923076923077
2 0.6225961538461539 0.6514423076923077 0.028846153846153848 0.07692307692307693
2 0.3004807692307692 0.5661057692307693 0.02403846153846154 0.0673076923076923
2 0.27283653846153844 0.8461538461538461 0.03365384615384615 0.09134615384615384
2 0.4795673076923077 0.7199519230769231 0.026442307692307692 0.07692307692307693
3 0.3954326923076923 0.35697115384615385 0.019230769230769232 0.04567307692307692
0 0.6538461538461539 0.38100961538461536 0.007211538461538462 0.009615384615384616