2 0.3137019230769231 0.42427884615384615 0.018028846153846152 0.037259615384615384
1 0.21754807692307693 0.44711538461538464 0.016826923076923076 0.03365384615384615
2 0.3293269230769231 0.421875 0.010817307692307692 0.04447115384615385
2 0.3173076923076923 0.45913461538461536 0.018028846153846152 0.042067307692307696
2 0.44711538461538464 0.41947115384615385 0.01201923076923077 0.04326923076923077
2 0.2704326923076923 0.45552884615384615 0.020432692307692308 0.04447115384615385
2 0.10817307692307693 0.5252403846153846 0.015625 0.04447115384615385
2 0.4543269230769231 0.4495192307692308 0.015625 0.046875
3 0.47836538461538464 0.47115384615384615 0.009615384615384616 0.055288461538461536
2 0.14783653846153846 0.5024038461538461 0.01201923076923077 0.04927884615384615
2 0.39903846153846156 0.42788461538461536 0.009615384615384616 0.040865384615384616
2 0.34134615384615385 0.46875 0.020432692307692308 0.04807692307692308
2 0.265625 0.5024038461538461 0.010817307692307692 0.057692307692307696
2 0.36658653846153844 0.5132211538461539 0.013221153846153846 0.057692307692307696
2 0.6009615384615384 0.43149038461538464 0.013221153846153846 0.052884615384615384
2 0.15865384615384615 0.5372596153846154 0.015625 0.055288461538461536
2 0.37259615384615385 0.5853365384615384 0.015625 0.0625
2 0.8413461538461539 0.4855769230769231 0.010817307692307692 0.05889423076923077
2 0.2932692307692308 0.5588942307692307 0.01201923076923077 0.06971153846153846
2 0.8016826923076923 0.6117788461538461 0.015625 0.07091346153846154
2 0.7391826923076923 0.5600961538461539 0.01201923076923077 0.0625
2 0.5096153846153846 0.6141826923076923 0.016826923076923076 0.0733173076923077
0 0.10216346153846154 0.5420673076923077 0.007211538461538462 0.014423076923076924