2 0.6887019230769231 0.4206730769230769 0.009615384615384616 0.036057692307692304
2 0.671875 0.49158653846153844 0.009615384615384616 0.052884615384615384
1 0.8040865384615384 0.4579326923076923 0.016826923076923076 0.06009615384615385
2 0.5432692307692307 0.609375 0.026442307692307692 0.06490384615384616
2 0.5480769230769231 0.6646634615384616 0.026442307692307692 0.06009615384615385
2 0.6959134615384616 0.45072115384615385 0.014423076923076924 0.057692307692307696
2 0.7463942307692307 0.6634615384615384 0.019230769230769232 0.07451923076923077
2 0.4795673076923077 0.5132211538461539 0.016826923076923076 0.0625
2 0.6526442307692307 0.4951923076923077 0.016826923076923076 0.055288461538461536
2 0.5745192307692307 0.4579326923076923 0.016826923076923076 0.052884615384615384
2 0.5865384615384616 0.6826923076923077 0.019230769230769232 0.07692307692307693
2 0.8365384615384616 0.671875 0.021634615384615384 0.07451923076923077
2 0.6778846153846154 0.546875 0.019230769230769232 0.06971153846153846
2 0.25961538461538464 0.8125 0.03125 0.07932692307692307
3 0.4879807692307692 0.5757211538461539 0.016826923076923076 0.06971153846153846
2 0.5709134615384616 0.7115384615384616 0.021634615384615384 0.08653846153846154
2 0.7692307692307693 0.6634615384615384 0.016826923076923076 0.06971153846153846
2 0.8557692307692307 0.5444711538461539 0.016826923076923076 0.06971153846153846
2 0.2439903846153846 0.78125 0.02403846153846154 0.08173076923076923
2 0.24759615384615385 0.5180288461538461 0.016826923076923076 0.0673076923076923
2 0.46033653846153844 0.6995192307692307 0.021634615384615384 0.08413461538461539
2 0.07572115384615384 0.6766826923076923 0.03125 0.08173076923076923
0 0.5540865384615384 0.6850961538461539 0.007211538461538462 0.01201923076923077