1 0.018028846153846152 0.6274038461538461 0.009615384615384616 0.036057692307692304
2 0.3870192307692308 0.41947115384615385 0.016826923076923076 0.036057692307692304
2 0.6177884615384616 0.4338942307692308 0.019230769230769232 0.04326923076923077
2 0.5396634615384616 0.484375 0.021634615384615384 0.04567307692307692
2 0.6069711538461539 0.5144230769230769 0.021634615384615384 0.05048076923076923
2 0.3076923076923077 0.5036057692307693 0.019230769230769232 0.04326923076923077
2 0.5276442307692307 0.42788461538461536 0.019230769230769232 0.038461538461538464
2 0.6670673076923077 0.44591346153846156 0.02403846153846154 0.04807692307692308
2 0.6237980769230769 0.41225961538461536 0.016826923076923076 0.038461538461538464
2 0.7199519230769231 0.7415865384615384 0.038461538461538464 0.06971153846153846
2 0.5204326923076923 0.484375 0.019230769230769232 0.04567307692307692
3 0.5865384615384616 0.5757211538461539 0.028846153846153848 0.057692307692307696
3 0.1201923076923077 0.9338942307692307 0.040865384615384616 0.07932692307692307
2 0.390625 0.5901442307692307 0.021634615384615384 0.04807692307692308
2 0.19230769230769232 0.7055288461538461 0.028846153846153848 0.06009615384615385
2 0.6610576923076923 0.5120192307692307 0.026442307692307692 0.055288461538461536
2 0.40384615384615385 0.6165865384615384 0.02403846153846154 0.052884615384615384
2 0.5817307692307693 0.6346153846153846 0.028846153846153848 0.06490384615384616
2 0.7211538461538461 0.5096153846153846 0.026442307692307692 0.052884615384615384
2 0.5228365384615384 0.7800480769230769 0.03125 0.06971153846153846
2 0.7584134615384616 0.6298076923076923 0.028846153846153848 0.06490384615384616
2 0.5204326923076923 0.6466346153846154 0.026442307692307692 0.06009615384615385
2 0.5721153846153846 0.7331730769230769 0.03125 0.07451923076923077
3 0.5853365384615384 0.34375 0.016826923076923076 0.03365384615384615
0 0.3954326923076923 0.5985576923076923 0.009615384615384616 0.01201923076923077