2 0.7536057692307693 0.4855769230769231 0.01201923076923077 0.05048076923076923
2 0.6358173076923077 0.32211538461538464 0.016826923076923076 0.040865384615384616
2 0.5132211538461539 0.34134615384615385 0.019230769230769232 0.038461538461538464
3 0.5276442307692307 0.4639423076923077 0.021634615384615384 0.057692307692307696
2 0.4170673076923077 0.390625 0.016826923076923076 0.04807692307692308
2 0.8461538461538461 0.39783653846153844 0.016826923076923076 0.052884615384615384
2 0.765625 0.5132211538461539 0.02403846153846154 0.0625
2 0.47836538461538464 0.390625 0.019230769230769232 0.04567307692307692
2 0.8810096153846154 0.45913461538461536 0.019230769230769232 0.04807692307692308
2 0.59375 0.4495192307692308 0.014423076923076924 0.052884615384615384
2 0.4182692307692308 0.4579326923076923 0.021634615384615384 0.052884615384615384
2 0.7836538461538461 0.4579326923076923 0.016826923076923076 0.0625
2 0.359375 0.5757211538461539 0.016826923076923076 0.0673076923076923
2 0.5588942307692307 0.578125 0.019230769230769232 0.07211538461538461
2 0.6658653846153846 0.7223557692307693 0.019230769230769232 0.08413461538461539
2 0.30288461538461536 0.6153846153846154 0.02403846153846154 0.07451923076923077
2 0.17668269230769232 0.4182692307692308 0.014423076923076924 0.057692307692307696
2 0.8353365384615384 0.6838942307692307 0.02403846153846154 0.07692307692307693
2 0.2800480769230769 0.4735576923076923 0.026442307692307692 0.06009615384615385
2 0.13341346153846154 0.5300480769230769 0.021634615384615384 0.0673076923076923
2 0.1971153846153846 0.7283653846153846 0.028846153846153848 0.07932692307692307
0 0.4807692307692308 0.3545673076923077 0.004807692307692308 0.009615384615384616
3 0.27163461538461536 0.31009615384615385 0.014423076923076924 0.04326923076923077