2 0.4230769230769231 0.3485576923076923 0.010817307692307692 0.038461538461538464
2 0.5180288461538461 0.36658653846153844 0.009615384615384616 0.03485576923076923
2 0.40024038461538464 0.36538461538461536 0.010817307692307692 0.036057692307692304
2 0.5096153846153846 0.36538461538461536 0.010817307692307692 0.036057692307692304
2 0.36538461538461536 0.3870192307692308 0.01201923076923077 0.03485576923076923
2 0.7379807692307693 0.3786057692307692 0.016826923076923076 0.042067307692307696
2 0.4639423076923077 0.38100961538461536 0.013221153846153846 0.036057692307692304
1 0.9651442307692307 0.4675480769230769 0.010817307692307692 0.051682692307692304
2 0.2620192307692308 0.4050480769230769 0.013221153846153846 0.037259615384615384
2 0.5480769230769231 0.44471153846153844 0.009615384615384616 0.046875
2 0.41586538461538464 0.4387019230769231 0.01201923076923077 0.04326923076923077
2 0.3112980769230769 0.41947115384615385 0.010817307692307692 0.04326923076923077
2 0.5204326923076923 0.4567307692307692 0.01201923076923077 0.04447115384615385
2 0.6237980769230769 0.5240384615384616 0.008413461538461538 0.054086538461538464
3 0.3473557692307692 0.4338942307692308 0.015625 0.04567307692307692
2 0.20432692307692307 0.44350961538461536 0.010817307692307692 0.046875
2 0.8882211538461539 0.6033653846153846 0.016826923076923076 0.06129807692307692
2 0.39903846153846156 0.609375 0.020432692307692308 0.0625
2 0.7331730769230769 0.4326923076923077 0.015625 0.04326923076923077
3 0.17668269230769232 0.8846153846153846 0.02403846153846154 0.08653846153846154
2 0.24879807692307693 0.6370192307692307 0.01201923076923077 0.06370192307692307
2 0.20192307692307693 0.5528846153846154 0.014423076923076924 0.06129807692307692
3 0.6634615384615384 0.33533653846153844 0.010817307692307692 0.03485576923076923
0 0.4170673076923077 0.38461538461538464 0.007211538461538462 0.01201923076923077
2 0.4170673076923077 0.4230769230769231 0.01201923076923077 0.042067307692307696