2 0.3329326923076923 0.6081730769230769 0.02403846153846154 0.028846153846153848
2 0.5528846153846154 0.4098557692307692 0.019230769230769232 0.04567307692307692
2 0.6370192307692307 0.38100961538461536 0.014423076923076924 0.028846153846153848
2 0.5600961538461539 0.4050480769230769 0.014423076923076924 0.03125
2 0.3389423076923077 0.6117788461538461 0.02403846153846154 0.03125
3 0.6862980769230769 0.3798076923076923 0.014423076923076924 0.038461538461538464
3 0.04807692307692308 0.8064903846153846 0.03365384615384615 0.07932692307692307
2 0.6286057692307693 0.38221153846153844 0.016826923076923076 0.036057692307692304
2 0.5528846153846154 0.38822115384615385 0.021634615384615384 0.04326923076923077
2 0.42908653846153844 0.3485576923076923 0.019230769230769232 0.036057692307692304
2 0.4098557692307692 0.34975961538461536 0.021634615384615384 0.036057692307692304
2 0.6322115384615384 0.4362980769230769 0.021634615384615384 0.04567307692307692
3 0.5288461538461539 0.44591346153846156 0.019230769230769232 0.04807692307692308
2 0.33413461538461536 0.6538461538461539 0.03365384615384615 0.07451923076923077
2 0.2704326923076923 0.36658653846153844 0.021634615384615384 0.05048076923076923
2 0.7524038461538461 0.4375 0.021634615384615384 0.04326923076923077
2 0.5264423076923077 0.40625 0.019230769230769232 0.04326923076923077
2 0.7439903846153846 0.5132211538461539 0.021634615384615384 0.05048076923076923
2 0.4050480769230769 0.43509615384615385 0.021634615384615384 0.05048076923076923
2 0.39903846153846156 0.5360576923076923 0.028846153846153848 0.057692307692307696
2 0.22235576923076922 0.4050480769230769 0.02403846153846154 0.052884615384615384
2 0.5408653846153846 0.484375 0.026442307692307692 0.052884615384615384
2 0.20192307692307693 0.40024038461538464 0.026442307692307692 0.055288461538461536
2 0.7199519230769231 0.5480769230769231 0.026442307692307692 0.055288461538461536