0 0.6802884615384616 0.5216346153846154 0.009615384615384616 0.014423076923076924
2 0.22355769230769232 0.47836538461538464 0.01201923076923077 0.036057692307692304
2 0.4519230769230769 0.38461538461538464 0.019230769230769232 0.04326923076923077
2 0.4206730769230769 0.3245192307692308 0.016826923076923076 0.040865384615384616
2 0.5408653846153846 0.44591346153846156 0.016826923076923076 0.052884615384615384
2 0.2548076923076923 0.42788461538461536 0.021634615384615384 0.04807692307692308
2 0.515625 0.40625 0.014423076923076924 0.04807692307692308
2 0.20552884615384615 0.40625 0.02403846153846154 0.04807692307692308
2 0.22355769230769232 0.5168269230769231 0.016826923076923076 0.06490384615384616
3 0.3954326923076923 0.49278846153846156 0.014423076923076924 0.06009615384615385
2 0.5240384615384616 0.484375 0.014423076923076924 0.06009615384615385
2 0.7307692307692307 0.4230769230769231 0.01201923076923077 0.052884615384615384
2 0.24158653846153846 0.47596153846153844 0.016826923076923076 0.057692307692307696
2 0.5612980769230769 0.47836538461538464 0.016826923076923076 0.057692307692307696
2 0.41586538461538464 0.4855769230769231 0.016826923076923076 0.055288461538461536
2 0.5757211538461539 0.5661057692307693 0.016826923076923076 0.0625
2 0.4254807692307692 0.5793269230769231 0.014423076923076924 0.06971153846153846
2 0.203125 0.6706730769230769 0.021634615384615384 0.07451923076923077
2 0.7584134615384616 0.5504807692307693 0.021634615384615384 0.057692307692307696
2 0.5757211538461539 0.6213942307692307 0.019230769230769232 0.06971153846153846
2 0.3425480769230769 0.7247596153846154 0.019230769230769232 0.08173076923076923
2 0.6766826923076923 0.8173076923076923 0.03365384615384615 0.0889423076923077
3 0.6790865384615384 0.31971153846153844 0.01201923076923077 0.04326923076923077