2 0.31490384615384615 0.41586538461538464 0.01201923076923077 0.028846153846153848
2 0.5276442307692307 0.4423076923076923 0.01201923076923077 0.038461538461538464
3 0.4651442307692308 0.5096153846153846 0.01201923076923077 0.04326923076923077
2 0.3293269230769231 0.47596153846153844 0.01201923076923077 0.036057692307692304
2 0.5961538461538461 0.44711538461538464 0.009615384615384616 0.036057692307692304
2 0.16706730769230768 0.5132211538461539 0.016826923076923076 0.04807692307692308
2 0.3870192307692308 0.44591346153846156 0.01201923076923077 0.036057692307692304
2 0.23557692307692307 0.484375 0.01201923076923077 0.040865384615384616
2 0.6466346153846154 0.4879807692307692 0.01201923076923077 0.040865384615384616
2 0.4375 0.4735576923076923 0.009615384615384616 0.038461538461538464
2 0.8473557692307693 0.5588942307692307 0.01201923076923077 0.04807692307692308
2 0.6033653846153846 0.5264423076923077 0.01201923076923077 0.040865384615384616
2 0.7512019230769231 0.4963942307692308 0.01201923076923077 0.040865384615384616
2 0.6862980769230769 0.5528846153846154 0.01201923076923077 0.05048076923076923
2 0.28725961538461536 0.4963942307692308 0.01201923076923077 0.040865384615384616
2 0.7079326923076923 0.6322115384615384 0.01201923076923077 0.052884615384615384
2 0.27163461538461536 0.5685096153846154 0.009615384615384616 0.04807692307692308
1 0.03365384615384615 0.4951923076923077 0.01201923076923077 0.04807692307692308
2 0.15384615384615385 0.5564903846153846 0.016826923076923076 0.05048076923076923
2 0.5637019230769231 0.5961538461538461 0.014423076923076924 0.052884615384615384
2 0.49759615384615385 0.625 0.014423076923076924 0.052884615384615384
2 0.7199519230769231 0.75 0.016826923076923076 0.06490384615384616
3 0.6310096153846154 0.40865384615384615 0.009615384615384616 0.036057692307692304
0 0.17427884615384615 0.53125 0.007211538461538462 0.01201923076923077