2 0.6911057692307693 0.4675480769230769 0.016826923076923076 0.03125
2 0.47115384615384615 0.4375 0.016826923076923076 0.038461538461538464
3 0.5168269230769231 0.5240384615384616 0.021634615384615384 0.04567307692307692
2 0.6622596153846154 0.5264423076923077 0.016826923076923076 0.038461538461538464
2 0.4014423076923077 0.42427884615384615 0.014423076923076924 0.036057692307692304
2 0.8125 0.6069711538461539 0.026442307692307692 0.05048076923076923
2 0.6117788461538461 0.4807692307692308 0.016826923076923076 0.038461538461538464
2 0.7524038461538461 0.5600961538461539 0.021634615384615384 0.04326923076923077
2 0.3389423076923077 0.453125 0.021634615384615384 0.04326923076923077
2 0.5528846153846154 0.4951923076923077 0.016826923076923076 0.038461538461538464
2 0.11899038461538461 0.4699519230769231 0.021634615384615384 0.05048076923076923
2 0.37259615384615385 0.5024038461538461 0.021634615384615384 0.04326923076923077
2 0.23197115384615385 0.4326923076923077 0.019230769230769232 0.04326923076923077
2 0.28365384615384615 0.5084134615384616 0.021634615384615384 0.052884615384615384
2 0.6983173076923077 0.5576923076923077 0.021634615384615384 0.04326923076923077
2 0.23918269230769232 0.5805288461538461 0.021634615384615384 0.055288461538461536
2 0.6935096153846154 0.6334134615384616 0.019230769230769232 0.04807692307692308
1 0.9519230769230769 0.6237980769230769 0.021634615384615384 0.05048076923076923
2 0.8161057692307693 0.6526442307692307 0.026442307692307692 0.052884615384615384
2 0.39302884615384615 0.5829326923076923 0.02403846153846154 0.055288461538461536
2 0.4519230769230769 0.6298076923076923 0.02403846153846154 0.055288461538461536
2 0.19591346153846154 0.6947115384615384 0.028846153846153848 0.06971153846153846
3 0.3762019230769231 0.3762019230769231 0.016826923076923076 0.036057692307692304
0 0.8016826923076923 0.6225961538461539 0.009615384615384616 0.01201923076923077