0 0.14182692307692307 0.46153846153846156 0.007211538461538462 0.01201923076923077
2 0.11177884615384616 0.46033653846153844 0.021634615384615384 0.03365384615384615
2 0.10576923076923077 0.49158653846153844 0.026442307692307692 0.055288461538461536
1 0.16706730769230768 0.30649038461538464 0.02403846153846154 0.05048076923076923
2 0.0985576923076923 0.5132211538461539 0.02403846153846154 0.06009615384615385
2 0.44711538461538464 0.35336538461538464 0.021634615384615384 0.04326923076923077
2 0.6983173076923077 0.4170673076923077 0.019230769230769232 0.04326923076923077
2 0.3713942307692308 0.35697115384615385 0.019230769230769232 0.04807692307692308
2 0.3870192307692308 0.4098557692307692 0.021634615384615384 0.04807692307692308
2 0.5649038461538461 0.44591346153846156 0.021634615384615384 0.05048076923076923
2 0.25841346153846156 0.484375 0.02403846153846154 0.06009615384615385
2 0.17427884615384615 0.5360576923076923 0.028846153846153848 0.0673076923076923
3 0.4423076923076923 0.4723557692307692 0.026442307692307692 0.055288461538461536
2 0.44711538461538464 0.5336538461538461 0.02403846153846154 0.06009615384615385
2 0.30408653846153844 0.5408653846153846 0.028846153846153848 0.06971153846153846
2 0.1466346153846154 0.5252403846153846 0.026442307692307692 0.06490384615384616
2 0.28966346153846156 0.3870192307692308 0.026442307692307692 0.052884615384615384
2 0.5733173076923077 0.6622596153846154 0.03125 0.07692307692307693
2 0.3161057692307692 0.6430288461538461 0.03125 0.07692307692307693
2 0.31490384615384615 0.5600961538461539 0.028846153846153848 0.0673076923076923
2 0.6766826923076923 0.7127403846153846 0.036057692307692304 0.07692307692307693
2 0.5168269230769231 0.5805288461538461 0.026442307692307692 0.0625
2 0.8173076923076923 0.6009615384615384 0.03125 0.0625
3 0.8521634615384616 0.37259615384615385 0.016826923076923076 0.038461538461538464