2 0.39663461538461536 0.4254807692307692 0.016826923076923076 0.04807692307692308
2 0.5396634615384616 0.5877403846153846 0.02403846153846154 0.07692307692307693
0 0.4423076923076923 0.6658653846153846 0.01201923076923077 0.01201923076923077
2 0.40865384615384615 0.4579326923076923 0.026442307692307692 0.055288461538461536
2 0.47836538461538464 0.3641826923076923 0.016826923076923076 0.05048076923076923
2 0.6141826923076923 0.34134615384615385 0.021634615384615384 0.055288461538461536
2 0.30649038461538464 0.6237980769230769 0.02403846153846154 0.0673076923076923
2 0.4519230769230769 0.4110576923076923 0.021634615384615384 0.052884615384615384
2 0.5564903846153846 0.34375 0.014423076923076924 0.05048076923076923
2 0.3918269230769231 0.4579326923076923 0.021634615384615384 0.06009615384615385
1 0.11057692307692307 0.4891826923076923 0.021634615384615384 0.06009615384615385
2 0.3629807692307692 0.48677884615384615 0.02403846153846154 0.07692307692307693
2 0.48677884615384615 0.43028846153846156 0.016826923076923076 0.057692307692307696
3 0.53125 0.45072115384615385 0.019230769230769232 0.057692307692307696
2 0.44471153846153844 0.515625 0.02403846153846154 0.06971153846153846
2 0.5949519230769231 0.515625 0.021634615384615384 0.06490384615384616
2 0.8846153846153846 0.3713942307692308 0.019230769230769232 0.06009615384615385
2 0.3076923076923077 0.5252403846153846 0.03365384615384615 0.0673076923076923
2 0.5276442307692307 0.6021634615384616 0.028846153846153848 0.0673076923076923
2 0.9194711538461539 0.47836538461538464 0.02403846153846154 0.06971153846153846
2 0.7680288461538461 0.4951923076923077 0.02403846153846154 0.0673076923076923
2 0.5300480769230769 0.578125 0.026442307692307692 0.07211538461538461