0 0.6802884615384616 0.49038461538461536 0.01201923076923077 0.016826923076923076
2 0.20552884615384615 0.5444711538461539 0.016826923076923076 0.038461538461538464
2 0.4170673076923077 0.40024038461538464 0.026442307692307692 0.04807692307692308
2 0.3713942307692308 0.34615384615384615 0.021634615384615384 0.04326923076923077
2 0.5204326923076923 0.44350961538461536 0.02403846153846154 0.057692307692307696
2 0.22596153846153846 0.4855769230769231 0.028846153846153848 0.052884615384615384
2 0.48677884615384615 0.40865384615384615 0.021634615384615384 0.05048076923076923
2 0.16826923076923078 0.47596153846153844 0.03125 0.052884615384615384
2 0.2127403846153846 0.5829326923076923 0.026442307692307692 0.06971153846153846
3 0.38221153846153844 0.5216346153846154 0.021634615384615384 0.0625
2 0.5120192307692307 0.484375 0.021634615384615384 0.0625
2 0.7091346153846154 0.37740384615384615 0.019230769230769232 0.055288461538461536
2 0.22235576923076922 0.5396634615384616 0.026442307692307692 0.0625
2 0.5480769230769231 0.47115384615384615 0.026442307692307692 0.06009615384615385
2 0.4014423076923077 0.5096153846153846 0.02403846153846154 0.057692307692307696
2 0.5829326923076923 0.5588942307692307 0.026442307692307692 0.0673076923076923
2 0.43149038461538464 0.6045673076923077 0.026442307692307692 0.07211538461538461
2 0.22596153846153846 0.7451923076923077 0.03125 0.07932692307692307
2 0.7644230769230769 0.5024038461538461 0.028846153846153848 0.0625
2 0.59375 0.6141826923076923 0.028846153846153848 0.07451923076923077
2 0.3786057692307692 0.7692307692307693 0.03125 0.08653846153846154
2 0.7379807692307693 0.7920673076923077 0.04567307692307692 0.09615384615384616
3 0.6358173076923077 0.2848557692307692 0.019230769230769232 0.04567307692307692