2 0.4338942307692308 0.4206730769230769 0.010817307692307692 0.040865384615384616
2 0.4338942307692308 0.4567307692307692 0.01201923076923077 0.04567307692307692
2 0.6334134615384616 0.49759615384615385 0.020432692307692308 0.0625
2 0.29447115384615385 0.3557692307692308 0.010817307692307692 0.04326923076923077
3 0.5444711538461539 0.5444711538461539 0.021634615384615384 0.06370192307692307
2 0.6478365384615384 0.46875 0.019230769230769232 0.057692307692307696
2 0.6009615384615384 0.4987980769230769 0.015625 0.057692307692307696
2 0.38461538461538464 0.3858173076923077 0.01201923076923077 0.04447115384615385
2 0.5456730769230769 0.40024038461538464 0.01201923076923077 0.04567307692307692
2 0.1622596153846154 0.43028846153846156 0.013221153846153846 0.051682692307692304
2 0.5841346153846154 0.5072115384615384 0.02403846153846154 0.0625
2 0.6766826923076923 0.6875 0.019230769230769232 0.07451923076923077
2 0.4098557692307692 0.4831730769230769 0.013221153846153846 0.056490384615384616
1 0.9591346153846154 0.44471153846153844 0.020432692307692308 0.057692307692307696
2 0.32211538461538464 0.5348557692307693 0.018028846153846152 0.06370192307692307
2 0.6826923076923077 0.5024038461538461 0.019230769230769232 0.057692307692307696
2 0.38221153846153844 0.5913461538461539 0.013221153846153846 0.0673076923076923
2 0.6694711538461539 0.578125 0.025240384615384616 0.06610576923076923
2 0.8257211538461539 0.8137019230769231 0.03365384615384615 0.078125
3 0.13701923076923078 0.9375 0.03485576923076923 0.10216346153846154
2 0.25721153846153844 0.6478365384615384 0.018028846153846152 0.078125
2 0.7836538461538461 0.7896634615384616 0.026442307692307692 0.07932692307692307
2 0.8569711538461539 0.671875 0.026442307692307692 0.06971153846153846
3 0.5264423076923077 0.3088942307692308 0.013221153846153846 0.038461538461538464
0 0.7896634615384616 0.8076923076923077 0.007211538461538462 0.015625