2 0.5216346153846154 0.5168269230769231 0.014423076923076924 0.03365384615384615
2 0.4362980769230769 0.5252403846153846 0.01201923076923077 0.05048076923076923
1 0.15985576923076922 0.43028846153846156 0.019230769230769232 0.04807692307692308
2 0.20673076923076922 0.5384615384615384 0.014423076923076924 0.057692307692307696
2 0.3088942307692308 0.4807692307692308 0.01201923076923077 0.052884615384615384
2 0.296875 0.5540865384615384 0.014423076923076924 0.057692307692307696
2 0.41346153846153844 0.4326923076923077 0.016826923076923076 0.04567307692307692
2 0.5228365384615384 0.5480769230769231 0.026442307692307692 0.057692307692307696
2 0.21153846153846154 0.5757211538461539 0.016826923076923076 0.055288461538461536
2 0.2860576923076923 0.6009615384615384 0.016826923076923076 0.06490384615384616
2 0.4423076923076923 0.4519230769230769 0.016826923076923076 0.04326923076923077
2 0.2536057692307692 0.5829326923076923 0.016826923076923076 0.038461538461538464
2 0.6598557692307693 0.4735576923076923 0.014423076923076924 0.04807692307692308
2 0.41346153846153844 0.5480769230769231 0.014423076923076924 0.052884615384615384
2 0.4230769230769231 0.5588942307692307 0.021634615384615384 0.055288461538461536
3 0.3894230769230769 0.53125 0.021634615384615384 0.055288461538461536
3 0.014423076923076924 0.71875 0.028846153846153848 0.07211538461538461
2 0.5456730769230769 0.5540865384615384 0.016826923076923076 0.057692307692307696
2 0.24879807692307693 0.6742788461538461 0.016826923076923076 0.0673076923076923
2 0.6237980769230769 0.625 0.021634615384615384 0.07451923076923077
2 0.8641826923076923 0.5853365384615384 0.016826923076923076 0.06009615384615385
2 0.6694711538461539 0.6346153846153846 0.019230769230769232 0.0625
2 0.4795673076923077 0.6682692307692307 0.026442307692307692 0.0673076923076923
3 0.8918269230769231 0.39783653846153844 0.01201923076923077 0.038461538461538464
0 0.4423076923076923 0.5625 0.007211538461538462 0.014423076923076924