2 0.36177884615384615 0.30408653846153844 0.021634615384615384 0.04326923076923077
2 0.46875 0.3004807692307692 0.019230769230769232 0.040865384615384616
2 0.3425480769230769 0.3293269230769231 0.021634615384615384 0.040865384615384616
2 0.46033653846153844 0.3016826923076923 0.021634615384615384 0.040865384615384616
2 0.3088942307692308 0.36177884615384615 0.021634615384615384 0.040865384615384616
2 0.7091346153846154 0.25841346153846156 0.028846153846153848 0.05048076923076923
2 0.41346153846153844 0.3293269230769231 0.02403846153846154 0.040865384615384616
2 0.20072115384615385 0.40625 0.02403846153846154 0.04326923076923077
2 0.5216346153846154 0.37740384615384615 0.021634615384615384 0.052884615384615384
2 0.3762019230769231 0.40384615384615385 0.02403846153846154 0.05048076923076923
2 0.25841346153846156 0.40865384615384615 0.021634615384615384 0.05048076923076923
2 0.49399038461538464 0.39783653846153844 0.02403846153846154 0.05048076923076923
2 0.6225961538461539 0.44591346153846156 0.021634615384615384 0.06009615384615385
3 0.3016826923076923 0.41586538461538464 0.028846153846153848 0.052884615384615384
2 0.14903846153846154 0.46274038461538464 0.02403846153846154 0.055288461538461536
2 0.9302884615384616 0.4651442307692308 0.03365384615384615 0.06971153846153846
2 0.4014423076923077 0.5949519230769231 0.038461538461538464 0.07211538461538461
2 0.71875 0.31850961538461536 0.026442307692307692 0.05048076923076923
3 0.22956730769230768 0.9459134615384616 0.04807692307692308 0.0985576923076923
2 0.24519230769230768 0.6598557692307693 0.028846153846153848 0.07211538461538461
2 0.17307692307692307 0.5805288461538461 0.03125 0.06971153846153846
3 0.6189903846153846 0.23076923076923078 0.019230769230769232 0.040865384615384616
0 0.3641826923076923 0.3449519230769231 0.009615384615384616 0.014423076923076924
2 0.3737980769230769 0.3870192307692308 0.02403846153846154 0.04807692307692308