2 0.34134615384615385 0.5793269230769231 0.014423076923076924 0.052884615384615384
2 0.7307692307692307 0.5240384615384616 0.01201923076923077 0.036057692307692304
2 0.5240384615384616 0.46875 0.009615384615384616 0.04326923076923077
2 0.6394230769230769 0.45072115384615385 0.009615384615384616 0.03365384615384615
2 0.34134615384615385 0.5865384615384616 0.019230769230769232 0.057692307692307696
2 0.4206730769230769 0.40024038461538464 0.01201923076923077 0.03365384615384615
2 0.6862980769230769 0.46875 0.009615384615384616 0.038461538461538464
2 0.5 0.4411057692307692 0.009615384615384616 0.03365384615384615
3 0.5120192307692307 0.5168269230769231 0.009615384615384616 0.040865384615384616
2 0.18990384615384615 0.5168269230769231 0.01201923076923077 0.040865384615384616
2 0.2692307692307692 0.45552884615384615 0.009615384615384616 0.040865384615384616
2 0.6754807692307693 0.49038461538461536 0.009615384615384616 0.04326923076923077
2 0.7283653846153846 0.5588942307692307 0.01201923076923077 0.052884615384615384
2 0.15384615384615385 0.5540865384615384 0.016826923076923076 0.04807692307692308
2 0.39783653846153844 0.47475961538461536 0.009615384615384616 0.038461538461538464
2 0.5961538461538461 0.5264423076923077 0.01201923076923077 0.04807692307692308
1 0.014423076923076924 0.5012019230769231 0.014423076923076924 0.04807692307692308
2 0.3004807692307692 0.7391826923076923 0.019230769230769232 0.06009615384615385
2 0.515625 0.6225961538461539 0.009615384615384616 0.05048076923076923
2 0.7103365384615384 0.8161057692307693 0.021634615384615384 0.07451923076923077
2 0.20552884615384615 0.5925480769230769 0.014423076923076924 0.04807692307692308
2 0.7620192307692307 0.6706730769230769 0.01201923076923077 0.057692307692307696
3 0.6634615384615384 0.3942307692307692 0.01201923076923077 0.036057692307692304
0 0.3485576923076923 0.6117788461538461 0.007211538461538462 0.01201923076923077