2 0.4495192307692308 0.3389423076923077 0.016826923076923076 0.040865384615384616
2 0.5408653846153846 0.3713942307692308 0.014423076923076924 0.036057692307692304
2 0.42427884615384615 0.35336538461538464 0.016826923076923076 0.038461538461538464
2 0.5324519230769231 0.3701923076923077 0.016826923076923076 0.038461538461538464
2 0.3858173076923077 0.36899038461538464 0.016826923076923076 0.036057692307692304
2 0.7572115384615384 0.4182692307692308 0.02403846153846154 0.04567307692307692
2 0.484375 0.3786057692307692 0.019230769230769232 0.038461538461538464
1 0.96875 0.5420673076923077 0.019230769230769232 0.052884615384615384
2 0.2800480769230769 0.36899038461538464 0.019230769230769232 0.038461538461538464
2 0.5600961538461539 0.4543269230769231 0.016826923076923076 0.04807692307692308
2 0.42908653846153844 0.42788461538461536 0.019230769230769232 0.04567307692307692
2 0.3269230769230769 0.3918269230769231 0.016826923076923076 0.04326923076923077
2 0.5288461538461539 0.46153846153846156 0.019230769230769232 0.04567307692307692
2 0.6201923076923077 0.5456730769230769 0.016826923076923076 0.055288461538461536
3 0.36177884615384615 0.41225961538461536 0.021634615384615384 0.04807692307692308
2 0.21634615384615385 0.39903846153846156 0.019230769230769232 0.04807692307692308
2 0.8713942307692307 0.6658653846153846 0.026442307692307692 0.0625
2 0.38461538461538464 0.5949519230769231 0.028846153846153848 0.06490384615384616
2 0.7439903846153846 0.47115384615384615 0.021634615384615384 0.04567307692307692
3 0.12139423076923077 0.8329326923076923 0.038461538461538464 0.0889423076923077
2 0.23076923076923078 0.5985576923076923 0.021634615384615384 0.06490384615384616
2 0.1971153846153846 0.5072115384615384 0.02403846153846154 0.0625
3 0.6911057692307693 0.3629807692307692 0.016826923076923076 0.036057692307692304
0 0.4375 0.375 0.009615384615384616 0.01201923076923077
2 0.43149038461538464 0.41225961538461536 0.019230769230769232 0.04567307692307692