0 0.10336538461538461 0.6911057692307693 0.009615384615384616 0.016826923076923076
2 0.28365384615384615 0.4074519230769231 0.009615384615384616 0.052884615384615384
2 0.13581730769230768 0.6237980769230769 0.019230769230769232 0.07451923076923077
2 0.35336538461538464 0.38461538461538464 0.01201923076923077 0.06490384615384616
1 0.19951923076923078 0.36177884615384615 0.014423076923076924 0.06009615384615385
2 0.4735576923076923 0.4098557692307692 0.014423076923076924 0.06009615384615385
2 0.33413461538461536 0.3737980769230769 0.014423076923076924 0.0625
2 0.328125 0.4879807692307692 0.016826923076923076 0.0625
2 0.39663461538461536 0.34615384615384615 0.01201923076923077 0.057692307692307696
2 0.29447115384615385 0.4098557692307692 0.016826923076923076 0.0625
2 0.46634615384615385 0.3557692307692308 0.014423076923076924 0.057692307692307696
2 0.45913461538461536 0.3329326923076923 0.01201923076923077 0.055288461538461536
2 0.375 0.4074519230769231 0.014423076923076924 0.0625
3 0.4987980769230769 0.4074519230769231 0.01201923076923077 0.0625
2 0.15985576923076922 0.6502403846153846 0.028846153846153848 0.052884615384615384
2 0.3798076923076923 0.515625 0.021634615384615384 0.07211538461538461
2 0.6514423076923077 0.36658653846153844 0.01201923076923077 0.057692307692307696
2 0.12740384615384615 0.6826923076923077 0.02403846153846154 0.08413461538461539
2 0.34615384615384615 0.6237980769230769 0.02403846153846154 0.07451923076923077
2 0.4807692307692308 0.6057692307692307 0.019230769230769232 0.08413461538461539
2 0.6826923076923077 0.49278846153846156 0.016826923076923076 0.0673076923076923
2 0.8882211538461539 0.6141826923076923 0.021634615384615384 0.09134615384615384
2 0.8798076923076923 0.4026442307692308 0.016826923076923076 0.0673076923076923