2 0.3629807692307692 0.5180288461538461 0.008413461538461538 0.04807692307692308
3 0.09014423076923077 0.9387019230769231 0.02283653846153846 0.07451923076923077
2 0.47475961538461536 0.4338942307692308 0.009615384615384616 0.038461538461538464
2 0.359375 0.5228365384615384 0.010817307692307692 0.055288461538461536
0 0.019230769230769232 0.3701923076923077 0.008413461538461538 0.013221153846153846
2 0.5973557692307693 0.4567307692307692 0.009615384615384616 0.04567307692307692
2 0.36538461538461536 0.4110576923076923 0.009615384615384616 0.046875
2 0.609375 0.4423076923076923 0.009615384615384616 0.04326923076923077
2 0.42788461538461536 0.8137019230769231 0.014423076923076924 0.07692307692307693
2 0.4831730769230769 0.4807692307692308 0.009615384615384616 0.04567307692307692
3 0.5576923076923077 0.5649038461538461 0.010817307692307692 0.0625
2 0.5625 0.5180288461538461 0.010817307692307692 0.054086538461538464
2 0.5300480769230769 0.49399038461538464 0.010817307692307692 0.04807692307692308
2 0.1814903846153846 0.6322115384615384 0.015625 0.0673076923076923
2 0.6502403846153846 0.484375 0.01201923076923077 0.054086538461538464
2 0.2980769230769231 0.4675480769230769 0.010817307692307692 0.052884615384615384
2 0.7620192307692307 0.6346153846153846 0.01201923076923077 0.0673076923076923
2 0.6237980769230769 0.5685096153846154 0.013221153846153846 0.057692307692307696
2 0.41947115384615385 0.609375 0.01201923076923077 0.06610576923076923
2 0.43028846153846156 0.6682692307692307 0.015625 0.0673076923076923
2 0.7055288461538461 0.5504807692307693 0.014423076923076924 0.05889423076923077
2 0.7644230769230769 0.7980769230769231 0.019230769230769232 0.08173076923076923
2 0.5661057692307693 0.7103365384615384 0.014423076923076924 0.0673076923076923
3 0.5949519230769231 0.3762019230769231 0.010817307692307692 0.039663461538461536
0 0.36658653846153844 0.43028846153846156 0.003605769230769231 0.008413461538461538