2 0.6081730769230769 0.6598557692307693 0.016826923076923076 0.02283653846153846
2 0.45552884615384615 0.4423076923076923 0.007211538461538462 0.039663461538461536
2 0.38822115384615385 0.39903846153846156 0.008413461538461538 0.025240384615384616
2 0.4495192307692308 0.4362980769230769 0.007211538461538462 0.027644230769230768
2 0.6021634615384616 0.6622596153846154 0.016826923076923076 0.025240384615384616
3 0.34375 0.3894230769230769 0.007211538461538462 0.03365384615384615
3 0.8173076923076923 0.890625 0.013221153846153846 0.06971153846153846
2 0.3942307692307692 0.4026442307692308 0.007211538461538462 0.03125
2 0.46033653846153844 0.421875 0.01201923076923077 0.037259615384615384
2 0.5769230769230769 0.41346153846153844 0.010817307692307692 0.030048076923076924
2 0.5925480769230769 0.4170673076923077 0.01201923076923077 0.030048076923076924
2 0.3798076923076923 0.4495192307692308 0.01201923076923077 0.038461538461538464
3 0.46875 0.47836538461538464 0.008413461538461538 0.04326923076923077
2 0.5985576923076923 0.6995192307692307 0.016826923076923076 0.06370192307692307
1 0.008413461538461538 0.49158653846153844 0.009615384615384616 0.04447115384615385
2 0.7115384615384616 0.46033653846153844 0.009615384615384616 0.04447115384615385
2 0.27524038461538464 0.4254807692307692 0.010817307692307692 0.037259615384615384
2 0.4795673076923077 0.44350961538461536 0.008413461538461538 0.038461538461538464
2 0.2668269230769231 0.49278846153846156 0.009615384615384616 0.04567307692307692
2 0.5805288461538461 0.49278846153846156 0.009615384615384616 0.04447115384615385
2 0.5637019230769231 0.5841346153846154 0.015625 0.05048076923076923
2 0.7463942307692307 0.5048076923076923 0.010817307692307692 0.046875
2 0.4519230769230769 0.5096153846153846 0.01201923076923077 0.04567307692307692
2 0.765625 0.5036057692307693 0.013221153846153846 0.046875
2 0.28125 0.5288461538461539 0.01201923076923077 0.046875