2 0.5336538461538461 0.46634615384615385 0.016826923076923076 0.036057692307692304
2 0.453125 0.49158653846153844 0.016826923076923076 0.05048076923076923
1 0.1622596153846154 0.4567307692307692 0.021634615384615384 0.05048076923076923
2 0.23076923076923078 0.5516826923076923 0.016826923076923076 0.057692307692307696
2 0.31850961538461536 0.47475961538461536 0.016826923076923076 0.052884615384615384
2 0.32211538461538464 0.5492788461538461 0.016826923076923076 0.057692307692307696
2 0.4098557692307692 0.40625 0.019230769230769232 0.04807692307692308
2 0.5420673076923077 0.4963942307692308 0.03125 0.06009615384615385
2 0.24278846153846154 0.5865384615384616 0.021634615384615384 0.057692307692307696
2 0.32211538461538464 0.5961538461538461 0.021634615384615384 0.06490384615384616
2 0.44350961538461536 0.4182692307692308 0.019230769230769232 0.04567307692307692
2 0.2848557692307692 0.5865384615384616 0.019230769230769232 0.040865384615384616
2 0.6610576923076923 0.3942307692307692 0.019230769230769232 0.04807692307692308
2 0.43509615384615385 0.5192307692307693 0.019230769230769232 0.052884615384615384
2 0.4483173076923077 0.5264423076923077 0.02403846153846154 0.057692307692307696
3 0.4074519230769231 0.5072115384615384 0.02403846153846154 0.057692307692307696
3 0.08052884615384616 0.7692307692307693 0.036057692307692304 0.07451923076923077
2 0.5661057692307693 0.4951923076923077 0.021634615384615384 0.057692307692307696
2 0.3016826923076923 0.6754807692307693 0.021634615384615384 0.0673076923076923
2 0.65625 0.5504807692307693 0.026442307692307692 0.07451923076923077
2 0.8834134615384616 0.46153846153846156 0.021634615384615384 0.0625
2 0.703125 0.5492788461538461 0.02403846153846154 0.06490384615384616
2 0.5240384615384616 0.6213942307692307 0.03125 0.0673076923076923
3 0.8713942307692307 0.27163461538461536 0.014423076923076924 0.038461538461538464
0 0.46634615384615385 0.5264423076923077 0.009615384615384616 0.014423076923076924