2 0.4699519230769231 0.6586538461538461 0.019230769230769232 0.05048076923076923
2 0.4170673076923077 0.38461538461538464 0.01201923076923077 0.036057692307692304
3 0.5576923076923077 0.5528846153846154 0.01201923076923077 0.05048076923076923
2 0.6694711538461539 0.45913461538461536 0.009615384615384616 0.040865384615384616
2 0.26802884615384615 0.5552884615384616 0.026442307692307692 0.05048076923076923
2 0.5432692307692307 0.43028846153846156 0.01201923076923077 0.038461538461538464
2 0.53125 0.484375 0.01201923076923077 0.04567307692307692
2 0.46875 0.47716346153846156 0.01201923076923077 0.04326923076923077
2 0.27524038461538464 0.44471153846153844 0.01201923076923077 0.04567307692307692
2 0.48197115384615385 0.6790865384615384 0.021634615384615384 0.057692307692307696
2 0.6442307692307693 0.8076923076923077 0.019230769230769232 0.07451923076923077
2 0.16466346153846154 0.5721153846153846 0.016826923076923076 0.055288461538461536
2 0.6935096153846154 0.484375 0.014423076923076924 0.04807692307692308
2 0.4495192307692308 0.7908653846153846 0.02403846153846154 0.07211538461538461
3 0.006009615384615385 0.8197115384615384 0.01201923076923077 0.07692307692307693
2 0.6177884615384616 0.5384615384615384 0.014423076923076924 0.052884615384615384
2 0.28125 0.6454326923076923 0.019230769230769232 0.057692307692307696
2 0.7007211538461539 0.5372596153846154 0.01201923076923077 0.055288461538461536
2 0.7620192307692307 0.5637019230769231 0.014423076923076924 0.052884615384615384
2 0.7355769230769231 0.7451923076923077 0.019230769230769232 0.0673076923076923
2 0.5240384615384616 0.7536057692307693 0.02403846153846154 0.06490384615384616
0 0.4495192307692308 0.8112980769230769 0.007211538461538462 0.014423076923076924
3 0.6706730769230769 0.36899038461538464 0.009615384615384616 0.03365384615384615
2 0.6694711538461539 0.4387019230769231 0.009615384615384616 0.038461538461538464