0 0.17668269230769232 0.5817307692307693 0.004807692307692308 0.01201923076923077
2 0.38100961538461536 0.4230769230769231 0.007211538461538462 0.036057692307692304
2 0.45913461538461536 0.45913461538461536 0.009615384615384616 0.036057692307692304
2 0.5540865384615384 0.46153846153846156 0.009615384615384616 0.040865384615384616
2 0.44711538461538464 0.6887019230769231 0.014423076923076924 0.05048076923076923
3 0.5420673076923077 0.5240384615384616 0.007211538461538462 0.04567307692307692
2 0.7475961538461539 0.4879807692307692 0.014423076923076924 0.040865384615384616
2 0.234375 0.49158653846153844 0.01201923076923077 0.04567307692307692
1 0.01201923076923077 0.5336538461538461 0.009615384615384616 0.05048076923076923
2 0.6310096153846154 0.4579326923076923 0.009615384615384616 0.040865384615384616
2 0.4254807692307692 0.49399038461538464 0.009615384615384616 0.040865384615384616
2 0.8461538461538461 0.5528846153846154 0.014423076923076924 0.05048076923076923
2 0.18990384615384615 0.5420673076923077 0.014423076923076924 0.04807692307692308
2 0.6971153846153846 0.4951923076923077 0.009615384615384616 0.04567307692307692
2 0.2956730769230769 0.6021634615384616 0.021634615384615384 0.04326923076923077
2 0.30649038461538464 0.5372596153846154 0.009615384615384616 0.04807692307692308
2 0.7908653846153846 0.8137019230769231 0.019230769230769232 0.07211538461538461
2 0.7596153846153846 0.6514423076923077 0.014423076923076924 0.057692307692307696
2 0.34615384615384615 0.5456730769230769 0.009615384615384616 0.04807692307692308
2 0.5649038461538461 0.6177884615384616 0.009615384615384616 0.052884615384615384
2 0.1310096153846154 0.5985576923076923 0.01201923076923077 0.052884615384615384
2 0.6394230769230769 0.5384615384615384 0.014423076923076924 0.05048076923076923
2 0.7403846153846154 0.5673076923076923 0.009615384615384616 0.052884615384615384
3 0.671875 0.40384615384615385 0.009615384615384616 0.036057692307692304