2 0.3233173076923077 0.40625 0.02403846153846154 0.040865384615384616
1 0.22235576923076922 0.41466346153846156 0.021634615384615384 0.036057692307692304
2 0.3389423076923077 0.40625 0.016826923076923076 0.04567307692307692
2 0.32091346153846156 0.4423076923076923 0.02403846153846154 0.04326923076923077
2 0.45913461538461536 0.4206730769230769 0.019230769230769232 0.04567307692307692
2 0.27403846153846156 0.43149038461538464 0.026442307692307692 0.04807692307692308
2 0.09975961538461539 0.4795673076923077 0.021634615384615384 0.04807692307692308
2 0.46033653846153844 0.4519230769230769 0.02403846153846154 0.04807692307692308
3 0.4831730769230769 0.47716346153846156 0.016826923076923076 0.057692307692307696
2 0.14423076923076922 0.46033653846153844 0.019230769230769232 0.05048076923076923
2 0.40865384615384615 0.421875 0.014423076923076924 0.04326923076923077
2 0.34375 0.45552884615384615 0.028846153846153848 0.052884615384615384
2 0.26322115384615385 0.47716346153846156 0.019230769230769232 0.06009615384615385
2 0.3641826923076923 0.5024038461538461 0.021634615384615384 0.06009615384615385
2 0.6117788461538461 0.4543269230769231 0.021634615384615384 0.055288461538461536
2 0.15144230769230768 0.49759615384615385 0.02403846153846154 0.057692307692307696
2 0.359375 0.5769230769230769 0.026442307692307692 0.06490384615384616
2 0.8473557692307693 0.5432692307692307 0.019230769230769232 0.06009615384615385
2 0.2824519230769231 0.5384615384615384 0.021634615384615384 0.07211538461538461
2 0.7884615384615384 0.6646634615384616 0.026442307692307692 0.07451923076923077
2 0.7331730769230769 0.6033653846153846 0.021634615384615384 0.06490384615384616
2 0.49399038461538464 0.6262019230769231 0.028846153846153848 0.07692307692307693
0 0.09254807692307693 0.4951923076923077 0.009615384615384616 0.016826923076923076