0 0.19591346153846154 0.6177884615384616 0.007211538461538462 0.01201923076923077
3 0.02403846153846154 0.7451923076923077 0.021634615384615384 0.06971153846153846
2 0.22596153846153846 0.5877403846153846 0.026442307692307692 0.028846153846153848
1 0.16466346153846154 0.453125 0.021634615384615384 0.04326923076923077
2 0.3425480769230769 0.4987980769230769 0.016826923076923076 0.04567307692307692
2 0.17067307692307693 0.6069711538461539 0.019230769230769232 0.04326923076923077
2 0.19951923076923078 0.5480769230769231 0.019230769230769232 0.052884615384615384
2 0.2608173076923077 0.5709134615384616 0.016826923076923076 0.04807692307692308
2 0.4723557692307692 0.47115384615384615 0.01201923076923077 0.04807692307692308
3 0.4074519230769231 0.5120192307692307 0.01201923076923077 0.05048076923076923
2 0.3329326923076923 0.4326923076923077 0.016826923076923076 0.04326923076923077
2 0.15384615384615385 0.5997596153846154 0.016826923076923076 0.052884615384615384
2 0.6634615384615384 0.4098557692307692 0.014423076923076924 0.04326923076923077
2 0.28125 0.484375 0.014423076923076924 0.04807692307692308
2 0.30528846153846156 0.5625 0.014423076923076924 0.05048076923076923
2 0.44591346153846156 0.5432692307692307 0.014423076923076924 0.057692307692307696
2 0.39302884615384615 0.4206730769230769 0.016826923076923076 0.040865384615384616
2 0.3737980769230769 0.6129807692307693 0.014423076923076924 0.0625
2 0.43149038461538464 0.6610576923076923 0.016826923076923076 0.0673076923076923
2 0.23076923076923078 0.6334134615384616 0.016826923076923076 0.06009615384615385
2 0.5192307692307693 0.5612980769230769 0.014423076923076924 0.0625
2 0.65625 0.6334134615384616 0.019230769230769232 0.06971153846153846
2 0.6850961538461539 0.6213942307692307 0.021634615384615384 0.0625
2 0.8497596153846154 0.5192307692307693 0.014423076923076924 0.055288461538461536
3 0.8473557692307693 0.31971153846153844 0.01201923076923077 0.038461538461538464