3 0.5072115384615384 0.49759615384615385 0.019230769230769232 0.05048076923076923
2 0.6382211538461539 0.41586538461538464 0.016826923076923076 0.04326923076923077
2 0.23677884615384615 0.3942307692307692 0.021634615384615384 0.04807692307692308
2 0.296875 0.3557692307692308 0.016826923076923076 0.038461538461538464
2 0.5204326923076923 0.5264423076923077 0.02403846153846154 0.0625
2 0.4795673076923077 0.43509615384615385 0.019230769230769232 0.04807692307692308
2 0.5324519230769231 0.5697115384615384 0.019230769230769232 0.06009615384615385
2 0.6742788461538461 0.5697115384615384 0.028846153846153848 0.06490384615384616
2 0.34375 0.42427884615384615 0.016826923076923076 0.04807692307692308
2 0.5865384615384616 0.484375 0.02403846153846154 0.055288461538461536
2 0.22716346153846154 0.6129807692307693 0.028846153846153848 0.0625
2 0.3161057692307692 0.4543269230769231 0.014423076923076924 0.052884615384615384
2 0.22355769230769232 0.6682692307692307 0.038461538461538464 0.08173076923076923
2 0.22355769230769232 0.44591346153846156 0.019230769230769232 0.055288461538461536
2 0.09975961538461539 0.4963942307692308 0.019230769230769232 0.06490384615384616
2 0.6370192307692307 0.5528846153846154 0.019230769230769232 0.06009615384615385
2 0.8125 0.5612980769230769 0.019230769230769232 0.0625
2 0.13341346153846154 0.4807692307692308 0.021634615384615384 0.06009615384615385
2 0.9399038461538461 0.5324519230769231 0.021634615384615384 0.055288461538461536
2 0.7800480769230769 0.47596153846153844 0.02403846153846154 0.055288461538461536
2 0.4423076923076923 0.5336538461538461 0.026442307692307692 0.0625
0 0.39302884615384615 0.3641826923076923 0.007211538461538462 0.01201923076923077
3 0.7331730769230769 0.359375 0.009615384615384616 0.036057692307692304