2 0.38221153846153844 0.4206730769230769 0.016826923076923076 0.036057692307692304
2 0.6153846153846154 0.43149038461538464 0.019230769230769232 0.04326923076923077
2 0.5372596153846154 0.484375 0.02403846153846154 0.04567307692307692
2 0.6045673076923077 0.5120192307692307 0.02403846153846154 0.05048076923076923
2 0.30408653846153844 0.5072115384615384 0.021634615384615384 0.04326923076923077
2 0.5240384615384616 0.4266826923076923 0.019230769230769232 0.038461538461538464
2 0.6646634615384616 0.4423076923076923 0.02403846153846154 0.04807692307692308
2 0.6201923076923077 0.4098557692307692 0.019230769230769232 0.038461538461538464
2 0.7223557692307693 0.7379807692307693 0.040865384615384616 0.07211538461538461
2 0.5192307692307693 0.4831730769230769 0.019230769230769232 0.04567307692307692
3 0.5877403846153846 0.5745192307692307 0.028846153846153848 0.057692307692307696
3 0.12379807692307693 0.9411057692307693 0.04326923076923077 0.07932692307692307
2 0.3894230769230769 0.5925480769230769 0.02403846153846154 0.04807692307692308
2 0.19110576923076922 0.7127403846153846 0.028846153846153848 0.06009615384615385
2 0.6610576923076923 0.5096153846153846 0.026442307692307692 0.055288461538461536
2 0.40384615384615385 0.6189903846153846 0.02403846153846154 0.052884615384615384
2 0.5817307692307693 0.6334134615384616 0.03125 0.06490384615384616
2 0.7199519230769231 0.5048076923076923 0.026442307692307692 0.052884615384615384
2 0.5240384615384616 0.7824519230769231 0.03125 0.06971153846153846
2 0.7584134615384616 0.6262019230769231 0.03125 0.06490384615384616
2 0.5204326923076923 0.6478365384615384 0.026442307692307692 0.06009615384615385
2 0.5733173076923077 0.7331730769230769 0.03365384615384615 0.07451923076923077
3 0.5805288461538461 0.34134615384615385 0.016826923076923076 0.03365384615384615
0 0.3954326923076923 0.6009615384615384 0.009615384615384616 0.01201923076923077