2 0.6045673076923077 0.38341346153846156 0.01201923076923077 0.036057692307692304
2 0.6466346153846154 0.38341346153846156 0.016826923076923076 0.040865384615384616
2 0.19230769230769232 0.41947115384615385 0.014423076923076924 0.052884615384615384
2 0.625 0.4110576923076923 0.01201923076923077 0.04567307692307692
2 0.3629807692307692 0.3701923076923077 0.019230769230769232 0.04326923076923077
2 0.13341346153846154 0.44471153846153844 0.016826923076923076 0.052884615384615384
2 0.41586538461538464 0.46153846153846156 0.01201923076923077 0.05048076923076923
2 0.19471153846153846 0.6550480769230769 0.02403846153846154 0.06971153846153846
2 0.20673076923076922 0.4735576923076923 0.016826923076923076 0.06009615384615385
2 0.2860576923076923 0.5036057692307693 0.019230769230769232 0.055288461538461536
3 0.5576923076923077 0.4987980769230769 0.019230769230769232 0.055288461538461536
2 0.2512019230769231 0.5288461538461539 0.021634615384615384 0.06490384615384616
2 0.796875 0.45913461538461536 0.019230769230769232 0.05048076923076923
2 0.7716346153846154 0.5372596153846154 0.026442307692307692 0.0625
2 0.8269230769230769 0.6213942307692307 0.021634615384615384 0.0625
2 0.43149038461538464 0.5853365384615384 0.019230769230769232 0.0673076923076923
2 0.6430288461538461 0.4735576923076923 0.021634615384615384 0.055288461538461536
2 0.3004807692307692 0.6766826923076923 0.026442307692307692 0.07932692307692307
2 0.7572115384615384 0.6009615384615384 0.02403846153846154 0.06490384615384616
2 0.8257211538461539 0.5384615384615384 0.026442307692307692 0.0625
2 0.6454326923076923 0.5889423076923077 0.02403846153846154 0.0673076923076923
3 0.703125 0.36177884615384615 0.014423076923076924 0.038461538461538464
0 0.6153846153846154 0.39783653846153844 0.004807692307692308 0.009615384615384616