2 0.625 0.6850961538461539 0.019230769230769232 0.02403846153846154
2 0.4411057692307692 0.4567307692307692 0.01201923076923077 0.04326923076923077
2 0.3641826923076923 0.41586538461538464 0.01201923076923077 0.028846153846153848
2 0.4338942307692308 0.4519230769230769 0.009615384615384616 0.03125
2 0.6189903846153846 0.6862980769230769 0.021634615384615384 0.028846153846153848
3 0.31490384615384615 0.40865384615384615 0.009615384615384616 0.038461538461538464
3 0.8725961538461539 0.9206730769230769 0.019230769230769232 0.07692307692307693
2 0.3713942307692308 0.4182692307692308 0.01201923076923077 0.036057692307692304
2 0.44471153846153844 0.43509615384615385 0.016826923076923076 0.040865384615384616
2 0.5721153846153846 0.4170673076923077 0.014423076923076924 0.03365384615384615
2 0.5901442307692307 0.4206730769230769 0.014423076923076924 0.03365384615384615
2 0.359375 0.47115384615384615 0.016826923076923076 0.04326923076923077
3 0.45913461538461536 0.4951923076923077 0.01201923076923077 0.04807692307692308
2 0.6189903846153846 0.7295673076923077 0.02403846153846154 0.07211538461538461
2 0.7223557692307693 0.4579326923076923 0.014423076923076924 0.05048076923076923
2 0.2439903846153846 0.453125 0.014423076923076924 0.040865384615384616
2 0.4675480769230769 0.4567307692307692 0.01201923076923077 0.04326923076923077
2 0.23918269230769232 0.5276442307692307 0.014423076923076924 0.05048076923076923
2 0.5817307692307693 0.5036057692307693 0.014423076923076924 0.05048076923076923
2 0.5709134615384616 0.6045673076923077 0.021634615384615384 0.055288461538461536
2 0.7644230769230769 0.5036057692307693 0.014423076923076924 0.05048076923076923
2 0.4423076923076923 0.5324519230769231 0.016826923076923076 0.05048076923076923
2 0.7848557692307693 0.5012019230769231 0.016826923076923076 0.052884615384615384
2 0.25600961538461536 0.5661057692307693 0.016826923076923076 0.052884615384615384