2 0.6514423076923077 0.5817307692307693 0.014423076923076924 0.052884615384615384
2 0.25721153846153844 0.5120192307692307 0.01201923076923077 0.036057692307692304
2 0.46875 0.4639423076923077 0.009615384615384616 0.04326923076923077
2 0.35216346153846156 0.4411057692307692 0.009615384615384616 0.03365384615384615
2 0.6514423076923077 0.5889423076923077 0.019230769230769232 0.057692307692307696
2 0.5757211538461539 0.39663461538461536 0.01201923076923077 0.03365384615384615
2 0.30408653846153844 0.4567307692307692 0.009615384615384616 0.038461538461538464
2 0.49399038461538464 0.4362980769230769 0.009615384615384616 0.03365384615384615
3 0.4807692307692308 0.5132211538461539 0.009615384615384616 0.04326923076923077
2 0.8076923076923077 0.5240384615384616 0.01201923076923077 0.040865384615384616
2 0.7283653846153846 0.45913461538461536 0.009615384615384616 0.040865384615384616
2 0.31490384615384615 0.47836538461538464 0.009615384615384616 0.04326923076923077
2 0.25721153846153844 0.546875 0.01201923076923077 0.052884615384615384
2 0.8401442307692307 0.5625 0.016826923076923076 0.04807692307692308
2 0.5949519230769231 0.4723557692307692 0.009615384615384616 0.038461538461538464
2 0.3954326923076923 0.5192307692307693 0.01201923076923077 0.04807692307692308
1 0.9855769230769231 0.5144230769230769 0.014423076923076924 0.05048076923076923
2 0.6850961538461539 0.7463942307692307 0.019230769230769232 0.0625
2 0.47115384615384615 0.6201923076923077 0.009615384615384616 0.05048076923076923
2 0.2668269230769231 0.8100961538461539 0.021634615384615384 0.07451923076923077
2 0.7884615384615384 0.5997596153846154 0.014423076923076924 0.05048076923076923
2 0.22115384615384615 0.6598557692307693 0.01201923076923077 0.057692307692307696
3 0.33052884615384615 0.38461538461538464 0.01201923076923077 0.036057692307692304
0 0.640625 0.6141826923076923 0.007211538461538462 0.01201923076923077