2 0.30408653846153844 0.359375 0.026442307692307692 0.04326923076923077
1 0.1971153846153846 0.3629807692307692 0.02403846153846154 0.038461538461538464
2 0.31971153846153844 0.3581730769230769 0.019230769230769232 0.05048076923076923
2 0.3016826923076923 0.3954326923076923 0.026442307692307692 0.04807692307692308
2 0.44711538461538464 0.3786057692307692 0.021634615384615384 0.04807692307692308
2 0.25240384615384615 0.38341346153846156 0.028846153846153848 0.05048076923076923
2 0.0673076923076923 0.4266826923076923 0.02403846153846154 0.05048076923076923
2 0.44711538461538464 0.4110576923076923 0.026442307692307692 0.052884615384615384
3 0.4699519230769231 0.4387019230769231 0.019230769230769232 0.06009615384615385
2 0.11298076923076923 0.4098557692307692 0.021634615384615384 0.055288461538461536
2 0.39302884615384615 0.37740384615384615 0.019230769230769232 0.04567307692307692
2 0.3245192307692308 0.4098557692307692 0.03125 0.055288461538461536
2 0.23918269230769232 0.43149038461538464 0.021634615384615384 0.0625
2 0.3449519230769231 0.46153846153846156 0.02403846153846154 0.0625
2 0.6069711538461539 0.41947115384615385 0.02403846153846154 0.057692307692307696
2 0.1201923076923077 0.4483173076923077 0.026442307692307692 0.06009615384615385
2 0.33653846153846156 0.5396634615384616 0.028846153846153848 0.0673076923076923
2 0.8497596153846154 0.5216346153846154 0.021634615384615384 0.06490384615384616
2 0.25600961538461536 0.4963942307692308 0.026442307692307692 0.07692307692307693
2 0.7848557692307693 0.6466346153846154 0.028846153846153848 0.07932692307692307
2 0.7283653846153846 0.5805288461538461 0.02403846153846154 0.06971153846153846
2 0.47596153846153844 0.5961538461538461 0.03125 0.07932692307692307
0 0.05889423076923077 0.4423076923076923 0.009615384615384616 0.016826923076923076