0 0.06610576923076923 0.6262019230769231 0.009615384615384616 0.016826923076923076
2 0.29447115384615385 0.41586538461538464 0.021634615384615384 0.04807692307692308
2 0.11057692307692307 0.5745192307692307 0.03125 0.06971153846153846
2 0.3629807692307692 0.4110576923076923 0.02403846153846154 0.06009615384615385
1 0.23076923076923078 0.3545673076923077 0.02403846153846154 0.055288461538461536
2 0.46274038461538464 0.4639423076923077 0.026442307692307692 0.057692307692307696
2 0.3485576923076923 0.39903846153846156 0.026442307692307692 0.06009615384615385
2 0.3161057692307692 0.4987980769230769 0.028846153846153848 0.06009615384615385
2 0.4098557692307692 0.38822115384615385 0.02403846153846154 0.052884615384615384
2 0.30288461538461536 0.41947115384615385 0.028846153846153848 0.057692307692307696
2 0.4699519230769231 0.41346153846153844 0.02403846153846154 0.055288461538461536
2 0.46875 0.390625 0.021634615384615384 0.05048076923076923
2 0.375 0.4375 0.026442307692307692 0.057692307692307696
3 0.4855769230769231 0.4675480769230769 0.02403846153846154 0.057692307692307696
2 0.12620192307692307 0.6021634615384616 0.038461538461538464 0.052884615384615384
2 0.3545673076923077 0.5360576923076923 0.03365384615384615 0.0673076923076923
2 0.6334134615384616 0.4675480769230769 0.021634615384615384 0.052884615384615384
2 0.09014423076923077 0.6262019230769231 0.038461538461538464 0.07932692307692307
2 0.29927884615384615 0.625 0.036057692307692304 0.07211538461538461
2 0.4230769230769231 0.640625 0.03365384615384615 0.07932692307692307
2 0.6298076923076923 0.5877403846153846 0.03125 0.06490384615384616
2 0.7848557692307693 0.7451923076923077 0.038461538461538464 0.08653846153846154
2 0.828125 0.5540865384615384 0.028846153846153848 0.0625