1 0.003605769230769231 0.5036057692307693 0.007211538461538462 0.037259615384615384
2 0.4074519230769231 0.3918269230769231 0.009615384615384616 0.03365384615384615
2 0.625 0.46153846153846156 0.007211538461538462 0.042067307692307696
2 0.5384615384615384 0.49158653846153844 0.01201923076923077 0.04326923076923077
2 0.5949519230769231 0.5360576923076923 0.010817307692307692 0.04927884615384615
2 0.3125 0.4543269230769231 0.010817307692307692 0.040865384615384616
2 0.5408653846153846 0.4338942307692308 0.008413461538461538 0.037259615384615384
2 0.6694711538461539 0.484375 0.013221153846153846 0.04447115384615385
2 0.6358173076923077 0.4423076923076923 0.007211538461538462 0.038461538461538464
2 0.6502403846153846 0.7800480769230769 0.021634615384615384 0.0673076923076923
2 0.5216346153846154 0.48677884615384615 0.007211538461538462 0.04326923076923077
3 0.5625 0.5901442307692307 0.014423076923076924 0.055288461538461536
3 0.03125 0.8209134615384616 0.02403846153846154 0.07572115384615384
2 0.3701923076923077 0.5564903846153846 0.010817307692307692 0.04567307692307692
2 0.15384615384615385 0.6201923076923077 0.014423076923076924 0.057692307692307696
2 0.6490384615384616 0.546875 0.014423076923076924 0.051682692307692304
2 0.37740384615384615 0.5853365384615384 0.010817307692307692 0.05048076923076923
2 0.5432692307692307 0.6454326923076923 0.014423076923076924 0.06129807692307692
2 0.7067307692307693 0.5576923076923077 0.01201923076923077 0.05048076923076923
2 0.4519230769230769 0.7704326923076923 0.013221153846153846 0.0673076923076923
2 0.7127403846153846 0.6826923076923077 0.014423076923076924 0.06129807692307692
2 0.48197115384615385 0.6430288461538461 0.01201923076923077 0.05889423076923077
2 0.5096153846153846 0.7367788461538461 0.014423076923076924 0.07091346153846154
3 0.6153846153846154 0.36778846153846156 0.008413461538461538 0.03245192307692308
0 0.3737980769230769 0.5673076923076923 0.006009615384615385 0.009615384615384616