2 0.27163461538461536 0.4170673076923077 0.014423076923076924 0.036057692307692304
2 0.2980769230769231 0.4855769230769231 0.014423076923076924 0.052884615384615384
1 0.16105769230769232 0.46634615384615385 0.021634615384615384 0.06009615384615385
2 0.43990384615384615 0.5877403846153846 0.03125 0.0673076923076923
2 0.4423076923076923 0.6442307692307693 0.03365384615384615 0.0625
2 0.2692307692307692 0.44711538461538464 0.019230769230769232 0.057692307692307696
2 0.2439903846153846 0.6670673076923077 0.026442307692307692 0.07451923076923077
2 0.49278846153846156 0.484375 0.021634615384615384 0.06490384615384616
2 0.31850961538461536 0.48677884615384615 0.021634615384615384 0.057692307692307696
2 0.3894230769230769 0.4387019230769231 0.021634615384615384 0.055288461538461536
2 0.40625 0.6658653846153846 0.02403846153846154 0.07932692307692307
2 0.15745192307692307 0.6862980769230769 0.028846153846153848 0.07451923076923077
2 0.29927884615384615 0.5420673076923077 0.02403846153846154 0.07211538461538461
2 0.7487980769230769 0.7536057692307693 0.038461538461538464 0.08173076923076923
3 0.49278846153846156 0.546875 0.02403846153846154 0.07211538461538461
2 0.4254807692307692 0.6923076923076923 0.028846153846153848 0.0889423076923077
2 0.22115384615384615 0.6682692307692307 0.02403846153846154 0.07211538461538461
2 0.12139423076923077 0.5600961538461539 0.021634615384615384 0.07211538461538461
2 0.7608173076923077 0.7211538461538461 0.03125 0.08413461538461539
2 0.7247596153846154 0.45913461538461536 0.021634615384615384 0.06971153846153846
2 0.5348557692307693 0.6670673076923077 0.028846153846153848 0.08653846153846154
2 0.9170673076923077 0.5973557692307693 0.038461538461538464 0.08413461538461539
0 0.4387019230769231 0.6646634615384616 0.007211538461538462 0.01201923076923077