0 0.17067307692307693 0.5132211538461539 0.007211538461538462 0.01201923076923077
2 0.39663461538461536 0.39302884615384615 0.01201923076923077 0.03365384615384615
2 0.46634615384615385 0.4423076923076923 0.014423076923076924 0.036057692307692304
2 0.5588942307692307 0.46153846153846156 0.016826923076923076 0.040865384615384616
2 0.41346153846153844 0.6634615384615384 0.021634615384615384 0.052884615384615384
3 0.5360576923076923 0.5216346153846154 0.014423076923076924 0.04567307692307692
2 0.7415865384615384 0.5216346153846154 0.019230769230769232 0.04326923076923077
2 0.24158653846153846 0.4362980769230769 0.019230769230769232 0.04567307692307692
1 0.018028846153846152 0.4387019230769231 0.016826923076923076 0.05048076923076923
2 0.6334134615384616 0.47115384615384615 0.014423076923076924 0.038461538461538464
2 0.4266826923076923 0.47115384615384615 0.014423076923076924 0.040865384615384616
2 0.8257211538461539 0.6009615384615384 0.021634615384615384 0.05048076923076923
2 0.18870192307692307 0.47716346153846156 0.021634615384615384 0.05048076923076923
2 0.6911057692307693 0.5192307692307693 0.016826923076923076 0.04326923076923077
2 0.28365384615384615 0.5540865384615384 0.026442307692307692 0.04567307692307692
2 0.30288461538461536 0.49158653846153844 0.016826923076923076 0.04807692307692308
2 0.7259615384615384 0.8449519230769231 0.028846153846153848 0.07451923076923077
2 0.7259615384615384 0.6814903846153846 0.021634615384615384 0.057692307692307696
2 0.3401442307692308 0.5072115384615384 0.016826923076923076 0.04807692307692308
2 0.5408653846153846 0.6165865384615384 0.016826923076923076 0.052884615384615384
2 0.12259615384615384 0.5228365384615384 0.019230769230769232 0.052884615384615384
2 0.6274038461538461 0.5504807692307693 0.021634615384615384 0.05048076923076923
2 0.7211538461538461 0.5961538461538461 0.014423076923076924 0.052884615384615384
3 0.6802884615384616 0.4266826923076923 0.014423076923076924 0.036057692307692304