0 0.8653846153846154 0.5612980769230769 0.004807692307692308 0.01201923076923077
2 0.8966346153846154 0.5673076923076923 0.016826923076923076 0.03365384615384615
2 0.8942307692307693 0.6009615384615384 0.016826923076923076 0.055288461538461536
1 0.8774038461538461 0.40024038461538464 0.014423076923076924 0.04807692307692308
3 0.9903846153846154 0.6911057692307693 0.01201923076923077 0.07211538461538461
2 0.8966346153846154 0.6237980769230769 0.014423076923076924 0.0625
2 0.5901442307692307 0.3786057692307692 0.014423076923076924 0.04326923076923077
2 0.32572115384615385 0.3798076923076923 0.009615384615384616 0.04326923076923077
2 0.6622596153846154 0.4014423076923077 0.009615384615384616 0.05048076923076923
2 0.6358173076923077 0.4495192307692308 0.01201923076923077 0.04807692307692308
2 0.4495192307692308 0.4411057692307692 0.009615384615384616 0.05048076923076923
2 0.7451923076923077 0.5564903846153846 0.009615384615384616 0.0625
2 0.8149038461538461 0.6274038461538461 0.016826923076923076 0.0673076923076923
3 0.5661057692307693 0.49759615384615385 0.016826923076923076 0.055288461538461536
2 0.546875 0.5576923076923077 0.01201923076923077 0.0625
2 0.6862980769230769 0.6009615384615384 0.016826923076923076 0.06971153846153846
2 0.8461538461538461 0.6237980769230769 0.014423076923076924 0.06490384615384616
2 0.7391826923076923 0.4519230769230769 0.016826923076923076 0.052884615384615384
2 0.3894230769230769 0.6538461538461539 0.016826923076923076 0.07692307692307693
2 0.6478365384615384 0.6983173076923077 0.016826923076923076 0.07932692307692307
2 0.6694711538461539 0.6153846153846154 0.014423076923076924 0.0673076923076923
2 0.27403846153846156 0.6778846153846154 0.02403846153846154 0.07692307692307693
2 0.4651442307692308 0.5877403846153846 0.01201923076923077 0.0625
2 0.16346153846153846 0.53125 0.019230769230769232 0.0625
3 0.18389423076923078 0.2980769230769231 0.009615384615384616 0.038461538461538464