2 0.3918269230769231 0.6598557692307693 0.016826923076923076 0.02283653846153846
2 0.5444711538461539 0.4423076923076923 0.007211538461538462 0.039663461538461536
2 0.6117788461538461 0.39903846153846156 0.008413461538461538 0.025240384615384616
2 0.5492788461538461 0.4362980769230769 0.007211538461538462 0.027644230769230768
2 0.39783653846153844 0.6622596153846154 0.016826923076923076 0.025240384615384616
3 0.65625 0.3894230769230769 0.007211538461538462 0.03365384615384615
3 0.18269230769230768 0.890625 0.013221153846153846 0.06971153846153846
2 0.6057692307692307 0.4026442307692308 0.007211538461538462 0.03125
2 0.5396634615384616 0.421875 0.01201923076923077 0.037259615384615384
2 0.4230769230769231 0.41346153846153844 0.010817307692307692 0.030048076923076924
2 0.40625 0.4170673076923077 0.01201923076923077 0.030048076923076924
2 0.6189903846153846 0.4495192307692308 0.01201923076923077 0.038461538461538464
3 0.53125 0.47836538461538464 0.008413461538461538 0.04326923076923077
2 0.4014423076923077 0.6995192307692307 0.016826923076923076 0.06370192307692307
1 0.9903846153846154 0.49158653846153844 0.009615384615384616 0.04447115384615385
2 0.28846153846153844 0.46033653846153844 0.009615384615384616 0.04447115384615385
2 0.7247596153846154 0.4254807692307692 0.010817307692307692 0.037259615384615384
2 0.5204326923076923 0.44350961538461536 0.008413461538461538 0.038461538461538464
2 0.7319711538461539 0.49278846153846156 0.009615384615384616 0.04567307692307692
2 0.4206730769230769 0.49278846153846156 0.009615384615384616 0.04447115384615385
2 0.43509615384615385 0.5841346153846154 0.015625 0.05048076923076923
2 0.2536057692307692 0.5048076923076923 0.010817307692307692 0.046875
2 0.5492788461538461 0.5096153846153846 0.01201923076923077 0.04567307692307692
2 0.23557692307692307 0.5036057692307693 0.013221153846153846 0.046875
2 0.71875 0.5288461538461539 0.01201923076923077 0.046875