0 0.12980769230769232 0.71875 0.009615384615384616 0.016826923076923076
2 0.30288461538461536 0.44591346153846156 0.009615384615384616 0.05048076923076923
2 0.16105769230769232 0.6550480769230769 0.019230769230769232 0.07211538461538461
2 0.37259615384615385 0.4230769230769231 0.009615384615384616 0.0625
1 0.22355769230769232 0.4014423076923077 0.014423076923076924 0.057692307692307696
2 0.48677884615384615 0.4483173076923077 0.014423076923076924 0.057692307692307696
2 0.35336538461538464 0.41346153846153844 0.014423076923076924 0.0625
2 0.34615384615384615 0.5240384615384616 0.016826923076923076 0.0625
2 0.41225961538461536 0.3870192307692308 0.01201923076923077 0.055288461538461536
2 0.3137019230769231 0.4483173076923077 0.016826923076923076 0.06009615384615385
2 0.4795673076923077 0.3954326923076923 0.014423076923076924 0.055288461538461536
2 0.4723557692307692 0.37259615384615385 0.01201923076923077 0.052884615384615384
2 0.3918269230769231 0.44591346153846156 0.014423076923076924 0.06009615384615385
3 0.5108173076923077 0.44591346153846156 0.01201923076923077 0.06009615384615385
2 0.18509615384615385 0.6802884615384616 0.028846153846153848 0.05048076923076923
2 0.39663461538461536 0.5504807692307693 0.019230769230769232 0.06971153846153846
2 0.6598557692307693 0.40625 0.01201923076923077 0.055288461538461536
2 0.15264423076923078 0.7127403846153846 0.02403846153846154 0.08173076923076923
2 0.3641826923076923 0.6550480769230769 0.021634615384615384 0.07211538461538461
2 0.49399038461538464 0.6370192307692307 0.019230769230769232 0.08173076923076923
2 0.6899038461538461 0.5288461538461539 0.016826923076923076 0.06490384615384616
2 0.8882211538461539 0.6454326923076923 0.021634615384615384 0.0889423076923077
2 0.8798076923076923 0.4411057692307692 0.014423076923076924 0.06490384615384616