2 0.328125 0.39783653846153844 0.016826923076923076 0.04567307692307692
2 0.41225961538461536 0.33653846153846156 0.009615384615384616 0.03365384615384615
2 0.22956730769230768 0.36899038461538464 0.014423076923076924 0.038461538461538464
2 0.31490384615384615 0.4182692307692308 0.014423076923076924 0.04807692307692308
2 0.5084134615384616 0.34375 0.009615384615384616 0.036057692307692304
2 0.2620192307692308 0.33413461538461536 0.01201923076923077 0.03125
2 0.5144230769230769 0.36899038461538464 0.016826923076923076 0.03365384615384615
2 0.3737980769230769 0.3401442307692308 0.016826923076923076 0.03365384615384615
2 0.7115384615384616 0.3894230769230769 0.01201923076923077 0.04567307692307692
2 0.49399038461538464 0.3545673076923077 0.01201923076923077 0.04326923076923077
2 0.4891826923076923 0.4326923076923077 0.016826923076923076 0.040865384615384616
2 0.22355769230769232 0.5961538461538461 0.03125 0.07211538461538461
2 0.14182692307692307 0.38461538461538464 0.014423076923076924 0.04326923076923077
2 0.6165865384615384 0.5264423076923077 0.019230769230769232 0.0625
2 0.5805288461538461 0.4362980769230769 0.014423076923076924 0.05048076923076923
2 0.8064903846153846 0.5769230769230769 0.026442307692307692 0.06009615384615385
2 0.7007211538461539 0.4338942307692308 0.019230769230769232 0.04567307692307692
2 0.13581730769230768 0.4963942307692308 0.028846153846153848 0.06009615384615385
0 0.21514423076923078 0.3641826923076923 0.004807692307692308 0.009615384615384616
2 0.2247596153846154 0.34615384615384615 0.019230769230769232 0.04326923076923077
3 0.32091346153846156 0.39903846153846156 0.021634615384615384 0.04326923076923077
3 0.6394230769230769 0.3293269230769231 0.014423076923076924 0.04326923076923077