2 0.29086538461538464 0.48677884615384615 0.026442307692307692 0.040865384615384616
1 0.20072115384615385 0.5336538461538461 0.02403846153846154 0.036057692307692304
2 0.30528846153846156 0.4795673076923077 0.021634615384615384 0.04807692307692308
2 0.30408653846153844 0.5204326923076923 0.028846153846153848 0.04567307692307692
2 0.421875 0.44591346153846156 0.02403846153846154 0.04567307692307692
2 0.25600961538461536 0.5288461538461539 0.03125 0.05048076923076923
2 0.11298076923076923 0.640625 0.026442307692307692 0.04807692307692308
2 0.4375 0.47475961538461536 0.028846153846153848 0.05048076923076923
3 0.46634615384615385 0.4891826923076923 0.02403846153846154 0.057692307692307696
2 0.1466346153846154 0.6069711538461539 0.02403846153846154 0.052884615384615384
2 0.3762019230769231 0.4675480769230769 0.019230769230769232 0.04326923076923077
2 0.3293269230769231 0.5228365384615384 0.03365384615384615 0.052884615384615384
2 0.2644230769230769 0.5769230769230769 0.026442307692307692 0.06009615384615385
2 0.36658653846153844 0.5600961538461539 0.028846153846153848 0.06009615384615385
2 0.578125 0.4170673076923077 0.028846153846153848 0.055288461538461536
2 0.16706730769230768 0.6394230769230769 0.028846153846153848 0.057692307692307696
2 0.3918269230769231 0.6310096153846154 0.03365384615384615 0.06490384615384616
2 0.8305288461538461 0.4074519230769231 0.026442307692307692 0.0625
2 0.30649038461538464 0.625 0.03125 0.07211538461538461
2 0.8245192307692307 0.5420673076923077 0.03365384615384615 0.07451923076923077
2 0.7487980769230769 0.5084134615384616 0.028846153846153848 0.0673076923076923
2 0.5372596153846154 0.6237980769230769 0.036057692307692304 0.07692307692307693
0 0.11177884615384616 0.6586538461538461 0.01201923076923077 0.016826923076923076