2 0.38221153846153844 0.6598557692307693 0.021634615384615384 0.02403846153846154
2 0.5685096153846154 0.4519230769230769 0.01201923076923077 0.04326923076923077
2 0.6454326923076923 0.41586538461538464 0.01201923076923077 0.026442307692307692
2 0.5757211538461539 0.44711538461538464 0.009615384615384616 0.028846153846153848
2 0.38822115384615385 0.6622596153846154 0.021634615384615384 0.028846153846153848
3 0.6923076923076923 0.4110576923076923 0.01201923076923077 0.036057692307692304
3 0.13581730769230768 0.8725961538461539 0.02403846153846154 0.07451923076923077
2 0.6382211538461539 0.41947115384615385 0.01201923076923077 0.03365384615384615
2 0.5673076923076923 0.43028846153846156 0.016826923076923076 0.038461538461538464
2 0.44711538461538464 0.40625 0.016826923076923076 0.03365384615384615
2 0.42908653846153844 0.40865384615384615 0.016826923076923076 0.03365384615384615
2 0.6466346153846154 0.4699519230769231 0.019230769230769232 0.04326923076923077
3 0.5504807692307693 0.4879807692307692 0.014423076923076924 0.04567307692307692
2 0.38822115384615385 0.703125 0.026442307692307692 0.06971153846153846
2 0.3004807692307692 0.4387019230769231 0.016826923076923076 0.04807692307692308
2 0.7596153846153846 0.4579326923076923 0.016826923076923076 0.038461538461538464
2 0.5444711538461539 0.4495192307692308 0.014423076923076924 0.040865384615384616
2 0.7584134615384616 0.5288461538461539 0.016826923076923076 0.04807692307692308
2 0.4338942307692308 0.4891826923076923 0.014423076923076924 0.04807692307692308
2 0.4375 0.5853365384615384 0.02403846153846154 0.055288461538461536
2 0.25961538461538464 0.4795673076923077 0.016826923076923076 0.05048076923076923
2 0.5661057692307693 0.5240384615384616 0.019230769230769232 0.05048076923076923
2 0.2403846153846154 0.47716346153846156 0.019230769230769232 0.05048076923076923
2 0.7403846153846154 0.5649038461538461 0.019230769230769232 0.05048076923076923