2 0.2956730769230769 0.3942307692307692 0.02403846153846154 0.040865384615384616
1 0.18990384615384615 0.4026442307692308 0.021634615384615384 0.036057692307692304
2 0.31009615384615385 0.3942307692307692 0.019230769230769232 0.04807692307692308
2 0.2920673076923077 0.43028846153846156 0.02403846153846154 0.04567307692307692
2 0.43509615384615385 0.40865384615384615 0.019230769230769232 0.04807692307692308
2 0.2439903846153846 0.4206730769230769 0.026442307692307692 0.04807692307692308
2 0.06370192307692307 0.46875 0.021634615384615384 0.04807692307692308
2 0.4362980769230769 0.4411057692307692 0.02403846153846154 0.05048076923076923
3 0.4579326923076923 0.4675480769230769 0.016826923076923076 0.06009615384615385
2 0.109375 0.4495192307692308 0.019230769230769232 0.052884615384615384
2 0.38341346153846156 0.4098557692307692 0.016826923076923076 0.04326923076923077
2 0.3161057692307692 0.44350961538461536 0.028846153846153848 0.052884615384615384
2 0.23197115384615385 0.46875 0.019230769230769232 0.06009615384615385
2 0.33653846153846156 0.49399038461538464 0.021634615384615384 0.0625
2 0.5925480769230769 0.44350961538461536 0.021634615384615384 0.057692307692307696
2 0.11658653846153846 0.4891826923076923 0.02403846153846154 0.06009615384615385
2 0.3317307692307692 0.5709134615384616 0.026442307692307692 0.0673076923076923
2 0.8365384615384616 0.5348557692307693 0.019230769230769232 0.0625
2 0.25240384615384615 0.53125 0.02403846153846154 0.07451923076923077
2 0.7764423076923077 0.6610576923076923 0.026442307692307692 0.07692307692307693
2 0.7175480769230769 0.5973557692307693 0.021634615384615384 0.0673076923076923
2 0.47115384615384615 0.6213942307692307 0.028846153846153848 0.07932692307692307
0 0.056490384615384616 0.4855769230769231 0.009615384615384616 0.016826923076923076