2 0.4098557692307692 0.28846153846153844 0.014423076923076924 0.036057692307692304
2 0.6153846153846154 0.24519230769230768 0.016826923076923076 0.036057692307692304
2 0.2512019230769231 0.3161057692307692 0.014423076923076924 0.038461538461538464
2 0.21033653846153846 0.30528846153846156 0.014423076923076924 0.038461538461538464
2 0.17668269230769232 0.33413461538461536 0.016826923076923076 0.04567307692307692
2 0.3137019230769231 0.3401442307692308 0.016826923076923076 0.04567307692307692
2 0.7836538461538461 0.3293269230769231 0.014423076923076924 0.04807692307692308
2 0.10336538461538461 0.45913461538461536 0.016826923076923076 0.057692307692307696
2 0.8125 0.2920673076923077 0.014423076923076924 0.04567307692307692
2 0.21153846153846154 0.3942307692307692 0.016826923076923076 0.04567307692307692
2 0.29447115384615385 0.46274038461538464 0.016826923076923076 0.057692307692307696
2 0.1502403846153846 0.36899038461538464 0.019230769230769232 0.04807692307692308
2 0.6478365384615384 0.375 0.021634615384615384 0.04807692307692308
2 0.30528846153846156 0.39783653846153844 0.021634615384615384 0.052884615384615384
3 0.46033653846153844 0.3713942307692308 0.014423076923076924 0.05048076923076923
1 0.8942307692307693 0.33774038461538464 0.021634615384615384 0.05048076923076923
2 0.10216346153846154 0.6045673076923077 0.026442307692307692 0.06490384615384616
2 0.14903846153846154 0.6622596153846154 0.02403846153846154 0.07692307692307693
2 0.16947115384615385 0.5144230769230769 0.021634615384615384 0.06490384615384616
2 0.46274038461538464 0.5733173076923077 0.028846153846153848 0.0673076923076923
2 0.5540865384615384 0.7439903846153846 0.036057692307692304 0.08173076923076923
0 0.6358173076923077 0.39783653846153844 0.009615384615384616 0.01201923076923077
3 0.6490384615384616 0.19831730769230768 0.01201923076923077 0.03365384615384615
2 0.34975961538461536 0.2403846153846154 0.016826923076923076 0.03365384615384615