2 0.4387019230769231 0.16947115384615385 0.021634615384615384 0.038461538461538464
2 0.5036057692307693 0.23918269230769232 0.021634615384615384 0.040865384615384616
3 0.5697115384615384 0.17548076923076922 0.014423076923076924 0.03365384615384615
2 0.33774038461538464 0.2247596153846154 0.019230769230769232 0.04326923076923077
2 0.49278846153846156 0.24158653846153846 0.019230769230769232 0.05048076923076923
2 0.39903846153846156 0.20432692307692307 0.016826923076923076 0.04326923076923077
2 0.33774038461538464 0.25721153846153844 0.02403846153846154 0.052884615384615384
2 0.47836538461538464 0.28125 0.019230769230769232 0.055288461538461536
2 0.36778846153846156 0.24158653846153846 0.021634615384615384 0.04807692307692308
2 0.5096153846153846 0.2956730769230769 0.016826923076923076 0.057692307692307696
2 0.6141826923076923 0.2956730769230769 0.019230769230769232 0.055288461538461536
2 0.6454326923076923 0.36177884615384615 0.019230769230769232 0.0673076923076923
2 0.6778846153846154 0.37740384615384615 0.019230769230769232 0.06490384615384616
2 0.46634615384615385 0.37259615384615385 0.021634615384615384 0.06490384615384616
2 0.25600961538461536 0.28846153846153844 0.021634615384615384 0.0625
3 0.4987980769230769 0.3737980769230769 0.021634615384615384 0.0673076923076923
2 0.6899038461538461 0.4375 0.02403846153846154 0.07211538461538461
2 0.4831730769230769 0.5384615384615384 0.026442307692307692 0.07692307692307693
2 0.6009615384615384 0.46153846153846156 0.021634615384615384 0.06971153846153846
2 0.12259615384615384 0.38461538461538464 0.026442307692307692 0.07211538461538461
2 0.7331730769230769 0.5024038461538461 0.021634615384615384 0.07211538461538461
2 0.5480769230769231 0.7367788461538461 0.03365384615384615 0.10096153846153846
0 0.3401442307692308 0.2439903846153846 0.004807692307692308 0.009615384615384616