2 0.40024038461538464 0.3112980769230769 0.016826923076923076 0.036057692307692304
2 0.6057692307692307 0.25721153846153844 0.016826923076923076 0.036057692307692304
2 0.24158653846153846 0.3473557692307692 0.016826923076923076 0.040865384615384616
2 0.20072115384615385 0.3389423076923077 0.016826923076923076 0.038461538461538464
2 0.16706730769230768 0.36899038461538464 0.019230769230769232 0.04567307692307692
2 0.30649038461538464 0.36899038461538464 0.019230769230769232 0.04567307692307692
2 0.7800480769230769 0.3329326923076923 0.016826923076923076 0.04807692307692308
2 0.10216346153846154 0.4987980769230769 0.021634615384615384 0.057692307692307696
2 0.8064903846153846 0.29447115384615385 0.016826923076923076 0.04567307692307692
2 0.20673076923076922 0.42788461538461536 0.019230769230769232 0.04567307692307692
2 0.2920673076923077 0.49399038461538464 0.021634615384615384 0.057692307692307696
2 0.14182692307692307 0.4074519230769231 0.021634615384615384 0.04807692307692308
2 0.6454326923076923 0.3858173076923077 0.02403846153846154 0.04807692307692308
2 0.3016826923076923 0.42788461538461536 0.02403846153846154 0.055288461538461536
3 0.45552884615384615 0.39302884615384615 0.016826923076923076 0.05048076923076923
1 0.8918269230769231 0.33533653846153844 0.02403846153846154 0.05048076923076923
2 0.10697115384615384 0.6466346153846154 0.03125 0.0673076923076923
2 0.15745192307692307 0.7019230769230769 0.028846153846153848 0.07932692307692307
2 0.17067307692307693 0.5516826923076923 0.026442307692307692 0.06490384615384616
2 0.4699519230769231 0.5973557692307693 0.03125 0.06971153846153846
2 0.5697115384615384 0.7632211538461539 0.038461538461538464 0.08173076923076923
0 0.6358173076923077 0.40865384615384615 0.009615384615384616 0.01201923076923077
3 0.6370192307692307 0.20673076923076922 0.014423076923076924 0.03365384615384615
2 0.33774038461538464 0.265625 0.016826923076923076 0.03365384615384615