2 0.2091346153846154 0.39903846153846156 0.021634615384615384 0.05048076923076923
2 0.15504807692307693 0.5120192307692307 0.019230769230769232 0.0673076923076923
2 0.21754807692307693 0.38341346153846156 0.019230769230769232 0.052884615384615384
2 0.33052884615384615 0.28365384615384615 0.019230769230769232 0.04567307692307692
2 0.40384615384615385 0.2608173076923077 0.026442307692307692 0.052884615384615384
2 0.3088942307692308 0.2776442307692308 0.014423076923076924 0.04326923076923077
1 0.0829326923076923 0.43149038461538464 0.019230769230769232 0.0673076923076923
2 0.14182692307692307 0.4543269230769231 0.019230769230769232 0.06009615384615385
2 0.4675480769230769 0.2776442307692308 0.019230769230769232 0.05048076923076923
2 0.30408653846153844 0.34615384615384615 0.016826923076923076 0.06009615384615385
2 0.6262019230769231 0.24519230769230768 0.021634615384615384 0.04807692307692308
2 0.17908653846153846 0.3894230769230769 0.021634615384615384 0.0625
3 0.4338942307692308 0.31490384615384615 0.019230769230769232 0.057692307692307696
2 0.2403846153846154 0.4543269230769231 0.021634615384615384 0.0673076923076923
2 0.11057692307692307 0.4807692307692308 0.026442307692307692 0.06971153846153846
2 0.32572115384615385 0.38461538461538464 0.028846153846153848 0.06490384615384616
2 0.48197115384615385 0.5060096153846154 0.028846153846153848 0.07932692307692307
2 0.7848557692307693 0.33653846153846156 0.021634615384615384 0.07211538461538461
2 0.8112980769230769 0.3401442307692308 0.026442307692307692 0.07451923076923077
2 0.5372596153846154 0.33052884615384615 0.02403846153846154 0.0625
2 0.9002403846153846 0.2764423076923077 0.021634615384615384 0.06490384615384616
0 0.4495192307692308 0.29927884615384615 0.007211538461538462 0.009615384615384616
2 0.33052884615384615 0.2692307692307692 0.019230769230769232 0.055288461538461536