3 0.3701923076923077 0.08413461538461539 0.016826923076923076 0.038461538461538464
2 0.49278846153846156 0.09134615384615384 0.019230769230769232 0.04807692307692308
0 0.859375 0.6274038461538461 0.009615384615384616 0.014423076923076924
2 0.31850961538461536 0.2283653846153846 0.021634615384615384 0.06009615384615385
2 0.31009615384615385 0.2608173076923077 0.016826923076923076 0.06009615384615385
2 0.25841346153846156 0.40625 0.028846153846153848 0.07932692307692307
2 0.4411057692307692 0.4206730769230769 0.02403846153846154 0.07692307692307693
2 0.6514423076923077 0.3701923076923077 0.02403846153846154 0.08173076923076923
2 0.45913461538461536 0.26802884615384615 0.02403846153846154 0.0673076923076923
2 0.22115384615384615 0.5216346153846154 0.026442307692307692 0.08653846153846154
2 0.5637019230769231 0.18028846153846154 0.021634615384615384 0.0625
2 0.39302884615384615 0.3605769230769231 0.028846153846153848 0.06971153846153846
2 0.4723557692307692 0.5889423076923077 0.03125 0.10336538461538461
3 0.38341346153846156 0.4519230769230769 0.028846153846153848 0.08413461538461539
2 0.4699519230769231 0.6538461538461539 0.036057692307692304 0.0985576923076923
2 0.5769230769230769 0.3245192307692308 0.04567307692307692 0.07932692307692307
2 0.9002403846153846 0.22716346153846154 0.028846153846153848 0.07451923076923077
2 0.24158653846153846 0.4735576923076923 0.03125 0.08653846153846154
2 0.20552884615384615 0.765625 0.038461538461538464 0.10817307692307693
2 0.21875 0.7103365384615384 0.038461538461538464 0.09134615384615384
2 0.7163461538461539 0.6778846153846154 0.04807692307692308 0.10336538461538461
2 0.49158653846153844 0.9423076923076923 0.05048076923076923 0.11538461538461539
2 0.8725961538461539 0.6033653846153846 0.057692307692307696 0.10576923076923077