2 0.5384615384615384 0.38100961538461536 0.008413461538461538 0.03485576923076923
0 0.7451923076923077 0.5576923076923077 0.006009615384615385 0.009615384615384616
2 0.42908653846153844 0.3004807692307692 0.007211538461538462 0.03365384615384615
2 0.5360576923076923 0.39783653846153844 0.009615384615384616 0.042067307692307696
2 0.5661057692307693 0.33533653846153844 0.007211538461538462 0.03485576923076923
2 0.453125 0.6021634615384616 0.016826923076923076 0.051682692307692304
2 0.41225961538461536 0.3545673076923077 0.007211538461538462 0.038461538461538464
2 0.5048076923076923 0.375 0.008413461538461538 0.04326923076923077
2 0.39663461538461536 0.4362980769230769 0.010817307692307692 0.04567307692307692
2 0.3798076923076923 0.40384615384615385 0.008413461538461538 0.042067307692307696
2 0.25841346153846156 0.5444711538461539 0.010817307692307692 0.04807692307692308
1 0.07451923076923077 0.41346153846153844 0.01201923076923077 0.046875
2 0.4411057692307692 0.33533653846153844 0.008413461538461538 0.038461538461538464
2 0.33413461538461536 0.4483173076923077 0.013221153846153846 0.046875
2 0.7752403846153846 0.38461538461538464 0.008413461538461538 0.042067307692307696
2 0.3557692307692308 0.4182692307692308 0.01201923076923077 0.046875
2 0.47475961538461536 0.4855769230769231 0.010817307692307692 0.051682692307692304
2 0.7740384615384616 0.46875 0.013221153846153846 0.04807692307692308
2 0.6634615384615384 0.4735576923076923 0.009615384615384616 0.05048076923076923
3 0.5216346153846154 0.39783653846153844 0.013221153846153846 0.042067307692307696
2 0.7632211538461539 0.5625 0.015625 0.057692307692307696
2 0.17307692307692307 0.7307692307692307 0.019230769230769232 0.05889423076923077
3 0.046875 0.8581730769230769 0.028846153846153848 0.08413461538461539
3 0.7475961538461539 0.2920673076923077 0.008413461538461538 0.03245192307692308
2 0.4879807692307692 0.2860576923076923 0.009615384615384616 0.03485576923076923