1 0.9002403846153846 0.3088942307692308 0.016826923076923076 0.05048076923076923
2 0.5192307692307693 0.22596153846153846 0.01201923076923077 0.057692307692307696
2 0.8569711538461539 0.29927884615384615 0.016826923076923076 0.052884615384615384
2 0.5829326923076923 0.19110576923076922 0.016826923076923076 0.057692307692307696
2 0.5252403846153846 0.19591346153846154 0.014423076923076924 0.05048076923076923
2 0.5252403846153846 0.23918269230769232 0.014423076923076924 0.055288461538461536
2 0.9086538461538461 0.3425480769230769 0.014423076923076924 0.0625
2 0.5576923076923077 0.20673076923076922 0.016826923076923076 0.052884615384615384
2 0.7367788461538461 0.27884615384615385 0.01201923076923077 0.05048076923076923
2 0.40865384615384615 0.2920673076923077 0.01201923076923077 0.06490384615384616
2 0.38461538461538464 0.20793269230769232 0.01201923076923077 0.052884615384615384
3 0.4639423076923077 0.25240384615384615 0.02403846153846154 0.0625
2 0.6009615384615384 0.30408653846153844 0.01201923076923077 0.055288461538461536
2 0.5528846153846154 0.2548076923076923 0.014423076923076924 0.06490384615384616
2 0.8641826923076923 0.34615384615384615 0.016826923076923076 0.06971153846153846
2 0.7163461538461539 0.27283653846153844 0.014423076923076924 0.06009615384615385
2 0.8100961538461539 0.36899038461538464 0.014423076923076924 0.06490384615384616
2 0.7572115384615384 0.29086538461538464 0.019230769230769232 0.06971153846153846
2 0.19951923076923078 0.328125 0.016826923076923076 0.07451923076923077
2 0.16346153846153846 0.3449519230769231 0.026442307692307692 0.07211538461538461
2 0.47475961538461536 0.4543269230769231 0.019230769230769232 0.07932692307692307
2 0.07451923076923077 0.28125 0.021634615384615384 0.06971153846153846