2 0.39302884615384615 0.17668269230769232 0.016826923076923076 0.03365384615384615
3 0.06610576923076923 0.9807692307692307 0.014423076923076924 0.038461538461538464
2 0.46033653846153844 0.23317307692307693 0.015625 0.037259615384615384
3 0.515625 0.16706730769230768 0.008413461538461538 0.030048076923076924
2 0.30528846153846156 0.23918269230769232 0.01201923076923077 0.038461538461538464
2 0.45072115384615385 0.23798076923076922 0.013221153846153846 0.04447115384615385
2 0.359375 0.21394230769230768 0.010817307692307692 0.040865384615384616
1 0.96875 0.3329326923076923 0.013221153846153846 0.057692307692307696
2 0.3076923076923077 0.2704326923076923 0.015625 0.04807692307692308
2 0.4411057692307692 0.2764423076923077 0.010817307692307692 0.05048076923076923
2 0.33413461538461536 0.25240384615384615 0.015625 0.04326923076923077
2 0.4723557692307692 0.2860576923076923 0.009615384615384616 0.052884615384615384
2 0.5697115384615384 0.27403846153846156 0.010817307692307692 0.05048076923076923
2 0.6057692307692307 0.3317307692307692 0.010817307692307692 0.0625
2 0.6394230769230769 0.3425480769230769 0.010817307692307692 0.05889423076923077
2 0.4411057692307692 0.3629807692307692 0.01201923076923077 0.05889423076923077
2 0.23557692307692307 0.3088942307692308 0.01201923076923077 0.057692307692307696
3 0.47115384615384615 0.359375 0.01201923076923077 0.0625
2 0.65625 0.39783653846153844 0.013221153846153846 0.0673076923076923
2 0.47475961538461536 0.5144230769230769 0.015625 0.06971153846153846
2 0.5757211538461539 0.43028846153846156 0.013221153846153846 0.06370192307692307
2 0.12259615384615384 0.41346153846153844 0.016826923076923076 0.0673076923076923
2 0.7043269230769231 0.4519230769230769 0.01201923076923077 0.0673076923076923
2 0.5588942307692307 0.6923076923076923 0.021634615384615384 0.09375
0 0.3088942307692308 0.25721153846153844 0.004807692307692308 0.008413461538461538