1 0.8689903846153846 0.234375 0.026442307692307692 0.052884615384615384
2 0.4723557692307692 0.22596153846153846 0.021634615384615384 0.057692307692307696
2 0.8233173076923077 0.23317307692307693 0.026442307692307692 0.055288461538461536
2 0.5300480769230769 0.18028846153846154 0.026442307692307692 0.06009615384615385
2 0.4735576923076923 0.1935096153846154 0.02403846153846154 0.052884615384615384
2 0.48197115384615385 0.23798076923076922 0.026442307692307692 0.057692307692307696
2 0.8834134615384616 0.265625 0.026442307692307692 0.06490384615384616
2 0.5072115384615384 0.19831730769230768 0.026442307692307692 0.055288461538461536
2 0.6995192307692307 0.23557692307692307 0.02403846153846154 0.052884615384615384
2 0.375 0.3125 0.026442307692307692 0.0673076923076923
2 0.33653846153846156 0.23317307692307693 0.021634615384615384 0.055288461538461536
3 0.421875 0.26322115384615385 0.036057692307692304 0.06490384615384616
2 0.5697115384615384 0.28725961538461536 0.02403846153846154 0.055288461538461536
2 0.5108173076923077 0.25 0.026442307692307692 0.06490384615384616
2 0.8389423076923077 0.2800480769230769 0.03125 0.07211538461538461
2 0.6766826923076923 0.23317307692307693 0.026442307692307692 0.0625
2 0.7908653846153846 0.3112980769230769 0.028846153846153848 0.0673076923076923
2 0.7223557692307693 0.24519230769230768 0.03125 0.07211538461538461
2 0.17307692307692307 0.3894230769230769 0.028846153846153848 0.07692307692307693
2 0.140625 0.41225961538461536 0.038461538461538464 0.07692307692307693
2 0.47115384615384615 0.46274038461538464 0.036057692307692304 0.08413461538461539
2 0.039663461538461536 0.36658653846153844 0.03365384615384615 0.07451923076923077