2 0.21153846153846154 0.32572115384615385 0.014423076923076924 0.042067307692307696
2 0.14903846153846154 0.4182692307692308 0.009615384615384616 0.05889423076923077
2 0.21995192307692307 0.3112980769230769 0.010817307692307692 0.04567307692307692
2 0.3329326923076923 0.23798076923076922 0.010817307692307692 0.039663461538461536
2 0.40024038461538464 0.22716346153846154 0.018028846153846152 0.046875
2 0.31490384615384615 0.23076923076923078 0.007211538461538462 0.038461538461538464
1 0.09495192307692307 0.33774038461538464 0.009615384615384616 0.05889423076923077
2 0.14423076923076922 0.36538461538461536 0.009615384615384616 0.054086538461538464
2 0.45552884615384615 0.25 0.010817307692307692 0.042067307692307696
2 0.3016826923076923 0.28966346153846156 0.008413461538461538 0.054086538461538464
2 0.5985576923076923 0.24158653846153846 0.014423076923076924 0.042067307692307696
2 0.18509615384615385 0.3137019230769231 0.010817307692307692 0.055288461538461536
3 0.4206730769230769 0.27884615384615385 0.010817307692307692 0.05048076923076923
2 0.23197115384615385 0.37740384615384615 0.01201923076923077 0.06009615384615385
2 0.11298076923076923 0.38461538461538464 0.015625 0.06009615384615385
2 0.3173076923076923 0.328125 0.016826923076923076 0.056490384615384616
2 0.4387019230769231 0.453125 0.015625 0.06850961538461539
2 0.7283653846153846 0.34134615384615385 0.010817307692307692 0.0625
2 0.7524038461538461 0.3473557692307692 0.015625 0.06370192307692307
2 0.5096153846153846 0.30649038461538464 0.014423076923076924 0.055288461538461536
2 0.8389423076923077 0.30288461538461536 0.010817307692307692 0.057692307692307696
0 0.4362980769230769 0.2668269230769231 0.004807692307692308 0.008413461538461538
2 0.33533653846153844 0.2247596153846154 0.010817307692307692 0.04927884615384615