2 0.71875 0.37259615384615385 0.01201923076923077 0.055288461538461536
2 0.5444711538461539 0.29086538461538464 0.010817307692307692 0.042067307692307696
2 0.6923076923076923 0.3870192307692308 0.010817307692307692 0.055288461538461536
2 0.8197115384615384 0.47836538461538464 0.015625 0.06850961538461539
2 0.5997596153846154 0.3329326923076923 0.010817307692307692 0.05048076923076923
1 0.953125 0.4362980769230769 0.01201923076923077 0.06490384615384616
2 0.5012019230769231 0.2980769230769231 0.010817307692307692 0.046875
2 0.4423076923076923 0.30528846153846156 0.015625 0.05048076923076923
2 0.47475961538461536 0.39302884615384615 0.014423076923076924 0.05889423076923077
2 0.9122596153846154 0.47836538461538464 0.02283653846153846 0.06610576923076923
2 0.5564903846153846 0.4855769230769231 0.020432692307692308 0.0673076923076923
2 0.42788461538461536 0.3762019230769231 0.014423076923076924 0.0625
2 0.7367788461538461 0.4026442307692308 0.021634615384615384 0.0625
2 0.640625 0.4338942307692308 0.013221153846153846 0.06370192307692307
2 0.8269230769230769 0.4170673076923077 0.013221153846153846 0.0625
2 0.8076923076923077 0.5120192307692307 0.019230769230769232 0.0673076923076923
2 0.8918269230769231 0.4651442307692308 0.018028846153846152 0.06610576923076923
3 0.44471153846153844 0.3713942307692308 0.01201923076923077 0.06370192307692307
2 0.08533653846153846 0.48197115384615385 0.016826923076923076 0.06971153846153846
2 0.6754807692307693 0.5252403846153846 0.021634615384615384 0.07692307692307693
2 0.4170673076923077 0.4807692307692308 0.020432692307692308 0.07091346153846154
0 0.53125 0.30649038461538464 0.004807692307692308 0.009615384615384616
2 0.7379807692307693 0.36778846153846156 0.014423076923076924 0.052884615384615384