0 0.3786057692307692 0.4675480769230769 0.007211538461538462 0.01201923076923077
2 0.5661057692307693 0.15985576923076922 0.01201923076923077 0.038461538461538464
2 0.5793269230769231 0.30408653846153844 0.019230769230769232 0.052884615384615384
3 0.4699519230769231 0.3088942307692308 0.026442307692307692 0.055288461538461536
2 0.20072115384615385 0.25721153846153844 0.016826923076923076 0.04807692307692308
2 0.47115384615384615 0.24639423076923078 0.019230769230769232 0.04807692307692308
2 0.7067307692307693 0.24158653846153846 0.014423076923076924 0.05048076923076923
2 0.6310096153846154 0.28725961538461536 0.019230769230769232 0.05048076923076923
2 0.6057692307692307 0.3641826923076923 0.021634615384615384 0.06490384615384616
2 0.6790865384615384 0.21514423076923078 0.019230769230769232 0.04807692307692308
2 0.7584134615384616 0.2776442307692308 0.016826923076923076 0.057692307692307696
2 0.0733173076923077 0.3858173076923077 0.019230769230769232 0.06009615384615385
2 0.3581730769230769 0.4338942307692308 0.03125 0.0625
2 0.6418269230769231 0.4483173076923077 0.026442307692307692 0.0625
2 0.038461538461538464 0.4074519230769231 0.02403846153846154 0.0625
2 0.7283653846153846 0.3605769230769231 0.019230769230769232 0.055288461538461536
2 0.7992788461538461 0.3713942307692308 0.02403846153846154 0.06490384615384616
2 0.6778846153846154 0.8617788461538461 0.04326923076923077 0.0985576923076923
2 0.8100961538461539 0.4951923076923077 0.02403846153846154 0.07692307692307693
2 0.5552884615384616 0.5709134615384616 0.028846153846153848 0.07932692307692307
2 0.6850961538461539 0.5084134615384616 0.026442307692307692 0.07692307692307693
2 0.8822115384615384 0.49158653846153844 0.021634615384615384 0.06971153846153846
3 0.19951923076923078 0.18990384615384615 0.016826923076923076 0.04326923076923077