3 0.43990384615384615 0.0673076923076923 0.009615384615384616 0.03485576923076923
2 0.5504807692307693 0.09134615384615384 0.010817307692307692 0.04326923076923077
0 0.8112980769230769 0.6394230769230769 0.007211538461538462 0.013221153846153846
2 0.3713942307692308 0.19230769230769232 0.01201923076923077 0.054086538461538464
2 0.3581730769230769 0.22235576923076922 0.007211538461538462 0.055288461538461536
2 0.29086538461538464 0.3473557692307692 0.015625 0.07211538461538461
2 0.45552884615384615 0.3870192307692308 0.01201923076923077 0.07091346153846154
2 0.65625 0.3713942307692308 0.009615384615384616 0.07572115384615384
2 0.4951923076923077 0.24879807692307693 0.013221153846153846 0.06129807692307692
2 0.23918269230769232 0.44711538461538464 0.013221153846153846 0.078125
2 0.6033653846153846 0.18509615384615385 0.01201923076923077 0.057692307692307696
2 0.4206730769230769 0.3245192307692308 0.016826923076923076 0.0625
2 0.46033653846153844 0.546875 0.015625 0.09495192307692307
3 0.39903846153846156 0.4074519230769231 0.015625 0.07692307692307693
2 0.4483173076923077 0.6057692307692307 0.019230769230769232 0.0889423076923077
2 0.5949519230769231 0.31971153846153844 0.03125 0.06971153846153846
2 0.90625 0.2764423076923077 0.015625 0.0673076923076923
2 0.2644230769230769 0.4074519230769231 0.016826923076923076 0.078125
2 0.1875 0.6706730769230769 0.021634615384615384 0.09975961538461539
2 0.2091346153846154 0.6213942307692307 0.021634615384615384 0.0829326923076923
2 0.671875 0.6634615384615384 0.030048076923076924 0.09375
2 0.4266826923076923 0.8774038461538461 0.028846153846153848 0.109375
2 0.8269230769230769 0.6177884615384616 0.038461538461538464 0.09495192307692307