2 0.8161057692307693 0.3293269230769231 0.014423076923076924 0.04567307692307692
2 0.8774038461538461 0.4266826923076923 0.009615384615384616 0.0625
2 0.8064903846153846 0.31490384615384615 0.01201923076923077 0.04807692307692308
2 0.6923076923076923 0.23677884615384615 0.01201923076923077 0.040865384615384616
2 0.6213942307692307 0.2247596153846154 0.019230769230769232 0.04807692307692308
2 0.7103365384615384 0.22956730769230768 0.009615384615384616 0.040865384615384616
1 0.9362980769230769 0.34375 0.009615384615384616 0.0625
2 0.8846153846153846 0.37259615384615385 0.009615384615384616 0.055288461538461536
2 0.5637019230769231 0.24639423076923078 0.01201923076923077 0.04567307692307692
2 0.7223557692307693 0.29086538461538464 0.009615384615384616 0.055288461538461536
2 0.41466346153846156 0.23557692307692307 0.014423076923076924 0.04326923076923077
2 0.8425480769230769 0.3173076923076923 0.01201923076923077 0.057692307692307696
3 0.5997596153846154 0.2776442307692308 0.01201923076923077 0.052884615384615384
2 0.7932692307692307 0.38341346153846156 0.01201923076923077 0.0625
2 0.9170673076923077 0.39302884615384615 0.016826923076923076 0.0625
2 0.7055288461538461 0.3293269230769231 0.016826923076923076 0.06009615384615385
2 0.5769230769230769 0.4579326923076923 0.016826923076923076 0.07211538461538461
2 0.27884615384615385 0.33653846153846156 0.01201923076923077 0.06490384615384616
2 0.2536057692307692 0.3425480769230769 0.016826923076923076 0.0673076923076923
2 0.5060096153846154 0.30408653846153844 0.014423076923076924 0.057692307692307696
2 0.1658653846153846 0.29447115384615385 0.01201923076923077 0.06009615384615385
0 0.5829326923076923 0.2644230769230769 0.004807692307692308 0.009615384615384616
2 0.6887019230769231 0.22355769230769232 0.01201923076923077 0.052884615384615384