2 0.16706730769230768 0.3713942307692308 0.02403846153846154 0.04567307692307692
2 0.125 0.4807692307692308 0.021634615384615384 0.0625
2 0.17307692307692307 0.35697115384615385 0.021634615384615384 0.04807692307692308
2 0.27163461538461536 0.25721153846153844 0.019230769230769232 0.04326923076923077
2 0.3389423076923077 0.23197115384615385 0.026442307692307692 0.05048076923076923
2 0.25240384615384615 0.2536057692307692 0.016826923076923076 0.040865384615384616
1 0.051682692307692304 0.4098557692307692 0.021634615384615384 0.0625
2 0.10817307692307693 0.4266826923076923 0.021634615384615384 0.055288461538461536
2 0.39903846153846156 0.24278846153846154 0.021634615384615384 0.04567307692307692
2 0.25240384615384615 0.3173076923076923 0.019230769230769232 0.055288461538461536
2 0.5420673076923077 0.203125 0.02403846153846154 0.04567307692307692
2 0.13822115384615385 0.36538461538461536 0.02403846153846154 0.057692307692307696
3 0.3701923076923077 0.28125 0.021634615384615384 0.052884615384615384
2 0.19951923076923078 0.421875 0.02403846153846154 0.0625
2 0.08052884615384616 0.4543269230769231 0.028846153846153848 0.06490384615384616
2 0.27524038461538464 0.35096153846153844 0.028846153846153848 0.06009615384615385
2 0.4266826923076923 0.453125 0.028846153846153848 0.07211538461538461
2 0.6959134615384616 0.2776442307692308 0.02403846153846154 0.06490384615384616
2 0.7211538461538461 0.27884615384615385 0.028846153846153848 0.0673076923076923
2 0.46634615384615385 0.28846153846153844 0.026442307692307692 0.057692307692307696
2 0.7992788461538461 0.21394230769230768 0.02403846153846154 0.06009615384615385
0 0.38341346153846156 0.2644230769230769 0.007211538461538462 0.009615384615384616
2 0.27163461538461536 0.2439903846153846 0.021634615384615384 0.052884615384615384