0 0.5925480769230769 0.4723557692307692 0.006009615384615385 0.009615384615384616
2 0.3894230769230769 0.19591346153846154 0.007211538461538462 0.03485576923076923
2 0.3870192307692308 0.33413461538461536 0.014423076923076924 0.05048076923076923
3 0.49278846153846156 0.328125 0.020432692307692308 0.051682692307692304
2 0.7427884615384616 0.25841346153846156 0.010817307692307692 0.04447115384615385
2 0.48677884615384615 0.2704326923076923 0.014423076923076924 0.04567307692307692
2 0.2620192307692308 0.2860576923076923 0.010817307692307692 0.04807692307692308
2 0.33653846153846156 0.32211538461538464 0.014423076923076924 0.046875
2 0.36778846153846156 0.39302884615384615 0.015625 0.06009615384615385
2 0.2860576923076923 0.25721153846153844 0.013221153846153846 0.04567307692307692
2 0.21634615384615385 0.3233173076923077 0.010817307692307692 0.054086538461538464
2 0.8737980769230769 0.36899038461538464 0.013221153846153846 0.056490384615384616
2 0.609375 0.4387019230769231 0.025240384615384616 0.057692307692307696
2 0.3401442307692308 0.47475961538461536 0.020432692307692308 0.057692307692307696
2 0.9098557692307693 0.38822115384615385 0.016826923076923076 0.057692307692307696
2 0.2512019230769231 0.40024038461538464 0.014423076923076924 0.052884615384615384
2 0.18509615384615385 0.41586538461538464 0.018028846153846152 0.06009615384615385
2 0.34134615384615385 0.8713942307692307 0.03245192307692308 0.09014423076923077
2 0.18509615384615385 0.5336538461538461 0.016826923076923076 0.07091346153846154
2 0.4326923076923077 0.5853365384615384 0.02283653846153846 0.0733173076923077
2 0.30408653846153844 0.5360576923076923 0.018028846153846152 0.07091346153846154
2 0.11658653846153846 0.5372596153846154 0.015625 0.06490384615384616
3 0.7391826923076923 0.1935096153846154 0.013221153846153846 0.039663461538461536