2 0.2848557692307692 0.3112980769230769 0.019230769230769232 0.06009615384615385
2 0.4795673076923077 0.24639423076923078 0.016826923076923076 0.04567307692307692
2 0.31009615384615385 0.3293269230769231 0.019230769230769232 0.057692307692307696
2 0.16466346153846154 0.40865384615384615 0.02403846153846154 0.07451923076923077
2 0.41466346153846156 0.28365384615384615 0.019230769230769232 0.055288461538461536
1 0.030048076923076924 0.3473557692307692 0.021634615384615384 0.06971153846153846
2 0.5216346153846154 0.2608173076923077 0.016826923076923076 0.05048076923076923
2 0.5841346153846154 0.27524038461538464 0.021634615384615384 0.055288461538461536
2 0.5384615384615384 0.3641826923076923 0.02403846153846154 0.06490384615384616
2 0.0673076923076923 0.39663461538461536 0.03125 0.07211538461538461
2 0.4423076923076923 0.45072115384615385 0.03125 0.07451923076923077
2 0.5913461538461539 0.35216346153846156 0.021634615384615384 0.0673076923076923
2 0.2620192307692308 0.3401442307692308 0.03125 0.06971153846153846
2 0.359375 0.3858173076923077 0.021634615384615384 0.06971153846153846
2 0.1658653846153846 0.3425480769230769 0.021634615384615384 0.06971153846153846
2 0.17307692307692307 0.44471153846153844 0.028846153846153848 0.07451923076923077
2 0.09014423076923077 0.3870192307692308 0.026442307692307692 0.07211538461538461
3 0.5745192307692307 0.34615384615384615 0.021634615384615384 0.06971153846153846
2 0.9375 0.5072115384615384 0.026442307692307692 0.07692307692307693
2 0.31009615384615385 0.47716346153846156 0.03365384615384615 0.08413461538461539
2 0.5865384615384616 0.4639423076923077 0.03125 0.07692307692307693
0 0.49158653846153844 0.265625 0.004807692307692308 0.009615384615384616
2 0.265625 0.30288461538461536 0.021634615384615384 0.057692307692307696