0 0.5997596153846154 0.4675480769230769 0.007211538461538462 0.01201923076923077
2 0.3317307692307692 0.22956730769230768 0.016826923076923076 0.038461538461538464
2 0.3605769230769231 0.3701923076923077 0.02403846153846154 0.052884615384615384
3 0.46634615384615385 0.3425480769230769 0.03125 0.055288461538461536
2 0.7067307692307693 0.21634615384615385 0.021634615384615384 0.04807692307692308
2 0.4483173076923077 0.28365384615384615 0.02403846153846154 0.04807692307692308
2 0.22235576923076922 0.3485576923076923 0.021634615384615384 0.05048076923076923
2 0.30649038461538464 0.36899038461538464 0.02403846153846154 0.05048076923076923
2 0.35216346153846156 0.43509615384615385 0.028846153846153848 0.06490384615384616
2 0.2403846153846154 0.31490384615384615 0.02403846153846154 0.04807692307692308
2 0.18269230769230768 0.39663461538461536 0.02403846153846154 0.057692307692307696
2 0.8653846153846154 0.3004807692307692 0.026442307692307692 0.06009615384615385
2 0.6105769230769231 0.42908653846153844 0.038461538461538464 0.06490384615384616
2 0.3425480769230769 0.5252403846153846 0.03365384615384615 0.06490384615384616
2 0.90625 0.3112980769230769 0.03125 0.06490384615384616
2 0.23677884615384615 0.4675480769230769 0.026442307692307692 0.057692307692307696
2 0.171875 0.4987980769230769 0.03125 0.06490384615384616
2 0.43028846153846156 0.9302884615384616 0.052884615384615384 0.10096153846153846
2 0.1971153846153846 0.6201923076923077 0.03365384615384615 0.07692307692307693
2 0.46153846153846156 0.6177884615384616 0.038461538461538464 0.07932692307692307
2 0.31850961538461536 0.5961538461538461 0.03365384615384615 0.07692307692307693
2 0.12860576923076922 0.6370192307692307 0.03125 0.06971153846153846
3 0.6899038461538461 0.15144230769230768 0.021634615384615384 0.04326923076923077