2 0.37259615384615385 0.3088942307692308 0.019230769230769232 0.038461538461538464
2 0.5757211538461539 0.23918269230769232 0.019230769230769232 0.036057692307692304
2 0.2127403846153846 0.35697115384615385 0.019230769230769232 0.040865384615384616
2 0.171875 0.35096153846153844 0.019230769230769232 0.040865384615384616
2 0.140625 0.38461538461538464 0.021634615384615384 0.04807692307692308
2 0.2800480769230769 0.3737980769230769 0.021634615384615384 0.04807692307692308
2 0.7596153846153846 0.30408653846153844 0.021634615384615384 0.04807692307692308
2 0.0829326923076923 0.5204326923076923 0.026442307692307692 0.06009615384615385
2 0.7824519230769231 0.2620192307692308 0.021634615384615384 0.04807692307692308
2 0.18389423076923078 0.4411057692307692 0.021634615384615384 0.04807692307692308
2 0.2764423076923077 0.5012019230769231 0.02403846153846154 0.06009615384615385
2 0.11658653846153846 0.42427884615384615 0.02403846153846154 0.05048076923076923
2 0.6262019230769231 0.36658653846153844 0.026442307692307692 0.04807692307692308
2 0.2800480769230769 0.4338942307692308 0.026442307692307692 0.055288461538461536
3 0.4338942307692308 0.38822115384615385 0.021634615384615384 0.05048076923076923
1 0.8725961538461539 0.2980769230769231 0.028846153846153848 0.052884615384615384
2 0.0985576923076923 0.6694711538461539 0.03365384615384615 0.0673076923076923
2 0.15264423076923078 0.7211538461538461 0.036057692307692304 0.07932692307692307
2 0.15625 0.5685096153846154 0.03125 0.06490384615384616
2 0.46274038461538464 0.59375 0.036057692307692304 0.07211538461538461
2 0.5757211538461539 0.7548076923076923 0.04567307692307692 0.08413461538461539
0 0.6165865384615384 0.3918269230769231 0.009615384615384616 0.014423076923076924
3 0.6057692307692307 0.1875 0.016826923076923076 0.03365384615384615
2 0.30408653846153844 0.26802884615384615 0.019230769230769232 0.036057692307692304