2 0.31009615384615385 0.21514423076923078 0.016826923076923076 0.055288461538461536
0 0.8173076923076923 0.2848557692307692 0.007211538461538462 0.01201923076923077
3 0.3954326923076923 0.06370192307692307 0.01201923076923077 0.04807692307692308
2 0.40024038461538464 0.36899038461538464 0.021634615384615384 0.07451923076923077
2 0.5216346153846154 0.06850961538461539 0.014423076923076924 0.04807692307692308
2 0.16947115384615385 0.6466346153846154 0.03365384615384615 0.09615384615384616
2 0.3125 0.23197115384615385 0.014423076923076924 0.0673076923076923
2 0.4735576923076923 0.22956730769230768 0.014423076923076924 0.06490384615384616
3 0.39783653846153844 0.3858173076923077 0.019230769230769232 0.07692307692307693
2 0.5637019230769231 0.15384615384615385 0.014423076923076924 0.055288461538461536
2 0.828125 0.25 0.02403846153846154 0.0673076923076923
2 0.43509615384615385 0.29447115384615385 0.021634615384615384 0.06009615384615385
2 0.16947115384615385 0.6021634615384616 0.03365384615384615 0.08653846153846154
2 0.26802884615384615 0.33052884615384615 0.019230769230769232 0.06971153846153846
2 0.5420673076923077 0.27403846153846156 0.016826923076923076 0.06971153846153846
2 0.6622596153846154 0.27884615384615385 0.019230769230769232 0.07211538461538461
2 0.24158653846153846 0.40384615384615385 0.019230769230769232 0.07692307692307693
2 0.40024038461538464 0.46274038461538464 0.026442307692307692 0.07932692307692307
2 0.23076923076923078 0.421875 0.028846153846153848 0.08173076923076923
2 0.8629807692307693 0.4795673076923077 0.03125 0.09375
2 0.6670673076923077 0.5060096153846154 0.028846153846153848 0.08653846153846154
2 0.4026442307692308 0.5612980769230769 0.03125 0.0889423076923077
2 0.36177884615384615 0.9182692307692307 0.038461538461538464 0.11778846153846154