2 0.7536057692307693 0.26802884615384615 0.026442307692307692 0.057692307692307696
0 0.23197115384615385 0.24759615384615385 0.009615384615384616 0.01201923076923077
3 0.6947115384615384 0.09975961538461539 0.021634615384615384 0.04807692307692308
2 0.6370192307692307 0.4050480769230769 0.03365384615384615 0.07932692307692307
2 0.5673076923076923 0.08173076923076923 0.021634615384615384 0.04807692307692308
2 0.8185096153846154 0.7271634615384616 0.05048076923076923 0.10096153846153846
2 0.7487980769230769 0.2848557692307692 0.028846153846153848 0.0673076923076923
2 0.5865384615384616 0.25240384615384615 0.026442307692307692 0.06490384615384616
3 0.6358173076923077 0.421875 0.03365384615384615 0.07932692307692307
2 0.5108173076923077 0.16105769230769232 0.02403846153846154 0.057692307692307696
2 0.22596153846153846 0.21153846153846154 0.036057692307692304 0.07211538461538461
2 0.6141826923076923 0.32572115384615385 0.03125 0.0625
2 0.8257211538461539 0.6814903846153846 0.04807692307692308 0.09134615384615384
2 0.7764423076923077 0.390625 0.03125 0.07211538461538461
2 0.5108173076923077 0.2860576923076923 0.028846153846153848 0.07211538461538461
2 0.390625 0.2692307692307692 0.03125 0.07451923076923077
2 0.7896634615384616 0.4699519230769231 0.03365384615384615 0.07932692307692307
2 0.6213942307692307 0.5 0.040865384615384616 0.08173076923076923
2 0.7980769230769231 0.49038461538461536 0.040865384615384616 0.08413461538461539
2 0.15144230769230768 0.43509615384615385 0.04567307692307692 0.09615384615384616
2 0.3449519230769231 0.49759615384615385 0.04567307692307692 0.09134615384615384
2 0.6009615384615384 0.5985576923076923 0.04567307692307692 0.09375
2 0.5769230769230769 0.9519230769230769 0.057692307692307696 0.09615384615384616