2 0.5625 0.3737980769230769 0.014423076923076924 0.036057692307692304
0 0.75 0.5913461538461539 0.007211538461538462 0.01201923076923077
2 0.46153846153846156 0.2704326923076923 0.014423076923076924 0.036057692307692304
2 0.5576923076923077 0.390625 0.016826923076923076 0.04567307692307692
2 0.5985576923076923 0.3293269230769231 0.014423076923076924 0.038461538461538464
2 0.4375 0.5913461538461539 0.026442307692307692 0.057692307692307696
2 0.4338942307692308 0.3245192307692308 0.014423076923076924 0.040865384615384616
2 0.5276442307692307 0.3605769230769231 0.014423076923076924 0.04567307692307692
2 0.40384615384615385 0.4074519230769231 0.019230769230769232 0.04807692307692308
2 0.3918269230769231 0.3701923076923077 0.016826923076923076 0.04567307692307692
2 0.24278846153846154 0.49759615384615385 0.019230769230769232 0.052884615384615384
1 0.07091346153846154 0.3293269230769231 0.021634615384615384 0.05048076923076923
2 0.46875 0.3088942307692308 0.014423076923076924 0.040865384615384616
2 0.33653846153846156 0.40865384615384615 0.021634615384615384 0.052884615384615384
2 0.8100961538461539 0.41586538461538464 0.016826923076923076 0.04567307692307692
2 0.3641826923076923 0.38100961538461536 0.021634615384615384 0.052884615384615384
2 0.47716346153846156 0.4723557692307692 0.019230769230769232 0.055288461538461536
2 0.7944711538461539 0.5036057692307693 0.021634615384615384 0.052884615384615384
2 0.6778846153846154 0.49038461538461536 0.019230769230769232 0.052884615384615384
3 0.5408653846153846 0.3870192307692308 0.019230769230769232 0.04567307692307692
2 0.7680288461538461 0.6009615384615384 0.02403846153846154 0.0625
2 0.12139423076923077 0.6790865384615384 0.028846153846153848 0.06490384615384616
3 0.7956730769230769 0.31490384615384615 0.014423076923076924 0.036057692307692304
2 0.5252403846153846 0.265625 0.016826923076923076 0.038461538461538464