2 0.7235576923076923 0.3798076923076923 0.014423076923076924 0.055288461538461536
2 0.5516826923076923 0.2920673076923077 0.01201923076923077 0.04326923076923077
2 0.6959134615384616 0.3942307692307692 0.01201923076923077 0.055288461538461536
2 0.8197115384615384 0.4891826923076923 0.016826923076923076 0.06971153846153846
2 0.6057692307692307 0.33653846153846156 0.01201923076923077 0.05048076923076923
1 0.9555288461538461 0.4519230769230769 0.014423076923076924 0.06490384615384616
2 0.5084134615384616 0.2980769230769231 0.01201923076923077 0.04807692307692308
2 0.4495192307692308 0.30288461538461536 0.016826923076923076 0.05048076923076923
2 0.47836538461538464 0.3918269230769231 0.016826923076923076 0.06009615384615385
2 0.9122596153846154 0.49278846153846156 0.02403846153846154 0.0673076923076923
2 0.5564903846153846 0.4879807692307692 0.021634615384615384 0.0673076923076923
2 0.4326923076923077 0.3737980769230769 0.016826923076923076 0.0625
2 0.7403846153846154 0.4110576923076923 0.02403846153846154 0.0625
2 0.6430288461538461 0.4387019230769231 0.014423076923076924 0.06490384615384616
2 0.8293269230769231 0.42908653846153844 0.014423076923076924 0.0625
2 0.8064903846153846 0.5228365384615384 0.021634615384615384 0.0673076923076923
2 0.8930288461538461 0.47836538461538464 0.019230769230769232 0.0673076923076923
3 0.4495192307692308 0.36899038461538464 0.014423076923076924 0.06490384615384616
2 0.08653846153846154 0.4675480769230769 0.019230769230769232 0.06971153846153846
2 0.6742788461538461 0.53125 0.02403846153846154 0.07692307692307693
2 0.4182692307692308 0.47836538461538464 0.02403846153846154 0.07211538461538461
0 0.5384615384615384 0.3076923076923077 0.004807692307692308 0.009615384615384616
2 0.7427884615384616 0.3762019230769231 0.016826923076923076 0.052884615384615384