2 0.4050480769230769 0.17908653846153846 0.010817307692307692 0.039663461538461536
3 0.008413461538461538 0.9771634615384616 0.014423076923076924 0.04447115384615385
2 0.6502403846153846 0.4567307692307692 0.019230769230769232 0.07211538461538461
2 0.6262019230769231 0.34375 0.014423076923076924 0.057692307692307696
2 0.6057692307692307 0.29086538461538464 0.015625 0.051682692307692304
2 0.28725961538461536 0.3545673076923077 0.014423076923076924 0.057692307692307696
2 0.4230769230769231 0.2403846153846154 0.007211538461538462 0.046875
2 0.65625 0.4026442307692308 0.015625 0.0625
2 0.21754807692307693 0.2824519230769231 0.015625 0.05048076923076923
3 0.5240384615384616 0.4338942307692308 0.013221153846153846 0.06850961538461539
2 0.7247596153846154 0.5552884615384616 0.019230769230769232 0.078125
2 0.5348557692307693 0.35096153846153844 0.010817307692307692 0.055288461538461536
2 0.36778846153846156 0.44711538461538464 0.018028846153846152 0.0733173076923077
2 0.6826923076923077 0.43509615384615385 0.014423076923076924 0.06370192307692307
2 0.36658653846153844 0.375 0.013221153846153846 0.06009615384615385
2 0.4855769230769231 0.3161057692307692 0.010817307692307692 0.055288461538461536
2 0.1935096153846154 0.4795673076923077 0.016826923076923076 0.07692307692307693
2 0.5528846153846154 0.3701923076923077 0.014423076923076924 0.06610576923076923
2 0.49158653846153844 0.5685096153846154 0.015625 0.078125
2 0.6081730769230769 0.5132211538461539 0.018028846153846152 0.07211538461538461
2 0.5709134615384616 0.8918269230769231 0.020432692307692308 0.1201923076923077
2 0.6045673076923077 0.27403846153846156 0.010817307692307692 0.04927884615384615
3 0.5276442307692307 0.15985576923076922 0.008413461538461538 0.040865384615384616
0 0.2548076923076923 0.3137019230769231 0.006009615384615385 0.010817307692307692