2 0.32091346153846156 0.21754807692307693 0.013221153846153846 0.052884615384615384
0 0.8064903846153846 0.31971153846153844 0.006009615384615385 0.009615384615384616
3 0.41346153846153844 0.07692307692307693 0.009615384615384616 0.04567307692307692
2 0.39663461538461536 0.3713942307692308 0.015625 0.07211538461538461
2 0.5348557692307693 0.09014423076923077 0.010817307692307692 0.04567307692307692
2 0.15504807692307693 0.625 0.026442307692307692 0.09134615384615384
2 0.32091346153846156 0.234375 0.010817307692307692 0.06370192307692307
2 0.47836538461538464 0.24158653846153846 0.010817307692307692 0.0625
3 0.39302884615384615 0.3870192307692308 0.013221153846153846 0.0733173076923077
2 0.5697115384615384 0.17548076923076922 0.009615384615384616 0.054086538461538464
2 0.8185096153846154 0.28725961538461536 0.019230769230769232 0.06490384615384616
2 0.4362980769230769 0.30288461538461536 0.016826923076923076 0.056490384615384616
2 0.15745192307692307 0.5817307692307693 0.026442307692307692 0.0829326923076923
2 0.27163461538461536 0.32572115384615385 0.014423076923076924 0.0673076923076923
2 0.5408653846153846 0.29086538461538464 0.01201923076923077 0.0673076923076923
2 0.6550480769230769 0.30288461538461536 0.013221153846153846 0.06850961538461539
2 0.2403846153846154 0.3954326923076923 0.014423076923076924 0.07451923076923077
2 0.3894230769230769 0.46274038461538464 0.020432692307692308 0.07572115384615384
2 0.2283653846153846 0.41225961538461536 0.021634615384615384 0.07692307692307693
2 0.8353365384615384 0.5096153846153846 0.02283653846153846 0.0889423076923077
2 0.6442307692307693 0.5228365384615384 0.02403846153846154 0.0829326923076923
2 0.3870192307692308 0.5576923076923077 0.02283653846153846 0.08533653846153846
2 0.3233173076923077 0.9002403846153846 0.030048076923076924 0.11177884615384616