1 0.078125 0.3161057692307692 0.014423076923076924 0.052884615384615384
2 0.4807692307692308 0.21394230769230768 0.009615384615384616 0.06009615384615385
2 0.12379807692307693 0.30408653846153844 0.016826923076923076 0.057692307692307696
2 0.41225961538461536 0.17908653846153846 0.014423076923076924 0.06009615384615385
2 0.4735576923076923 0.1814903846153846 0.014423076923076924 0.052884615384615384
2 0.47475961538461536 0.22716346153846154 0.014423076923076924 0.057692307692307696
2 0.06971153846153846 0.35096153846153844 0.014423076923076924 0.0673076923076923
2 0.43990384615384615 0.1935096153846154 0.014423076923076924 0.057692307692307696
2 0.2512019230769231 0.2764423076923077 0.01201923076923077 0.052884615384615384
2 0.6021634615384616 0.27884615384615385 0.01201923076923077 0.06971153846153846
2 0.6213942307692307 0.18870192307692307 0.009615384615384616 0.057692307692307696
3 0.5408653846153846 0.23918269230769232 0.02403846153846154 0.0673076923076923
2 0.3954326923076923 0.29927884615384615 0.01201923076923077 0.057692307692307696
2 0.44711538461538464 0.24639423076923078 0.014423076923076924 0.0673076923076923
2 0.11778846153846154 0.3545673076923077 0.016826923076923076 0.07211538461538461
2 0.27283653846153844 0.2692307692307692 0.014423076923076924 0.06490384615384616
2 0.17548076923076922 0.3762019230769231 0.014423076923076924 0.06971153846153846
2 0.23076923076923078 0.2920673076923077 0.016826923076923076 0.07211538461538461
2 0.8245192307692307 0.31009615384615385 0.014423076923076924 0.07932692307692307
2 0.8641826923076923 0.32572115384615385 0.02403846153846154 0.07692307692307693
2 0.5372596153846154 0.4543269230769231 0.019230769230769232 0.08653846153846154
2 0.9555288461538461 0.2548076923076923 0.019230769230769232 0.07211538461538461