2 0.39663461538461536 0.34134615384615385 0.014423076923076924 0.052884615384615384
2 0.3629807692307692 0.3798076923076923 0.019230769230769232 0.04326923076923077
1 0.24759615384615385 0.43028846153846156 0.014423076923076924 0.05048076923076923
2 0.25600961538461536 0.4543269230769231 0.019230769230769232 0.06971153846153846
2 0.4519230769230769 0.36778846153846156 0.01201923076923077 0.06009615384615385
2 0.2283653846153846 0.47475961538461536 0.014423076923076924 0.0625
2 0.484375 0.47836538461538464 0.016826923076923076 0.0673076923076923
2 0.32211538461538464 0.4807692307692308 0.026442307692307692 0.0673076923076923
2 0.2620192307692308 0.5144230769230769 0.028846153846153848 0.08173076923076923
2 0.6466346153846154 0.3786057692307692 0.02403846153846154 0.0673076923076923
2 0.2980769230769231 0.4375 0.02403846153846154 0.06009615384615385
3 0.7584134615384616 0.33653846153846156 0.014423076923076924 0.06490384615384616
2 0.4182692307692308 0.4423076923076923 0.016826923076923076 0.07451923076923077
2 0.5240384615384616 0.36177884615384615 0.028846153846153848 0.0673076923076923
2 0.3762019230769231 0.41947115384615385 0.02403846153846154 0.0625
2 0.41586538461538464 0.48677884615384615 0.028846153846153848 0.0625
2 0.625 0.45552884615384615 0.01201923076923077 0.07692307692307693
2 0.7788461538461539 0.32091346153846156 0.014423076923076924 0.06490384615384616
2 0.5637019230769231 0.5180288461538461 0.016826923076923076 0.08413461538461539
2 0.27163461538461536 0.5612980769230769 0.02403846153846154 0.10096153846153846
2 0.9314903846153846 0.5504807692307693 0.02403846153846154 0.08653846153846154
0 0.3870192307692308 0.36658653846153844 0.007211538461538462 0.009615384615384616