2 0.44350961538461536 0.28846153846153844 0.009615384615384616 0.03485576923076923
2 0.6466346153846154 0.2704326923076923 0.010817307692307692 0.03245192307692308
2 0.2848557692307692 0.296875 0.009615384615384616 0.038461538461538464
2 0.24879807692307693 0.28125 0.008413461538461538 0.037259615384615384
2 0.21153846153846154 0.30528846153846156 0.010817307692307692 0.04326923076923077
2 0.3425480769230769 0.328125 0.010817307692307692 0.04447115384615385
2 0.8004807692307693 0.3737980769230769 0.009615384615384616 0.04567307692307692
2 0.12740384615384615 0.4170673076923077 0.010817307692307692 0.055288461538461536
2 0.8317307692307693 0.3401442307692308 0.009615384615384616 0.04447115384615385
2 0.23918269230769232 0.36658653846153844 0.010817307692307692 0.04326923076923077
2 0.31009615384615385 0.44350961538461536 0.010817307692307692 0.055288461538461536
2 0.1814903846153846 0.33653846153846156 0.01201923076923077 0.04567307692307692
2 0.6634615384615384 0.40024038461538464 0.014423076923076924 0.04447115384615385
2 0.3293269230769231 0.38221153846153844 0.013221153846153846 0.05048076923076923
3 0.4807692307692308 0.375 0.009615384615384616 0.04807692307692308
1 0.9050480769230769 0.39302884615384615 0.015625 0.04807692307692308
2 0.10817307692307693 0.5576923076923077 0.019230769230769232 0.0625
2 0.1466346153846154 0.6177884615384616 0.015625 0.07451923076923077
2 0.18509615384615385 0.47836538461538464 0.014423076923076924 0.06129807692307692
2 0.46033653846153844 0.5709134615384616 0.020432692307692308 0.06490384615384616
2 0.5276442307692307 0.7451923076923077 0.025240384615384616 0.07572115384615384
0 0.6490384615384616 0.4206730769230769 0.007211538461538462 0.01201923076923077
3 0.6850961538461539 0.22956730769230768 0.008413461538461538 0.03125
2 0.390625 0.23557692307692307 0.01201923076923077 0.03125