2 0.8100961538461539 0.39302884615384615 0.026442307692307692 0.04807692307692308
2 0.8509615384615384 0.5048076923076923 0.02403846153846154 0.0625
2 0.8040865384615384 0.3762019230769231 0.021634615384615384 0.05048076923076923
2 0.7055288461538461 0.27403846153846156 0.021634615384615384 0.04326923076923077
2 0.6370192307692307 0.24639423076923078 0.028846153846153848 0.052884615384615384
2 0.7247596153846154 0.2704326923076923 0.016826923076923076 0.040865384615384616
1 0.9278846153846154 0.4338942307692308 0.02403846153846154 0.0625
2 0.8689903846153846 0.45072115384615385 0.02403846153846154 0.057692307692307696
2 0.5745192307692307 0.25600961538461536 0.021634615384615384 0.04807692307692308
2 0.7247596153846154 0.33413461538461536 0.021634615384615384 0.057692307692307696
2 0.42788461538461536 0.2127403846153846 0.02403846153846154 0.04567307692307692
2 0.8377403846153846 0.3870192307692308 0.02403846153846154 0.06009615384615385
3 0.6045673076923077 0.2956730769230769 0.02403846153846154 0.055288461538461536
2 0.7752403846153846 0.4423076923076923 0.026442307692307692 0.06490384615384616
2 0.8978365384615384 0.47836538461538464 0.03125 0.06490384615384616
2 0.6995192307692307 0.36899038461538464 0.03125 0.0625
2 0.5432692307692307 0.4723557692307692 0.03365384615384615 0.07451923076923077
2 0.2704326923076923 0.2860576923076923 0.026442307692307692 0.0673076923076923
2 0.2439903846153846 0.28725961538461536 0.03125 0.06971153846153846
2 0.5048076923076923 0.30288461538461536 0.028846153846153848 0.06009615384615385
2 0.1658653846153846 0.21995192307692307 0.026442307692307692 0.0625
0 0.5901442307692307 0.27884615384615385 0.007211538461538462 0.009615384615384616
2 0.7043269230769231 0.25961538461538464 0.02403846153846154 0.055288461538461536