2 0.5961538461538461 0.1346153846153846 0.01201923076923077 0.04326923076923077
2 0.33774038461538464 0.4338942307692308 0.021634615384615384 0.07692307692307693
2 0.3629807692307692 0.3137019230769231 0.014423076923076924 0.0625
2 0.38221153846153844 0.25721153846153844 0.016826923076923076 0.055288461538461536
2 0.7235576923076923 0.31971153846153844 0.014423076923076924 0.0625
2 0.578125 0.19951923076923078 0.009615384615384616 0.05048076923076923
2 0.3293269230769231 0.3762019230769231 0.016826923076923076 0.0673076923076923
2 0.7956730769230769 0.24158653846153846 0.016826923076923076 0.052884615384615384
3 0.4723557692307692 0.40865384615384615 0.014423076923076924 0.07451923076923077
2 0.2608173076923077 0.5408653846153846 0.021634615384615384 0.08413461538461539
2 0.4579326923076923 0.32091346153846156 0.01201923076923077 0.06009615384615385
2 0.640625 0.41947115384615385 0.021634615384615384 0.07932692307692307
2 0.30408653846153844 0.41225961538461536 0.016826923076923076 0.06971153846153846
2 0.640625 0.3425480769230769 0.014423076923076924 0.06490384615384616
2 0.5120192307692307 0.28125 0.01201923076923077 0.06009615384615385
2 0.8257211538461539 0.45072115384615385 0.019230769230769232 0.08173076923076923
2 0.43990384615384615 0.34134615384615385 0.016826923076923076 0.06971153846153846
2 0.5096153846153846 0.5516826923076923 0.019230769230769232 0.08413461538461539
2 0.38461538461538464 0.49399038461538464 0.021634615384615384 0.07692307692307693
2 0.43028846153846156 0.8978365384615384 0.02403846153846154 0.12980769230769232
2 0.38341346153846156 0.23918269230769232 0.01201923076923077 0.052884615384615384
3 0.4639423076923077 0.11538461538461539 0.009615384615384616 0.04326923076923077
0 0.7584134615384616 0.27524038461538464 0.007211538461538462 0.01201923076923077