3 0.3545673076923077 0.08173076923076923 0.016826923076923076 0.036057692307692304
2 0.46875 0.08413461538461539 0.019230769230769232 0.04567307692307692
0 0.8329326923076923 0.5769230769230769 0.009615384615384616 0.014423076923076924
2 0.31009615384615385 0.21995192307692307 0.021634615384615384 0.055288461538461536
2 0.30288461538461536 0.25 0.019230769230769232 0.055288461538461536
2 0.2608173076923077 0.38822115384615385 0.028846153846153848 0.07451923076923077
2 0.4326923076923077 0.39663461538461536 0.026442307692307692 0.07211538461538461
2 0.6286057692307693 0.34134615384615385 0.02403846153846154 0.07692307692307693
2 0.44471153846153844 0.2512019230769231 0.02403846153846154 0.0625
2 0.2283653846153846 0.49759615384615385 0.028846153846153848 0.07932692307692307
2 0.5396634615384616 0.16706730769230768 0.021634615384615384 0.06009615384615385
2 0.38461538461538464 0.34134615384615385 0.028846153846153848 0.06490384615384616
2 0.46634615384615385 0.5540865384615384 0.03365384615384615 0.0985576923076923
3 0.3798076923076923 0.4266826923076923 0.03125 0.07932692307692307
2 0.46634615384615385 0.6141826923076923 0.036057692307692304 0.09134615384615384
2 0.5564903846153846 0.3016826923076923 0.04567307692307692 0.07451923076923077
2 0.8581730769230769 0.20072115384615385 0.028846153846153848 0.06971153846153846
2 0.24639423076923078 0.453125 0.03125 0.08173076923076923
2 0.22115384615384615 0.7295673076923077 0.040865384615384616 0.10096153846153846
2 0.23317307692307693 0.6754807692307693 0.036057692307692304 0.08653846153846154
2 0.7007211538461539 0.6286057692307693 0.04807692307692308 0.0985576923076923
2 0.49759615384615385 0.8882211538461539 0.05048076923076923 0.11538461538461539
2 0.8449519230769231 0.5528846153846154 0.057692307692307696 0.10096153846153846