3 0.5024038461538461 0.052884615384615384 0.019230769230769232 0.040865384615384616
2 0.6177884615384616 0.1045673076923077 0.021634615384615384 0.05048076923076923
0 0.7728365384615384 0.7572115384615384 0.01201923076923077 0.016826923076923076
2 0.40024038461538464 0.17307692307692307 0.02403846153846154 0.06009615384615385
2 0.3798076923076923 0.20192307692307693 0.021634615384615384 0.06009615384615385
2 0.2776442307692308 0.32211538461538464 0.03365384615384615 0.08173076923076923
2 0.44711538461538464 0.4026442307692308 0.028846153846153848 0.07932692307692307
2 0.6670673076923077 0.4326923076923077 0.028846153846153848 0.08413461538461539
2 0.5204326923076923 0.2620192307692308 0.028846153846153848 0.06971153846153846
2 0.19951923076923078 0.4170673076923077 0.03125 0.08653846153846154
2 0.6538461538461539 0.21754807692307693 0.026442307692307692 0.06490384615384616
2 0.4230769230769231 0.32572115384615385 0.03365384615384615 0.07211538461538461
2 0.41466346153846156 0.5769230769230769 0.038461538461538464 0.10576923076923077
3 0.3798076923076923 0.4110576923076923 0.03365384615384615 0.08653846153846154
2 0.38822115384615385 0.6370192307692307 0.040865384615384616 0.10096153846153846
2 0.6129807692307693 0.3605769230769231 0.05048076923076923 0.08173076923076923
2 0.9591346153846154 0.3858173076923077 0.03125 0.07692307692307693
2 0.23557692307692307 0.3798076923076923 0.036057692307692304 0.0889423076923077
2 0.09254807692307693 0.6478365384615384 0.04567307692307692 0.11298076923076923
2 0.12620192307692307 0.5985576923076923 0.04326923076923077 0.09375
2 0.6177884615384616 0.7512019230769231 0.052884615384615384 0.10817307692307693
2 0.30408653846153844 0.9170673076923077 0.052884615384615384 0.10576923076923077
2 0.7944711538461539 0.7367788461538461 0.06490384615384616 0.11057692307692307