1 0.8341346153846154 0.25721153846153844 0.026442307692307692 0.05048076923076923
2 0.4567307692307692 0.25600961538461536 0.021634615384615384 0.055288461538461536
2 0.7908653846153846 0.25600961538461536 0.028846153846153848 0.052884615384615384
2 0.5096153846153846 0.21033653846153846 0.026442307692307692 0.057692307692307696
2 0.4567307692307692 0.2247596153846154 0.02403846153846154 0.05048076923076923
2 0.4639423076923077 0.265625 0.026442307692307692 0.055288461538461536
2 0.8485576923076923 0.28725961538461536 0.026442307692307692 0.06009615384615385
2 0.48677884615384615 0.22956730769230768 0.026442307692307692 0.052884615384615384
2 0.671875 0.2608173076923077 0.021634615384615384 0.04807692307692308
2 0.3629807692307692 0.3401442307692308 0.026442307692307692 0.06490384615384616
2 0.3245192307692308 0.2644230769230769 0.021634615384615384 0.052884615384615384
3 0.40865384615384615 0.29086538461538464 0.036057692307692304 0.0625
2 0.5492788461538461 0.3112980769230769 0.02403846153846154 0.052884615384615384
2 0.49278846153846156 0.2764423076923077 0.026442307692307692 0.0625
2 0.8064903846153846 0.3004807692307692 0.03125 0.0673076923076923
2 0.6502403846153846 0.25961538461538464 0.026442307692307692 0.06009615384615385
2 0.7596153846153846 0.33052884615384615 0.026442307692307692 0.06490384615384616
2 0.6935096153846154 0.2692307692307692 0.03125 0.06971153846153846
2 0.17307692307692307 0.41586538461538464 0.03125 0.07211538461538461
2 0.14182692307692307 0.43990384615384615 0.038461538461538464 0.07211538461538461
2 0.4579326923076923 0.4807692307692308 0.036057692307692304 0.07932692307692307
2 0.04447115384615385 0.39663461538461536 0.03365384615384615 0.06971153846153846