2 0.6334134615384616 0.3016826923076923 0.021634615384615384 0.057692307692307696
2 0.6730769230769231 0.3389423076923077 0.02403846153846154 0.05048076923076923
1 0.8040865384615384 0.37740384615384615 0.021634615384615384 0.057692307692307696
2 0.7980769230769231 0.40384615384615385 0.028846153846153848 0.07692307692307693
2 0.5757211538461539 0.33774038461538464 0.021634615384615384 0.06490384615384616
2 0.8305288461538461 0.4230769230769231 0.02403846153846154 0.06971153846153846
2 0.5552884615384616 0.46033653846153844 0.026442307692307692 0.07451923076923077
2 0.7319711538461539 0.4423076923076923 0.038461538461538464 0.07692307692307693
2 0.8004807692307693 0.4699519230769231 0.040865384615384616 0.09134615384615384
2 0.3701923076923077 0.375 0.03365384615384615 0.07451923076923077
2 0.7512019230769231 0.39302884615384615 0.03365384615384615 0.0673076923076923
3 0.24519230769230768 0.3449519230769231 0.026442307692307692 0.07211538461538461
2 0.6225961538461539 0.41346153846153844 0.028846153846153848 0.08173076923076923
2 0.4987980769230769 0.3401442307692308 0.038461538461538464 0.07451923076923077
2 0.6634615384615384 0.38341346153846156 0.03125 0.06971153846153846
2 0.6298076923076923 0.46033653846153844 0.040865384615384616 0.07211538461538461
2 0.4026442307692308 0.4543269230769231 0.02403846153846154 0.08653846153846154
2 0.22115384615384615 0.33052884615384615 0.02403846153846154 0.07211538461538461
2 0.47475961538461536 0.5144230769230769 0.028846153846153848 0.09375
2 0.7944711538461539 0.5216346153846154 0.038461538461538464 0.11057692307692307
2 0.08653846153846154 0.5961538461538461 0.038461538461538464 0.09615384615384616
0 0.6454326923076923 0.328125 0.009615384615384616 0.01201923076923077