0 0.6213942307692307 0.49399038461538464 0.007211538461538462 0.01201923076923077
2 0.3786057692307692 0.21754807692307693 0.01201923076923077 0.038461538461538464
2 0.3894230769230769 0.36538461538461536 0.019230769230769232 0.055288461538461536
3 0.5012019230769231 0.34975961538461536 0.026442307692307692 0.057692307692307696
2 0.7620192307692307 0.2512019230769231 0.016826923076923076 0.04807692307692308
2 0.49038461538461536 0.28725961538461536 0.019230769230769232 0.04807692307692308
2 0.2512019230769231 0.32572115384615385 0.014423076923076924 0.052884615384615384
2 0.33413461538461536 0.3581730769230769 0.019230769230769232 0.05048076923076923
2 0.3737980769230769 0.43028846153846156 0.021634615384615384 0.0673076923076923
2 0.27283653846153844 0.2932692307692308 0.019230769230769232 0.04807692307692308
2 0.20552884615384615 0.36899038461538464 0.016826923076923076 0.057692307692307696
2 0.9134615384615384 0.3581730769230769 0.019230769230769232 0.0625
2 0.6370192307692307 0.4567307692307692 0.03125 0.06490384615384616
2 0.35216346153846156 0.5204326923076923 0.026442307692307692 0.06490384615384616
2 0.953125 0.3737980769230769 0.02403846153846154 0.06490384615384616
2 0.25 0.4483173076923077 0.021634615384615384 0.057692307692307696
2 0.18028846153846154 0.4723557692307692 0.02403846153846154 0.0673076923076923
2 0.390625 0.9447115384615384 0.04326923076923077 0.10096153846153846
2 0.19230769230769232 0.5985576923076923 0.02403846153846154 0.07932692307692307
2 0.46033653846153844 0.6298076923076923 0.03125 0.07932692307692307
2 0.31850961538461536 0.5889423076923077 0.026442307692307692 0.07932692307692307
2 0.11899038461538461 0.6081730769230769 0.02403846153846154 0.06971153846153846
3 0.7536057692307693 0.18269230769230768 0.019230769230769232 0.04326923076923077