1 0.12139423076923077 0.3449519230769231 0.014423076923076924 0.04807692307692308
2 0.4855769230769231 0.25240384615384615 0.009615384615384616 0.054086538461538464
2 0.1622596153846154 0.33413461538461536 0.015625 0.051682692307692304
2 0.4230769230769231 0.22235576923076922 0.014423076923076924 0.055288461538461536
2 0.47836538461538464 0.22355769230769232 0.01201923076923077 0.04807692307692308
2 0.4795673076923077 0.265625 0.013221153846153846 0.052884615384615384
2 0.11298076923076923 0.37740384615384615 0.01201923076923077 0.05889423076923077
2 0.4483173076923077 0.234375 0.013221153846153846 0.05048076923076923
2 0.2776442307692308 0.31009615384615385 0.010817307692307692 0.04807692307692308
2 0.5949519230769231 0.3125 0.010817307692307692 0.0625
2 0.6129807692307693 0.22956730769230768 0.009615384615384616 0.05048076923076923
3 0.5384615384615384 0.27524038461538464 0.021634615384615384 0.05889423076923077
2 0.4074519230769231 0.3293269230769231 0.010817307692307692 0.051682692307692304
2 0.4543269230769231 0.2824519230769231 0.01201923076923077 0.06129807692307692
2 0.15625 0.38100961538461536 0.015625 0.06610576923076923
2 0.296875 0.30288461538461536 0.013221153846153846 0.057692307692307696
2 0.2091346153846154 0.39903846153846156 0.01201923076923077 0.0625
2 0.25841346153846156 0.3233173076923077 0.015625 0.0673076923076923
2 0.7956730769230769 0.3401442307692308 0.013221153846153846 0.07091346153846154
2 0.8317307692307693 0.3545673076923077 0.021634615384615384 0.06971153846153846
2 0.5360576923076923 0.4699519230769231 0.016826923076923076 0.07692307692307693
2 0.9146634615384616 0.29086538461538464 0.018028846153846152 0.0673076923076923