2 0.5276442307692307 0.3605769230769231 0.016826923076923076 0.036057692307692304
0 0.78125 0.4963942307692308 0.007211538461538462 0.01201923076923077
2 0.39903846153846156 0.3004807692307692 0.014423076923076924 0.036057692307692304
2 0.5288461538461539 0.3786057692307692 0.019230769230769232 0.04567307692307692
2 0.546875 0.30649038461538464 0.016826923076923076 0.038461538461538464
2 0.4891826923076923 0.6069711538461539 0.028846153846153848 0.057692307692307696
2 0.39302884615384615 0.359375 0.016826923076923076 0.040865384615384616
2 0.49278846153846156 0.3605769230769231 0.016826923076923076 0.04567307692307692
2 0.3942307692307692 0.44711538461538464 0.021634615384615384 0.04807692307692308
2 0.36899038461538464 0.4170673076923077 0.019230769230769232 0.04567307692307692
2 0.27524038461538464 0.5889423076923077 0.021634615384615384 0.052884615384615384
1 0.057692307692307696 0.4951923076923077 0.02403846153846154 0.05048076923076923
2 0.4182692307692308 0.33413461538461536 0.016826923076923076 0.040865384615384616
2 0.3317307692307692 0.4735576923076923 0.02403846153846154 0.05048076923076923
2 0.7728365384615384 0.3112980769230769 0.019230769230769232 0.04567307692307692
2 0.3473557692307692 0.4375 0.02403846153846154 0.05048076923076923
2 0.48677884615384615 0.48197115384615385 0.021634615384615384 0.055288461538461536
2 0.7908653846153846 0.39903846153846156 0.02403846153846154 0.052884615384615384
2 0.6778846153846154 0.42788461538461536 0.021634615384615384 0.052884615384615384
3 0.5144230769230769 0.3798076923076923 0.021634615384615384 0.04567307692307692
2 0.7992788461538461 0.4987980769230769 0.028846153846153848 0.0625
2 0.2283653846153846 0.7992788461538461 0.03365384615384615 0.06490384615384616
3 0.12740384615384615 0.9555288461538461 0.04807692307692308 0.0889423076923077
3 0.7247596153846154 0.22235576923076922 0.016826923076923076 0.036057692307692304
2 0.45552884615384615 0.27403846153846156 0.019230769230769232 0.038461538461538464