2 0.39903846153846156 0.34975961538461536 0.01201923076923077 0.05048076923076923
2 0.36658653846153844 0.3870192307692308 0.018028846153846152 0.042067307692307696
1 0.25600961538461536 0.43509615384615385 0.014423076923076924 0.04927884615384615
2 0.2644230769230769 0.45913461538461536 0.016826923076923076 0.0673076923076923
2 0.453125 0.375 0.010817307692307692 0.057692307692307696
2 0.23798076923076922 0.47836538461538464 0.014423076923076924 0.06129807692307692
2 0.484375 0.48197115384615385 0.015625 0.06490384615384616
2 0.328125 0.4855769230769231 0.025240384615384616 0.06610576923076923
2 0.2692307692307692 0.5168269230769231 0.027644230769230768 0.078125
2 0.640625 0.3858173076923077 0.021634615384615384 0.06370192307692307
2 0.30408653846153844 0.4423076923076923 0.02283653846153846 0.057692307692307696
3 0.7487980769230769 0.3449519230769231 0.015625 0.0625
2 0.4206730769230769 0.44711538461538464 0.016826923076923076 0.07211538461538461
2 0.5228365384615384 0.36899038461538464 0.026442307692307692 0.06370192307692307
2 0.3798076923076923 0.4254807692307692 0.021634615384615384 0.06009615384615385
2 0.4182692307692308 0.49038461538461536 0.028846153846153848 0.06129807692307692
2 0.6189903846153846 0.46033653846153844 0.01201923076923077 0.07572115384615384
2 0.7680288461538461 0.33052884615384615 0.015625 0.0625
2 0.5612980769230769 0.5204326923076923 0.015625 0.08173076923076923
2 0.27884615384615385 0.5625 0.02403846153846154 0.09615384615384616
2 0.9158653846153846 0.5516826923076923 0.02403846153846154 0.0829326923076923
0 0.390625 0.375 0.007211538461538462 0.009615384615384616