2 0.6682692307692307 0.20072115384615385 0.02403846153846154 0.040865384615384616
2 0.5853365384615384 0.24759615384615385 0.02403846153846154 0.04326923076923077
3 0.5408653846153846 0.1658653846153846 0.016826923076923076 0.03365384615384615
2 0.75 0.2848557692307692 0.021634615384615384 0.04326923076923077
2 0.5949519230769231 0.2536057692307692 0.02403846153846154 0.05048076923076923
2 0.6959134615384616 0.24759615384615385 0.019230769230769232 0.04567307692307692
2 0.7403846153846154 0.3173076923076923 0.026442307692307692 0.052884615384615384
2 0.5973557692307693 0.296875 0.021634615384615384 0.057692307692307696
2 0.7139423076923077 0.2932692307692308 0.026442307692307692 0.04807692307692308
2 0.5612980769230769 0.3004807692307692 0.021634615384615384 0.057692307692307696
2 0.46033653846153844 0.26802884615384615 0.021634615384615384 0.057692307692307696
2 0.4098557692307692 0.32211538461538464 0.02403846153846154 0.0673076923076923
2 0.37259615384615385 0.3269230769230769 0.02403846153846154 0.06490384615384616
2 0.5793269230769231 0.38822115384615385 0.02403846153846154 0.06490384615384616
2 0.8076923076923077 0.3737980769230769 0.02403846153846154 0.06490384615384616
3 0.5480769230769231 0.3798076923076923 0.026442307692307692 0.06971153846153846
2 0.3425480769230769 0.38100961538461536 0.028846153846153848 0.07451923076923077
2 0.5108173076923077 0.5420673076923077 0.03125 0.07692307692307693
2 0.4230769230769231 0.4326923076923077 0.026442307692307692 0.07211538461538461
2 0.90625 0.5084134615384616 0.03125 0.07451923076923077
2 0.28125 0.42908653846153844 0.026442307692307692 0.07211538461538461
2 0.3870192307692308 0.7139423076923077 0.040865384615384616 0.10336538461538461
0 0.7415865384615384 0.30408653846153844 0.007211538461538462 0.009615384615384616