2 0.5168269230769231 0.42427884615384615 0.016826923076923076 0.038461538461538464
0 0.7007211538461539 0.6622596153846154 0.007211538461538462 0.01201923076923077
2 0.4182692307692308 0.31009615384615385 0.016826923076923076 0.038461538461538464
2 0.5108173076923077 0.4411057692307692 0.019230769230769232 0.04807692307692308
2 0.5576923076923077 0.38100961538461536 0.016826923076923076 0.038461538461538464
2 0.375 0.6430288461538461 0.028846153846153848 0.06009615384615385
2 0.3870192307692308 0.36538461538461536 0.016826923076923076 0.04326923076923077
2 0.48197115384615385 0.40865384615384615 0.019230769230769232 0.04807692307692308
2 0.35096153846153844 0.4495192307692308 0.021634615384615384 0.052884615384615384
2 0.34134615384615385 0.4110576923076923 0.019230769230769232 0.04807692307692308
2 0.1778846153846154 0.5360576923076923 0.021634615384615384 0.055288461538461536
2 0.4230769230769231 0.35096153846153844 0.019230769230769232 0.04326923076923077
2 0.28125 0.4483173076923077 0.02403846153846154 0.052884615384615384
2 0.7728365384615384 0.4807692307692308 0.019230769230769232 0.04567307692307692
2 0.31009615384615385 0.421875 0.02403846153846154 0.052884615384615384
2 0.42427884615384615 0.5216346153846154 0.02403846153846154 0.06009615384615385
2 0.7524038461538461 0.5733173076923077 0.02403846153846154 0.055288461538461536
2 0.6322115384615384 0.5516826923076923 0.021634615384615384 0.055288461538461536
3 0.4951923076923077 0.4375 0.02403846153846154 0.04807692307692308
2 0.7175480769230769 0.671875 0.028846153846153848 0.06490384615384616
2 0.042067307692307696 0.7175480769230769 0.036057692307692304 0.06971153846153846
3 0.7632211538461539 0.375 0.016826923076923076 0.038461538461538464
2 0.484375 0.3088942307692308 0.019230769230769232 0.040865384615384616