3 0.45552884615384615 0.016826923076923076 0.016826923076923076 0.03365384615384615
2 0.3473557692307692 0.06610576923076923 0.021634615384615384 0.04807692307692308
0 0.2091346153846154 0.703125 0.01201923076923077 0.016826923076923076
2 0.5600961538461539 0.12980769230769232 0.026442307692307692 0.06009615384615385
2 0.5805288461538461 0.15745192307692307 0.021634615384615384 0.06009615384615385
2 0.6814903846153846 0.27163461538461536 0.03365384615384615 0.07932692307692307
2 0.5180288461538461 0.35336538461538464 0.03125 0.07692307692307693
2 0.30408653846153844 0.3858173076923077 0.028846153846153848 0.08173076923076923
2 0.44350961538461536 0.21875 0.028846153846153848 0.0673076923076923
2 0.7584134615384616 0.3641826923076923 0.03365384615384615 0.08413461538461539
2 0.31490384615384615 0.1778846153846154 0.026442307692307692 0.0625
2 0.5408653846153846 0.27884615384615385 0.03365384615384615 0.06971153846153846
2 0.5516826923076923 0.5228365384615384 0.038461538461538464 0.10096153846153846
3 0.5841346153846154 0.359375 0.036057692307692304 0.08413461538461539
2 0.5805288461538461 0.5805288461538461 0.040865384615384616 0.0985576923076923
2 0.35697115384615385 0.3161057692307692 0.05048076923076923 0.07932692307692307
2 0.020432692307692308 0.34615384615384615 0.03365384615384615 0.07451923076923077
2 0.7235576923076923 0.3269230769230769 0.036057692307692304 0.08653846153846154
2 0.8665865384615384 0.5853365384615384 0.04567307692307692 0.10817307692307693
2 0.8329326923076923 0.5372596153846154 0.04326923076923077 0.09134615384615384
2 0.359375 0.6935096153846154 0.052884615384615384 0.10336538461538461
2 0.6670673076923077 0.8581730769230769 0.057692307692307696 0.12259615384615384
2 0.1875 0.6826923076923077 0.0625 0.10817307692307693