3 0.3076923076923077 0.0733173076923077 0.019230769230769232 0.038461538461538464
2 0.4266826923076923 0.06850961538461539 0.02403846153846154 0.04807692307692308
0 0.8413461538461539 0.5552884615384616 0.01201923076923077 0.014423076923076924
2 0.2704326923076923 0.21995192307692307 0.026442307692307692 0.057692307692307696
2 0.2668269230769231 0.2536057692307692 0.02403846153846154 0.057692307692307696
2 0.23197115384615385 0.40024038461538464 0.036057692307692304 0.07692307692307693
2 0.4110576923076923 0.3954326923076923 0.03125 0.07692307692307693
2 0.6105769230769231 0.3245192307692308 0.03125 0.07932692307692307
2 0.41346153846153844 0.24519230769230768 0.028846153846153848 0.06490384615384616
2 0.20673076923076922 0.515625 0.03365384615384615 0.08413461538461539
2 0.5072115384615384 0.1502403846153846 0.028846153846153848 0.0625
2 0.3581730769230769 0.34134615384615385 0.03365384615384615 0.06971153846153846
2 0.45913461538461536 0.5564903846153846 0.040865384615384616 0.10096153846153846
3 0.3581730769230769 0.4326923076923077 0.038461538461538464 0.08413461538461539
2 0.46274038461538464 0.6189903846153846 0.04326923076923077 0.09615384615384616
2 0.5336538461538461 0.28846153846153844 0.05048076923076923 0.07932692307692307
2 0.8389423076923077 0.15985576923076922 0.03365384615384615 0.07211538461538461
2 0.22115384615384615 0.46875 0.038461538461538464 0.08413461538461539
2 0.21514423076923078 0.7584134615384616 0.04807692307692308 0.10576923076923077
2 0.22355769230769232 0.7007211538461539 0.04326923076923077 0.0889423076923077
2 0.7055288461538461 0.6177884615384616 0.055288461538461536 0.10336538461538461
2 0.5144230769230769 0.9026442307692307 0.06009615384615385 0.1201923076923077
2 0.8509615384615384 0.5288461538461539 0.06490384615384616 0.10576923076923077