2 0.359375 0.24278846153846154 0.019230769230769232 0.040865384615384616
2 0.5733173076923077 0.17307692307692307 0.019230769230769232 0.038461538461538464
2 0.19110576923076922 0.29086538461538464 0.019230769230769232 0.04326923076923077
2 0.14783653846153846 0.28365384615384615 0.019230769230769232 0.040865384615384616
2 0.1141826923076923 0.31850961538461536 0.021634615384615384 0.05048076923076923
2 0.2608173076923077 0.31009615384615385 0.021634615384615384 0.05048076923076923
2 0.7644230769230769 0.24519230769230768 0.021634615384615384 0.05048076923076923
2 0.051682692307692304 0.46033653846153844 0.026442307692307692 0.0625
2 0.7896634615384616 0.20192307692307693 0.021634615384615384 0.05048076923076923
2 0.15985576923076922 0.37740384615384615 0.021634615384615384 0.05048076923076923
2 0.2548076923076923 0.44350961538461536 0.026442307692307692 0.0625
2 0.0889423076923077 0.359375 0.02403846153846154 0.052884615384615384
2 0.6237980769230769 0.3088942307692308 0.026442307692307692 0.052884615384615384
2 0.2608173076923077 0.37259615384615385 0.028846153846153848 0.057692307692307696
3 0.421875 0.3269230769230769 0.021634615384615384 0.052884615384615384
1 0.8834134615384616 0.24158653846153846 0.028846153846153848 0.055288461538461536
2 0.06610576923076923 0.6165865384615384 0.036057692307692304 0.07211538461538461
2 0.12139423076923077 0.671875 0.03365384615384615 0.08413461538461539
2 0.12740384615384615 0.5120192307692307 0.03125 0.06971153846153846
2 0.4483173076923077 0.5432692307692307 0.038461538461538464 0.07451923076923077
2 0.5649038461538461 0.7151442307692307 0.04567307692307692 0.0889423076923077
0 0.6129807692307693 0.33413461538461536 0.009615384615384616 0.014423076923076924
3 0.6057692307692307 0.11899038461538461 0.016826923076923076 0.036057692307692304
2 0.28846153846153844 0.19831730769230768 0.021634615384615384 0.036057692307692304