2 0.6466346153846154 0.11177884615384616 0.019230769230769232 0.038461538461538464
2 0.5685096153846154 0.171875 0.019230769230769232 0.040865384615384616
3 0.5120192307692307 0.09495192307692307 0.01201923076923077 0.03365384615384615
2 0.7403846153846154 0.18629807692307693 0.014423076923076924 0.04326923076923077
2 0.578125 0.17668269230769232 0.016826923076923076 0.05048076923076923
2 0.6814903846153846 0.15625 0.014423076923076924 0.04567307692307692
2 0.734375 0.22115384615384615 0.021634615384615384 0.052884615384615384
2 0.5865384615384616 0.21995192307692307 0.014423076923076924 0.057692307692307696
2 0.7055288461538461 0.19951923076923078 0.021634615384615384 0.04807692307692308
2 0.5516826923076923 0.2283653846153846 0.014423076923076924 0.057692307692307696
2 0.44591346153846156 0.21033653846153846 0.014423076923076924 0.057692307692307696
2 0.4014423076923077 0.2704326923076923 0.014423076923076924 0.06971153846153846
2 0.3641826923076923 0.2824519230769231 0.014423076923076924 0.0673076923076923
2 0.5817307692307693 0.31490384615384615 0.016826923076923076 0.0673076923076923
2 0.8112980769230769 0.2668269230769231 0.016826923076923076 0.06490384615384616
3 0.5492788461538461 0.31009615384615385 0.016826923076923076 0.06971153846153846
2 0.3425480769230769 0.34134615384615385 0.019230769230769232 0.07451923076923077
2 0.5348557692307693 0.4795673076923077 0.021634615384615384 0.07692307692307693
2 0.42908653846153844 0.38221153846153844 0.019230769230769232 0.07211538461538461
2 0.9302884615384616 0.3894230769230769 0.02403846153846154 0.07451923076923077
2 0.2860576923076923 0.39903846153846156 0.016826923076923076 0.07451923076923077
2 0.4326923076923077 0.671875 0.028846153846153848 0.10336538461538461
0 0.734375 0.20673076923076922 0.004807692307692308 0.009615384615384616