2 0.33413461538461536 0.21033653846153846 0.019230769230769232 0.057692307692307696
0 0.8413461538461539 0.37259615384615385 0.007211538461538462 0.01201923076923077
3 0.4483173076923077 0.07091346153846154 0.014423076923076924 0.04807692307692308
2 0.39903846153846156 0.38341346153846156 0.02403846153846154 0.07932692307692307
2 0.5769230769230769 0.09735576923076923 0.016826923076923076 0.04807692307692308
2 0.11177884615384616 0.6274038461538461 0.038461538461538464 0.10096153846153846
2 0.3329326923076923 0.22716346153846154 0.019230769230769232 0.06971153846153846
2 0.4987980769230769 0.2536057692307692 0.016826923076923076 0.0673076923076923
3 0.39302884615384615 0.39903846153846156 0.021634615384615384 0.07932692307692307
2 0.6045673076923077 0.19230769230769232 0.016826923076923076 0.057692307692307696
2 0.859375 0.3389423076923077 0.026442307692307692 0.07211538461538461
2 0.44711538461538464 0.31490384615384615 0.02403846153846154 0.0625
2 0.11899038461538461 0.5805288461538461 0.038461538461538464 0.09134615384615384
2 0.2704326923076923 0.31971153846153844 0.02403846153846154 0.07451923076923077
2 0.5612980769230769 0.3112980769230769 0.021634615384615384 0.07211538461538461
2 0.6826923076923077 0.33774038461538464 0.021634615384615384 0.07451923076923077
2 0.2283653846153846 0.390625 0.02403846153846154 0.07932692307692307
2 0.3798076923076923 0.47836538461538464 0.03125 0.08413461538461539
2 0.21514423076923078 0.40865384615384615 0.03365384615384615 0.08413461538461539
2 0.8521634615384616 0.5805288461538461 0.036057692307692304 0.0985576923076923
2 0.6454326923076923 0.5721153846153846 0.03365384615384615 0.09134615384615384
2 0.36658653846153844 0.5805288461538461 0.03365384615384615 0.09375
2 0.2608173076923077 0.9278846153846154 0.04326923076923077 0.10096153846153846