2 0.7668269230769231 0.4326923076923077 0.026442307692307692 0.06009615384615385
2 0.6105769230769231 0.30408653846153844 0.021634615384615384 0.04567307692307692
2 0.7379807692307693 0.43990384615384615 0.026442307692307692 0.057692307692307696
2 0.84375 0.5661057692307693 0.03365384615384615 0.07451923076923077
2 0.6574519230769231 0.3605769230769231 0.02403846153846154 0.055288461538461536
1 0.9879807692307693 0.5564903846153846 0.02403846153846154 0.06971153846153846
2 0.5649038461538461 0.3016826923076923 0.02403846153846154 0.05048076923076923
2 0.5048076923076923 0.29447115384615385 0.028846153846153848 0.055288461538461536
2 0.5132211538461539 0.3918269230769231 0.028846153846153848 0.0625
2 0.9375 0.5889423076923077 0.038461538461538464 0.07211538461538461
2 0.5745192307692307 0.5060096153846154 0.038461538461538464 0.07451923076923077
2 0.47115384615384615 0.3629807692307692 0.028846153846153848 0.0673076923076923
2 0.7776442307692307 0.4675480769230769 0.038461538461538464 0.06971153846153846
2 0.671875 0.47475961538461536 0.03125 0.06971153846153846
2 0.8653846153846154 0.5048076923076923 0.028846153846153848 0.0673076923076923
2 0.8233173076923077 0.5961538461538461 0.036057692307692304 0.07451923076923077
2 0.9206730769230769 0.5709134615384616 0.03365384615384615 0.06971153846153846
3 0.4879807692307692 0.36177884615384615 0.028846153846153848 0.0673076923076923
2 0.09615384615384616 0.38341346153846156 0.036057692307692304 0.07451923076923077
2 0.6850961538461539 0.5769230769230769 0.040865384615384616 0.08413461538461539
2 0.4326923076923077 0.46634615384615385 0.038461538461538464 0.07692307692307693
0 0.59375 0.3173076923076923 0.007211538461538462 0.009615384615384616
2 0.7896634615384616 0.4326923076923077 0.028846153846153848 0.057692307692307696