2 0.5600961538461539 0.25721153846153844 0.028846153846153848 0.057692307692307696
2 0.6057692307692307 0.28846153846153844 0.03125 0.05048076923076923
1 0.7391826923076923 0.3088942307692308 0.028846153846153848 0.057692307692307696
2 0.7367788461538461 0.33533653846153844 0.038461538461538464 0.07692307692307693
2 0.5096153846153846 0.3004807692307692 0.028846153846153848 0.06490384615384616
2 0.7716346153846154 0.34975961538461536 0.03365384615384615 0.06971153846153846
2 0.5072115384615384 0.42427884615384615 0.036057692307692304 0.07451923076923077
2 0.6766826923076923 0.38341346153846156 0.04567307692307692 0.07692307692307693
2 0.7475961538461539 0.40024038461538464 0.052884615384615384 0.09375
2 0.3125 0.36658653846153844 0.040865384615384616 0.07451923076923077
2 0.6887019230769231 0.33052884615384615 0.040865384615384616 0.0673076923076923
3 0.18389423076923078 0.35336538461538464 0.03365384615384615 0.06971153846153846
2 0.5649038461538461 0.36778846153846156 0.038461538461538464 0.08173076923076923
2 0.4338942307692308 0.31490384615384615 0.04807692307692308 0.07692307692307693
2 0.6021634615384616 0.3329326923076923 0.040865384615384616 0.07211538461538461
2 0.5805288461538461 0.41346153846153844 0.04807692307692308 0.07211538461538461
2 0.3557692307692308 0.4387019230769231 0.03365384615384615 0.08413461538461539
2 0.15865384615384615 0.3425480769230769 0.03365384615384615 0.06971153846153846
2 0.4338942307692308 0.4879807692307692 0.040865384615384616 0.09134615384615384
2 0.7512019230769231 0.4519230769230769 0.052884615384615384 0.11057692307692307
2 0.06490384615384616 0.6225961538461539 0.05048076923076923 0.09615384615384616
0 0.5757211538461539 0.28125 0.009615384615384616 0.01201923076923077