2 0.5408653846153846 0.38341346153846156 0.009615384615384616 0.03365384615384615
0 0.75 0.5625 0.004807692307692308 0.009615384615384616
2 0.43149038461538464 0.3016826923076923 0.007211538461538462 0.03365384615384615
2 0.5384615384615384 0.4014423076923077 0.009615384615384616 0.04326923076923077
2 0.5697115384615384 0.33774038461538464 0.007211538461538462 0.036057692307692304
2 0.45552884615384615 0.6081730769230769 0.016826923076923076 0.052884615384615384
2 0.41346153846153844 0.35697115384615385 0.009615384615384616 0.038461538461538464
2 0.5072115384615384 0.37740384615384615 0.009615384615384616 0.04326923076923077
2 0.39783653846153844 0.4387019230769231 0.009615384615384616 0.04567307692307692
2 0.38100961538461536 0.40625 0.009615384615384616 0.04326923076923077
2 0.25841346153846156 0.5492788461538461 0.009615384615384616 0.04807692307692308
1 0.07211538461538461 0.4170673076923077 0.014423076923076924 0.04807692307692308
2 0.44350961538461536 0.33774038461538464 0.009615384615384616 0.038461538461538464
2 0.33413461538461536 0.45072115384615385 0.014423076923076924 0.04807692307692308
2 0.78125 0.3870192307692308 0.009615384615384616 0.04326923076923077
2 0.3557692307692308 0.4206730769230769 0.01201923076923077 0.04807692307692308
2 0.47716346153846156 0.49038461538461536 0.009615384615384616 0.052884615384615384
2 0.7800480769230769 0.4723557692307692 0.014423076923076924 0.04807692307692308
2 0.6670673076923077 0.47716346153846156 0.009615384615384616 0.05048076923076923
3 0.5240384615384616 0.40024038461538464 0.014423076923076924 0.04326923076923077
2 0.7680288461538461 0.5673076923076923 0.014423076923076924 0.057692307692307696
2 0.171875 0.7367788461538461 0.019230769230769232 0.06009615384615385
3 0.04447115384615385 0.8653846153846154 0.028846153846153848 0.08653846153846154
3 0.7524038461538461 0.2932692307692308 0.009615384615384616 0.03365384615384615
2 0.49038461538461536 0.28846153846153844 0.009615384615384616 0.036057692307692304