2 0.35216346153846156 0.34615384615384615 0.016826923076923076 0.055288461538461536
2 0.31850961538461536 0.3894230769230769 0.021634615384615384 0.04807692307692308
1 0.19831730769230768 0.4495192307692308 0.019230769230769232 0.055288461538461536
2 0.21033653846153846 0.47475961538461536 0.02403846153846154 0.07451923076923077
2 0.41225961538461536 0.37259615384615385 0.014423076923076924 0.0625
2 0.18269230769230768 0.49759615384615385 0.019230769230769232 0.0673076923076923
2 0.4519230769230769 0.4879807692307692 0.021634615384615384 0.07211538461538461
2 0.28125 0.5 0.03125 0.07451923076923077
2 0.21875 0.5372596153846154 0.03365384615384615 0.0889423076923077
2 0.6189903846153846 0.37259615384615385 0.028846153846153848 0.07211538461538461
2 0.2536057692307692 0.4543269230769231 0.028846153846153848 0.06490384615384616
3 0.734375 0.32211538461538464 0.019230769230769232 0.06971153846153846
2 0.38100961538461536 0.4519230769230769 0.021634615384615384 0.07932692307692307
2 0.4879807692307692 0.3605769230769231 0.03365384615384615 0.07211538461538461
2 0.33533653846153844 0.43028846153846156 0.026442307692307692 0.0673076923076923
2 0.38100961538461536 0.4987980769230769 0.03365384615384615 0.06971153846153846
2 0.5997596153846154 0.45552884615384615 0.016826923076923076 0.08413461538461539
2 0.7548076923076923 0.30528846153846156 0.019230769230769232 0.06971153846153846
2 0.5396634615384616 0.5240384615384616 0.021634615384615384 0.09134615384615384
2 0.23197115384615385 0.5865384615384616 0.03125 0.10576923076923077
2 0.9290865384615384 0.5384615384615384 0.03125 0.09375
0 0.34375 0.375 0.007211538461538462 0.01201923076923077