2 0.35216346153846156 0.3125 0.009615384615384616 0.036057692307692304
1 0.19591346153846154 0.3233173076923077 0.01201923076923077 0.038461538461538464
2 0.34615384615384615 0.328125 0.009615384615384616 0.038461538461538464
3 0.43149038461538464 0.25721153846153844 0.007211538461538462 0.028846153846153848
2 0.453125 0.2920673076923077 0.007211538461538462 0.03125
2 0.3317307692307692 0.3088942307692308 0.009615384615384616 0.040865384615384616
2 0.7103365384615384 0.30649038461538464 0.009615384615384616 0.028846153846153848
2 0.515625 0.3004807692307692 0.009615384615384616 0.036057692307692304
2 0.2980769230769231 0.328125 0.014423076923076924 0.040865384615384616
2 0.36899038461538464 0.33774038461538464 0.009615384615384616 0.038461538461538464
2 0.3329326923076923 0.36538461538461536 0.014423076923076924 0.04567307692307692
2 0.3954326923076923 0.3088942307692308 0.009615384615384616 0.04326923076923077
2 0.5132211538461539 0.34375 0.009615384615384616 0.04567307692307692
2 0.5841346153846154 0.3076923076923077 0.009615384615384616 0.040865384615384616
2 0.265625 0.3545673076923077 0.009615384615384616 0.04807692307692308
2 0.8329326923076923 0.3389423076923077 0.009615384615384616 0.040865384615384616
2 0.7980769230769231 0.33052884615384615 0.014423076923076924 0.038461538461538464
2 0.8485576923076923 0.4519230769230769 0.014423076923076924 0.0625
2 0.8305288461538461 0.4338942307692308 0.014423076923076924 0.0625
2 0.9026442307692307 0.4074519230769231 0.014423076923076924 0.055288461538461536
3 0.9879807692307693 0.8954326923076923 0.01201923076923077 0.1201923076923077
3 0.515625 0.3269230769230769 0.019230769230769232 0.04326923076923077
2 0.47716346153846156 0.2704326923076923 0.01201923076923077 0.028846153846153848
2 0.4891826923076923 0.2776442307692308 0.009615384615384616 0.03365384615384615
0 0.4963942307692308 0.2800480769230769 0.004807692307692308 0.009615384615384616