2 0.33774038461538464 0.34615384615384615 0.009615384615384616 0.036057692307692304
1 0.18629807692307693 0.36658653846153844 0.01201923076923077 0.038461538461538464
2 0.33413461538461536 0.36177884615384615 0.009615384615384616 0.036057692307692304
3 0.4110576923076923 0.28725961538461536 0.009615384615384616 0.028846153846153848
2 0.43509615384615385 0.31971153846153844 0.007211538461538462 0.028846153846153848
2 0.31850961538461536 0.34375 0.009615384615384616 0.038461538461538464
2 0.6850961538461539 0.3161057692307692 0.009615384615384616 0.028846153846153848
2 0.4963942307692308 0.3233173076923077 0.009615384615384616 0.036057692307692304
2 0.28846153846153844 0.36538461538461536 0.014423076923076924 0.040865384615384616
2 0.3557692307692308 0.36899038461538464 0.01201923076923077 0.038461538461538464
2 0.3233173076923077 0.39903846153846156 0.014423076923076924 0.04326923076923077
2 0.38100961538461536 0.3401442307692308 0.009615384615384616 0.040865384615384616
2 0.49759615384615385 0.36538461538461536 0.009615384615384616 0.04567307692307692
2 0.5625 0.32572115384615385 0.009615384615384616 0.040865384615384616
2 0.25721153846153844 0.3918269230769231 0.01201923076923077 0.04567307692307692
2 0.8064903846153846 0.33774038461538464 0.009615384615384616 0.040865384615384616
2 0.7728365384615384 0.33413461538461536 0.014423076923076924 0.036057692307692304
2 0.8293269230769231 0.4483173076923077 0.014423076923076924 0.06009615384615385
2 0.8112980769230769 0.43149038461538464 0.014423076923076924 0.06009615384615385
2 0.8786057692307693 0.40024038461538464 0.016826923076923076 0.055288461538461536
3 0.9939903846153846 0.8689903846153846 0.01201923076923077 0.11778846153846154
3 0.4963942307692308 0.34975961538461536 0.019230769230769232 0.040865384615384616
2 0.4567307692307692 0.296875 0.01201923076923077 0.028846153846153848
2 0.46875 0.30288461538461536 0.01201923076923077 0.03365384615384615
0 0.47596153846153844 0.30528846153846156 0.004807692307692308 0.009615384615384616