1 0.1875 0.33533653846153844 0.009615384615384616 0.040865384615384616
2 0.4206730769230769 0.2956730769230769 0.01201923076923077 0.038461538461538464
2 0.4266826923076923 0.3076923076923077 0.009615384615384616 0.03125
2 0.3293269230769231 0.32091346153846156 0.01201923076923077 0.040865384615384616
2 0.296875 0.3317307692307692 0.01201923076923077 0.036057692307692304
2 0.33653846153846156 0.34975961538461536 0.01201923076923077 0.040865384615384616
2 0.40865384615384615 0.35096153846153844 0.014423076923076924 0.040865384615384616
2 0.7355769230769231 0.3125 0.009615384615384616 0.040865384615384616
2 0.28125 0.3329326923076923 0.009615384615384616 0.040865384615384616
2 0.27283653846153844 0.37259615384615385 0.01201923076923077 0.04567307692307692
2 0.25961538461538464 0.3629807692307692 0.009615384615384616 0.04567307692307692
2 0.5889423076923077 0.33052884615384615 0.014423076923076924 0.04807692307692308
2 0.4891826923076923 0.32091346153846156 0.009615384615384616 0.040865384615384616
3 0.46153846153846156 0.34615384615384615 0.014423076923076924 0.04326923076923077
2 0.5240384615384616 0.3473557692307692 0.01201923076923077 0.04567307692307692
2 0.9134615384615384 0.34375 0.01201923076923077 0.04807692307692308
2 0.8665865384615384 0.3293269230769231 0.014423076923076924 0.04567307692307692
2 0.9230769230769231 0.41346153846153844 0.019230769230769232 0.0625
2 0.8822115384615384 0.4326923076923077 0.014423076923076924 0.06490384615384616
2 0.8882211538461539 0.46033653846153844 0.019230769230769232 0.06971153846153846
2 0.35096153846153844 0.30408653846153844 0.014423076923076924 0.026442307692307692
2 0.3605769230769231 0.3004807692307692 0.014423076923076924 0.03365384615384615
0 0.36899038461538464 0.31490384615384615 0.004807692307692308 0.007211538461538462
3 0.4230769230769231 0.25240384615384615 0.009615384615384616 0.028846153846153848