2 0.38822115384615385 0.3161057692307692 0.016826923076923076 0.038461538461538464
1 0.22596153846153846 0.28966346153846156 0.019230769230769232 0.040865384615384616
2 0.3786057692307692 0.33052884615384615 0.016826923076923076 0.038461538461538464
3 0.4807692307692308 0.27884615384615385 0.014423076923076924 0.03125
2 0.4951923076923077 0.31971153846153844 0.014423076923076924 0.03125
2 0.36899038461538464 0.3076923076923077 0.019230769230769232 0.040865384615384616
2 0.7560096153846154 0.3942307692307692 0.016826923076923076 0.03125
2 0.5576923076923077 0.3425480769230769 0.016826923076923076 0.038461538461538464
2 0.33052884615384615 0.31971153846153844 0.02403846153846154 0.04567307692307692
2 0.39903846153846156 0.34615384615384615 0.019230769230769232 0.040865384615384616
2 0.35697115384615385 0.36538461538461536 0.026442307692307692 0.04807692307692308
2 0.4338942307692308 0.3233173076923077 0.019230769230769232 0.04567307692307692
2 0.5456730769230769 0.3858173076923077 0.021634615384615384 0.04807692307692308
2 0.625 0.36658653846153844 0.019230769230769232 0.04326923076923077
2 0.28966346153846156 0.3389423076923077 0.021634615384615384 0.05048076923076923
2 0.8725961538461539 0.4567307692307692 0.019230769230769232 0.04326923076923077
2 0.8401442307692307 0.43990384615384615 0.021634615384615384 0.040865384615384616
2 0.8617788461538461 0.5769230769230769 0.028846153846153848 0.0673076923076923
2 0.8485576923076923 0.5528846153846154 0.028846153846153848 0.06490384615384616
2 0.9278846153846154 0.5432692307692307 0.028846153846153848 0.06009615384615385
3 0.5504807692307693 0.3701923076923077 0.028846153846153848 0.04807692307692308
2 0.5252403846153846 0.3016826923076923 0.019230769230769232 0.03365384615384615
2 0.5360576923076923 0.3137019230769231 0.019230769230769232 0.036057692307692304
0 0.5444711538461539 0.3173076923076923 0.007211538461538462 0.009615384615384616