1 0.2127403846153846 0.3389423076923077 0.008413461538461538 0.037259615384615384
2 0.4326923076923077 0.3125 0.008413461538461538 0.036057692307692304
2 0.4375 0.3245192307692308 0.007211538461538462 0.028846153846153848
2 0.34615384615384615 0.3317307692307692 0.010817307692307692 0.038461538461538464
2 0.3161057692307692 0.3401442307692308 0.009615384615384616 0.03485576923076923
2 0.35096153846153844 0.359375 0.010817307692307692 0.038461538461538464
2 0.41947115384615385 0.3629807692307692 0.010817307692307692 0.038461538461538464
2 0.7283653846153846 0.34375 0.007211538461538462 0.038461538461538464
2 0.3004807692307692 0.34134615384615385 0.008413461538461538 0.038461538461538464
2 0.29086538461538464 0.37740384615384615 0.009615384615384616 0.042067307692307696
2 0.27884615384615385 0.36778846153846156 0.008413461538461538 0.042067307692307696
2 0.5889423076923077 0.35336538461538464 0.010817307692307692 0.04447115384615385
2 0.4963942307692308 0.3401442307692308 0.007211538461538462 0.037259615384615384
3 0.46875 0.3629807692307692 0.010817307692307692 0.040865384615384616
2 0.5288461538461539 0.36658653846153844 0.008413461538461538 0.04326923076923077
2 0.8942307692307693 0.38221153846153844 0.007211538461538462 0.04567307692307692
2 0.8509615384615384 0.36538461538461536 0.013221153846153846 0.042067307692307696
2 0.8990384615384616 0.4483173076923077 0.015625 0.05889423076923077
2 0.859375 0.4639423076923077 0.010817307692307692 0.06009615384615385
2 0.8653846153846154 0.49038461538461536 0.015625 0.06490384615384616
2 0.36778846153846156 0.3173076923076923 0.010817307692307692 0.025240384615384616
2 0.37740384615384615 0.3137019230769231 0.01201923076923077 0.03125
0 0.38221153846153844 0.3269230769230769 0.003605769230769231 0.007211538461538462
3 0.4375 0.27283653846153844 0.007211538461538462 0.027644230769230768