2 0.34375 0.33533653846153844 0.007211538461538462 0.036057692307692304
1 0.1935096153846154 0.34975961538461536 0.009615384615384616 0.036057692307692304
2 0.33774038461538464 0.34975961538461536 0.009615384615384616 0.036057692307692304
3 0.41586538461538464 0.27884615384615385 0.007211538461538462 0.028846153846153848
2 0.4387019230769231 0.3125 0.007211538461538462 0.028846153846153848
2 0.3233173076923077 0.3317307692307692 0.009615384615384616 0.038461538461538464
2 0.6850961538461539 0.3173076923076923 0.009615384615384616 0.028846153846153848
2 0.4987980769230769 0.31850961538461536 0.007211538461538462 0.036057692307692304
2 0.2932692307692308 0.35216346153846156 0.014423076923076924 0.040865384615384616
2 0.3605769230769231 0.3581730769230769 0.009615384615384616 0.036057692307692304
2 0.3269230769230769 0.3858173076923077 0.014423076923076924 0.04326923076923077
2 0.38461538461538464 0.3317307692307692 0.009615384615384616 0.040865384615384616
2 0.4987980769230769 0.359375 0.009615384615384616 0.04326923076923077
2 0.5637019230769231 0.3233173076923077 0.009615384615384616 0.038461538461538464
2 0.2608173076923077 0.37740384615384615 0.009615384615384616 0.04567307692307692
2 0.8052884615384616 0.3449519230769231 0.009615384615384616 0.040865384615384616
2 0.7716346153846154 0.33774038461538464 0.01201923076923077 0.036057692307692304
2 0.8221153846153846 0.4519230769230769 0.01201923076923077 0.06009615384615385
2 0.8052884615384616 0.4362980769230769 0.01201923076923077 0.06009615384615385
2 0.8737980769230769 0.40865384615384615 0.014423076923076924 0.052884615384615384
3 0.9795673076923077 0.8725961538461539 0.026442307692307692 0.11538461538461539
3 0.4987980769230769 0.34375 0.019230769230769232 0.040865384615384616
2 0.46153846153846156 0.29086538461538464 0.01201923076923077 0.028846153846153848
2 0.4735576923076923 0.296875 0.009615384615384616 0.03365384615384615
0 0.4807692307692308 0.29927884615384615 0.004807692307692308 0.009615384615384616