1 0.22115384615384615 0.31009615384615385 0.014423076923076924 0.040865384615384616
2 0.46153846153846156 0.3233173076923077 0.016826923076923076 0.038461538461538464
2 0.4651442307692308 0.33774038461538464 0.014423076923076924 0.03125
2 0.3641826923076923 0.328125 0.019230769230769232 0.04326923076923077
2 0.33052884615384615 0.33052884615384615 0.016826923076923076 0.038461538461538464
2 0.36538461538461536 0.3581730769230769 0.019230769230769232 0.04326923076923077
2 0.4375 0.375 0.019230769230769232 0.04326923076923077
2 0.7704326923076923 0.41225961538461536 0.014423076923076924 0.04326923076923077
2 0.3137019230769231 0.3293269230769231 0.014423076923076924 0.040865384615384616
2 0.2980769230769231 0.36538461538461536 0.016826923076923076 0.04567307692307692
2 0.2848557692307692 0.35336538461538464 0.016826923076923076 0.04567307692307692
2 0.6201923076923077 0.39663461538461536 0.019230769230769232 0.05048076923076923
2 0.5252403846153846 0.36538461538461536 0.014423076923076924 0.040865384615384616
3 0.49038461538461536 0.38341346153846156 0.019230769230769232 0.04567307692307692
2 0.5528846153846154 0.39903846153846156 0.016826923076923076 0.04807692307692308
2 0.9411057692307693 0.484375 0.016826923076923076 0.05048076923076923
2 0.8978365384615384 0.45913461538461536 0.021634615384615384 0.04807692307692308
2 0.9338942307692307 0.5564903846153846 0.028846153846153848 0.0673076923076923
2 0.8882211538461539 0.5661057692307693 0.02403846153846154 0.06490384615384616
2 0.8894230769230769 0.5949519230769231 0.028846153846153848 0.07211538461538461
2 0.390625 0.3173076923076923 0.016826923076923076 0.028846153846153848
2 0.4014423076923077 0.3137019230769231 0.019230769230769232 0.036057692307692304
0 0.4050480769230769 0.3293269230769231 0.004807692307692308 0.007211538461538462
3 0.4735576923076923 0.28125 0.01201923076923077 0.03125