1 0.22115384615384615 0.3245192307692308 0.009615384615384616 0.038461538461538464
2 0.4423076923076923 0.3088942307692308 0.009615384615384616 0.036057692307692304
2 0.44711538461538464 0.32091346153846156 0.009615384615384616 0.028846153846153848
2 0.3557692307692308 0.3233173076923077 0.01201923076923077 0.038461538461538464
2 0.3245192307692308 0.33052884615384615 0.01201923076923077 0.036057692307692304
2 0.3581730769230769 0.35216346153846156 0.01201923076923077 0.038461538461538464
2 0.4266826923076923 0.359375 0.01201923076923077 0.038461538461538464
2 0.7367788461538461 0.3557692307692308 0.009615384615384616 0.038461538461538464
2 0.3088942307692308 0.33052884615384615 0.009615384615384616 0.038461538461538464
2 0.2980769230769231 0.36658653846153844 0.01201923076923077 0.04326923076923077
2 0.2860576923076923 0.35697115384615385 0.009615384615384616 0.04326923076923077
2 0.5961538461538461 0.3581730769230769 0.01201923076923077 0.04567307692307692
2 0.5048076923076923 0.3401442307692308 0.009615384615384616 0.038461538461538464
3 0.47596153846153844 0.36177884615384615 0.01201923076923077 0.040865384615384616
2 0.5360576923076923 0.36778846153846156 0.009615384615384616 0.04326923076923077
2 0.9002403846153846 0.4026442307692308 0.009615384615384616 0.04567307692307692
2 0.8569711538461539 0.38341346153846156 0.014423076923076924 0.04326923076923077
2 0.9014423076923077 0.46875 0.019230769230769232 0.06009615384615385
2 0.8605769230769231 0.4831730769230769 0.014423076923076924 0.06009615384615385
2 0.8653846153846154 0.5096153846153846 0.019230769230769232 0.06490384615384616
2 0.37740384615384615 0.31009615384615385 0.01201923076923077 0.026442307692307692
2 0.3870192307692308 0.3076923076923077 0.014423076923076924 0.03125
0 0.3918269230769231 0.32091346153846156 0.004807692307692308 0.007211538461538462
3 0.4495192307692308 0.2704326923076923 0.009615384615384616 0.028846153846153848