2 0.32211538461538464 0.34134615384615385 0.01201923076923077 0.036057692307692304
1 0.17307692307692307 0.3713942307692308 0.014423076923076924 0.038461538461538464
2 0.31850961538461536 0.3557692307692308 0.01201923076923077 0.036057692307692304
3 0.3894230769230769 0.2776442307692308 0.009615384615384616 0.028846153846153848
2 0.41466346153846156 0.3076923076923077 0.009615384615384616 0.028846153846153848
2 0.3016826923076923 0.3389423076923077 0.01201923076923077 0.038461538461538464
2 0.6622596153846154 0.28725961538461536 0.01201923076923077 0.028846153846153848
2 0.47596153846153844 0.3076923076923077 0.01201923076923077 0.036057692307692304
2 0.27403846153846156 0.3629807692307692 0.016826923076923076 0.040865384615384616
2 0.34134615384615385 0.3629807692307692 0.014423076923076924 0.038461538461538464
2 0.3112980769230769 0.39302884615384615 0.019230769230769232 0.04326923076923077
2 0.3629807692307692 0.3329326923076923 0.014423076923076924 0.040865384615384616
2 0.4807692307692308 0.3485576923076923 0.014423076923076924 0.04326923076923077
2 0.5420673076923077 0.30649038461538464 0.01201923076923077 0.038461538461538464
2 0.2439903846153846 0.3918269230769231 0.014423076923076924 0.04567307692307692
2 0.7848557692307693 0.3016826923076923 0.01201923076923077 0.040865384615384616
2 0.75 0.2980769230769231 0.016826923076923076 0.036057692307692304
2 0.8137019230769231 0.40865384615384615 0.019230769230769232 0.06009615384615385
2 0.7944711538461539 0.3918269230769231 0.019230769230769232 0.06009615384615385
2 0.859375 0.3581730769230769 0.019230769230769232 0.055288461538461536
3 0.4795673076923077 0.3329326923076923 0.02403846153846154 0.04326923076923077
2 0.4362980769230769 0.28365384615384615 0.014423076923076924 0.028846153846153848
2 0.4483173076923077 0.28966346153846156 0.014423076923076924 0.03365384615384615
0 0.4567307692307692 0.29086538461538464 0.004807692307692308 0.009615384615384616