2 0.34615384615384615 0.3317307692307692 0.007211538461538462 0.03485576923076923
1 0.19831730769230768 0.3425480769230769 0.009615384615384616 0.036057692307692304
2 0.34134615384615385 0.34615384615384615 0.007211538461538462 0.03485576923076923
3 0.41947115384615385 0.2776442307692308 0.007211538461538462 0.026442307692307692
2 0.4411057692307692 0.31009615384615385 0.006009615384615385 0.028846153846153848
2 0.3269230769230769 0.3269230769230769 0.007211538461538462 0.037259615384615384
2 0.6838942307692307 0.31971153846153844 0.007211538461538462 0.027644230769230768
2 0.5 0.3173076923076923 0.007211538461538462 0.03485576923076923
2 0.296875 0.3473557692307692 0.01201923076923077 0.038461538461538464
2 0.3629807692307692 0.3545673076923077 0.008413461538461538 0.036057692307692304
2 0.3293269230769231 0.38100961538461536 0.013221153846153846 0.042067307692307696
2 0.38822115384615385 0.328125 0.008413461538461538 0.039663461538461536
2 0.5 0.3581730769230769 0.008413461538461538 0.042067307692307696
2 0.5649038461538461 0.3233173076923077 0.007211538461538462 0.038461538461538464
2 0.265625 0.3713942307692308 0.009615384615384616 0.04447115384615385
2 0.8004807692307693 0.3473557692307692 0.007211538461538462 0.038461538461538464
2 0.7680288461538461 0.34134615384615385 0.01201923076923077 0.03485576923076923
2 0.8161057692307693 0.4543269230769231 0.01201923076923077 0.057692307692307696
2 0.7992788461538461 0.4375 0.01201923076923077 0.057692307692307696
2 0.8677884615384616 0.41225961538461536 0.01201923076923077 0.051682692307692304
3 0.9651442307692307 0.8713942307692307 0.025240384615384616 0.11177884615384616
3 0.5 0.3425480769230769 0.018028846153846152 0.039663461538461536
2 0.4639423076923077 0.28846153846153844 0.010817307692307692 0.027644230769230768
2 0.47596153846153844 0.296875 0.009615384615384616 0.03125
0 0.4831730769230769 0.2980769230769231 0.004807692307692308 0.008413461538461538