1 0.14302884615384615 0.3473557692307692 0.016826923076923076 0.040865384615384616
2 0.3786057692307692 0.27524038461538464 0.016826923076923076 0.040865384615384616
2 0.3870192307692308 0.28846153846153844 0.014423076923076924 0.03125
2 0.28725961538461536 0.3137019230769231 0.019230769230769232 0.04567307692307692
2 0.25600961538461536 0.328125 0.016826923076923076 0.040865384615384616
2 0.29927884615384615 0.34134615384615385 0.019230769230769232 0.04326923076923077
2 0.3737980769230769 0.3329326923076923 0.019230769230769232 0.04567307692307692
2 0.7091346153846154 0.25240384615384615 0.016826923076923076 0.04326923076923077
2 0.23918269230769232 0.3317307692307692 0.016826923076923076 0.04326923076923077
2 0.23557692307692307 0.3737980769230769 0.019230769230769232 0.04807692307692308
2 0.22115384615384615 0.36658653846153844 0.016826923076923076 0.04807692307692308
2 0.5576923076923077 0.28966346153846156 0.019230769230769232 0.05048076923076923
2 0.45552884615384615 0.2932692307692308 0.014423076923076924 0.040865384615384616
3 0.42908653846153844 0.3233173076923077 0.019230769230769232 0.04807692307692308
2 0.49399038461538464 0.31490384615384615 0.016826923076923076 0.04807692307692308
2 0.8978365384615384 0.26322115384615385 0.016826923076923076 0.05048076923076923
2 0.8473557692307693 0.25240384615384615 0.021634615384615384 0.04807692307692308
2 0.9158653846153846 0.33413461538461536 0.028846153846153848 0.0673076923076923
2 0.875 0.359375 0.02403846153846154 0.0673076923076923
2 0.8870192307692307 0.3870192307692308 0.028846153846153848 0.07451923076923077
2 0.3088942307692308 0.2932692307692308 0.016826923076923076 0.028846153846153848
2 0.31850961538461536 0.28725961538461536 0.019230769230769232 0.036057692307692304
0 0.3269230769230769 0.3004807692307692 0.004807692307692308 0.007211538461538462
3 0.3762019230769231 0.22956730769230768 0.01201923076923077 0.03125