1 0.2620192307692308 0.2692307692307692 0.016826923076923076 0.038461538461538464
2 0.484375 0.3016826923076923 0.019230769230769232 0.038461538461538464
2 0.48677884615384615 0.31490384615384615 0.014423076923076924 0.028846153846153848
2 0.3954326923076923 0.2980769230769231 0.021634615384615384 0.040865384615384616
2 0.3629807692307692 0.2980769230769231 0.019230769230769232 0.036057692307692304
2 0.39302884615384615 0.32572115384615385 0.019230769230769232 0.040865384615384616
2 0.45913461538461536 0.3473557692307692 0.021634615384615384 0.040865384615384616
2 0.7668269230769231 0.4098557692307692 0.019230769230769232 0.040865384615384616
2 0.3473557692307692 0.2932692307692308 0.019230769230769232 0.038461538461538464
2 0.328125 0.3269230769230769 0.019230769230769232 0.04326923076923077
2 0.31971153846153844 0.31490384615384615 0.019230769230769232 0.04326923076923077
2 0.6274038461538461 0.38221153846153844 0.021634615384615384 0.04807692307692308
2 0.5408653846153846 0.34375 0.016826923076923076 0.038461538461538464
3 0.5072115384615384 0.3605769230769231 0.021634615384615384 0.04326923076923077
2 0.5649038461538461 0.3798076923076923 0.021634615384615384 0.04567307692307692
2 0.9194711538461539 0.49038461538461536 0.019230769230769232 0.04567307692307692
2 0.8822115384615384 0.46274038461538464 0.02403846153846154 0.04326923076923077
2 0.9074519230769231 0.5564903846153846 0.03125 0.0625
2 0.8641826923076923 0.5625 0.026442307692307692 0.0625
2 0.8617788461538461 0.5889423076923077 0.03125 0.0673076923076923
2 0.41947115384615385 0.28966346153846156 0.019230769230769232 0.026442307692307692
2 0.43028846153846156 0.28725961538461536 0.019230769230769232 0.03365384615384615
0 0.4326923076923077 0.30288461538461536 0.004807692307692308 0.007211538461538462
3 0.5 0.26322115384615385 0.014423076923076924 0.028846153846153848