1 0.22355769230769232 0.28125 0.014423076923076924 0.038461538461538464
2 0.4519230769230769 0.296875 0.016826923076923076 0.038461538461538464
2 0.45552884615384615 0.3112980769230769 0.01201923076923077 0.03125
2 0.3605769230769231 0.3004807692307692 0.019230769230769232 0.04326923076923077
2 0.328125 0.30288461538461536 0.016826923076923076 0.036057692307692304
2 0.3605769230769231 0.328125 0.019230769230769232 0.040865384615384616
2 0.42908653846153844 0.34615384615384615 0.019230769230769232 0.04326923076923077
2 0.7475961538461539 0.38822115384615385 0.016826923076923076 0.040865384615384616
2 0.3125 0.3004807692307692 0.016826923076923076 0.040865384615384616
2 0.29447115384615385 0.33533653846153844 0.016826923076923076 0.04326923076923077
2 0.2848557692307692 0.3233173076923077 0.016826923076923076 0.04326923076923077
2 0.6033653846153846 0.3701923076923077 0.019230769230769232 0.04807692307692308
2 0.5120192307692307 0.33774038461538464 0.014423076923076924 0.038461538461538464
3 0.4795673076923077 0.3545673076923077 0.019230769230769232 0.04326923076923077
2 0.5396634615384616 0.3713942307692308 0.016826923076923076 0.04567307692307692
2 0.9098557692307693 0.45913461538461536 0.016826923076923076 0.04807692307692308
2 0.8677884615384616 0.4338942307692308 0.021634615384615384 0.04567307692307692
2 0.9014423076923077 0.5288461538461539 0.028846153846153848 0.0625
2 0.8581730769230769 0.5360576923076923 0.021634615384615384 0.0625
2 0.8569711538461539 0.5649038461538461 0.028846153846153848 0.06971153846153846
2 0.3858173076923077 0.28966346153846156 0.016826923076923076 0.028846153846153848
2 0.3954326923076923 0.28725961538461536 0.016826923076923076 0.03365384615384615
0 0.39903846153846156 0.30288461538461536 0.004807692307692308 0.007211538461538462
3 0.46634615384615385 0.25841346153846156 0.01201923076923077 0.028846153846153848