3 0.5396634615384616 0.2608173076923077 0.01201923076923077 0.03125
2 0.5048076923076923 0.32091346153846156 0.016826923076923076 0.038461538461538464
2 0.36899038461538464 0.2764423076923077 0.014423076923076924 0.036057692307692304
2 0.39663461538461536 0.5709134615384616 0.02403846153846154 0.04807692307692308
2 0.36177884615384615 0.4026442307692308 0.016826923076923076 0.04567307692307692
2 0.5985576923076923 0.43509615384615385 0.019230769230769232 0.04807692307692308
2 0.6694711538461539 0.7067307692307693 0.021634615384615384 0.055288461538461536
2 0.19471153846153846 0.30649038461538464 0.016826923076923076 0.04326923076923077
2 0.46875 0.4362980769230769 0.019230769230769232 0.04807692307692308
2 0.31009615384615385 0.35336538461538464 0.014423076923076924 0.04326923076923077
2 0.5973557692307693 0.40024038461538464 0.019230769230769232 0.05048076923076923
2 0.265625 0.7163461538461539 0.03125 0.08173076923076923
2 0.6574519230769231 0.7632211538461539 0.03125 0.07451923076923077
2 0.5997596153846154 0.4987980769230769 0.021634615384615384 0.052884615384615384
2 0.34615384615384615 0.42788461538461536 0.019230769230769232 0.055288461538461536
2 0.26802884615384615 0.4639423076923077 0.02403846153846154 0.05048076923076923
1 0.8461538461538461 0.44711538461538464 0.019230769230769232 0.04807692307692308
2 0.609375 0.5 0.019230769230769232 0.055288461538461536
2 0.5048076923076923 0.37259615384615385 0.016826923076923076 0.04326923076923077
3 0.5084134615384616 0.46274038461538464 0.021634615384615384 0.055288461538461536
2 0.5264423076923077 0.5216346153846154 0.02403846153846154 0.055288461538461536
2 0.11298076923076923 0.46033653846153844 0.03125 0.06009615384615385
0 0.109375 0.484375 0.007211538461538462 0.01201923076923077