2 0.6045673076923077 0.29447115384615385 0.009615384615384616 0.03125
2 0.515625 0.32211538461538464 0.009615384615384616 0.03365384615384615
2 0.6057692307692307 0.359375 0.007211538461538462 0.036057692307692304
2 0.4254807692307692 0.3762019230769231 0.009615384615384616 0.040865384615384616
2 0.49158653846153844 0.44350961538461536 0.009615384615384616 0.04807692307692308
2 0.6370192307692307 0.38221153846153844 0.009615384615384616 0.038461538461538464
2 0.5552884615384616 0.39663461538461536 0.009615384615384616 0.040865384615384616
2 0.36778846153846156 0.6286057692307693 0.01201923076923077 0.0625
2 0.5144230769230769 0.47716346153846156 0.009615384615384616 0.04807692307692308
2 0.703125 0.4014423076923077 0.01201923076923077 0.040865384615384616
2 0.7355769230769231 0.3389423076923077 0.009615384615384616 0.038461538461538464
2 0.4170673076923077 0.4074519230769231 0.009615384615384616 0.04567307692307692
2 0.7163461538461539 0.453125 0.009615384615384616 0.04807692307692308
2 0.3858173076923077 0.4567307692307692 0.009615384615384616 0.05048076923076923
2 0.7295673076923077 0.3858173076923077 0.007211538461538462 0.038461538461538464
2 0.39783653846153844 0.45552884615384615 0.007211538461538462 0.052884615384615384
2 0.9242788461538461 0.4795673076923077 0.009615384615384616 0.04567307692307692
2 0.5048076923076923 0.49038461538461536 0.014423076923076924 0.04807692307692308
1 0.07692307692307693 0.4014423076923077 0.01201923076923077 0.04567307692307692
2 0.7319711538461539 0.6850961538461539 0.016826923076923076 0.06971153846153846
2 0.34615384615384615 0.7944711538461539 0.019230769230769232 0.07451923076923077
0 0.9122596153846154 0.4987980769230769 0.004807692307692308 0.01201923076923077
2 0.4423076923076923 0.2764423076923077 0.007211538461538462 0.03125
2 0.42427884615384615 0.36899038461538464 0.009615384615384616 0.040865384615384616