2 0.6790865384615384 0.38100961538461536 0.016826923076923076 0.038461538461538464
2 0.42908653846153844 0.34615384615384615 0.016826923076923076 0.04567307692307692
2 0.7692307692307693 0.35096153846153844 0.016826923076923076 0.036057692307692304
2 0.8293269230769231 0.359375 0.014423076923076924 0.03365384615384615
2 0.4266826923076923 0.3798076923076923 0.019230769230769232 0.05048076923076923
2 0.41346153846153844 0.3870192307692308 0.019230769230769232 0.05048076923076923
2 0.6742788461538461 0.4074519230769231 0.019230769230769232 0.04567307692307692
2 0.48197115384615385 0.44591346153846156 0.021634615384615384 0.052884615384615384
2 0.5769230769230769 0.3293269230769231 0.014423076923076924 0.036057692307692304
2 0.6141826923076923 0.3894230769230769 0.019230769230769232 0.04567307692307692
2 0.5192307692307693 0.48677884615384615 0.02403846153846154 0.057692307692307696
2 0.9014423076923077 0.5228365384615384 0.021634615384615384 0.057692307692307696
2 0.8185096153846154 0.4362980769230769 0.019230769230769232 0.04567307692307692
2 0.765625 0.5168269230769231 0.02403846153846154 0.055288461538461536
2 0.9627403846153846 0.5396634615384616 0.021634615384615384 0.057692307692307696
3 0.5805288461538461 0.44350961538461536 0.019230769230769232 0.052884615384615384
2 0.3581730769230769 0.45552884615384615 0.02403846153846154 0.06009615384615385
2 0.3713942307692308 0.7019230769230769 0.03125 0.07451923076923077
2 0.7836538461538461 0.7536057692307693 0.028846153846153848 0.07692307692307693
2 0.35697115384615385 0.5420673076923077 0.02403846153846154 0.0673076923076923
2 0.4543269230769231 0.7620192307692307 0.040865384615384616 0.07932692307692307
3 0.44471153846153844 0.265625 0.014423076923076924 0.036057692307692304
0 0.7764423076923077 0.3798076923076923 0.007211538461538462 0.009615384615384616