2 0.21394230769230768 0.3786057692307692 0.008413461538461538 0.04447115384615385
2 0.22235576923076922 0.34615384615384615 0.007211538461538462 0.037259615384615384
2 0.21033653846153846 0.36778846153846156 0.010817307692307692 0.046875
2 0.25600961538461536 0.5228365384615384 0.008413461538461538 0.054086538461538464
2 0.4326923076923077 0.28125 0.007211538461538462 0.03245192307692308
2 0.8257211538461539 0.3786057692307692 0.014423076923076924 0.040865384615384616
2 0.24519230769230768 0.5144230769230769 0.009615384615384616 0.051682692307692304
2 0.5192307692307693 0.6237980769230769 0.009615384615384616 0.057692307692307696
2 0.7043269230769231 0.3293269230769231 0.009615384615384616 0.038461538461538464
2 0.21033653846153846 0.4855769230769231 0.008413461538461538 0.055288461538461536
3 0.4206730769230769 0.38100961538461536 0.008413461538461538 0.04326923076923077
2 0.3473557692307692 0.3954326923076923 0.009615384615384616 0.04326923076923077
2 0.9146634615384616 0.4567307692307692 0.010817307692307692 0.05048076923076923
2 0.30528846153846156 0.3581730769230769 0.008413461538461538 0.037259615384615384
2 0.5817307692307693 0.38221153846153844 0.007211538461538462 0.04326923076923077
2 0.4699519230769231 0.31850961538461536 0.007211538461538462 0.036057692307692304
2 0.2692307692307692 0.6213942307692307 0.019230769230769232 0.0625
3 0.140625 0.9242788461538461 0.02283653846153846 0.08774038461538461
2 0.6430288461538461 0.7752403846153846 0.020432692307692308 0.07451923076923077
2 0.21995192307692307 0.5757211538461539 0.014423076923076924 0.05889423076923077
2 0.3317307692307692 0.6454326923076923 0.015625 0.0673076923076923
2 0.6490384615384616 0.44711538461538464 0.01201923076923077 0.052884615384615384
2 0.59375 0.4423076923076923 0.013221153846153846 0.052884615384615384
0 0.8173076923076923 0.3954326923076923 0.006009615384615385 0.009615384615384616
3 0.6382211538461539 0.24278846153846154 0.008413461538461538 0.03485576923076923