2 0.6550480769230769 0.6117788461538461 0.014423076923076924 0.04326923076923077
0 0.46153846153846156 0.7451923076923077 0.007211538461538462 0.01201923076923077
2 0.6117788461538461 0.3737980769230769 0.014423076923076924 0.04326923076923077
2 0.6490384615384616 0.6574519230769231 0.03125 0.07211538461538461
2 0.8209134615384616 0.7524038461538461 0.019230769230769232 0.06971153846153846
2 0.3713942307692308 0.36778846153846156 0.01201923076923077 0.04326923076923077
1 0.9074519230769231 0.4411057692307692 0.019230769230769232 0.04807692307692308
2 0.5588942307692307 0.5733173076923077 0.016826923076923076 0.057692307692307696
2 0.5853365384615384 0.42788461538461536 0.01201923076923077 0.04807692307692308
2 0.7896634615384616 0.6262019230769231 0.016826923076923076 0.06490384615384616
2 0.6802884615384616 0.42427884615384615 0.016826923076923076 0.05048076923076923
2 0.6959134615384616 0.4326923076923077 0.014423076923076924 0.05048076923076923
2 0.7271634615384616 0.5072115384615384 0.014423076923076924 0.055288461538461536
3 0.5661057692307693 0.5072115384615384 0.016826923076923076 0.052884615384615384
3 0.11298076923076923 0.9326923076923077 0.026442307692307692 0.07211538461538461
2 0.8185096153846154 0.6478365384615384 0.021634615384615384 0.0673076923076923
2 0.2247596153846154 0.6334134615384616 0.02403846153846154 0.06971153846153846
2 0.6009615384615384 0.7103365384615384 0.03125 0.07451923076923077
2 0.2668269230769231 0.44591346153846156 0.016826923076923076 0.055288461538461536
2 0.40865384615384615 0.5024038461538461 0.021634615384615384 0.052884615384615384
2 0.6237980769230769 0.7716346153846154 0.019230769230769232 0.07932692307692307
2 0.4543269230769231 0.7175480769230769 0.019230769230769232 0.07451923076923077
2 0.5012019230769231 0.5817307692307693 0.019230769230769232 0.06009615384615385
2 0.30528846153846156 0.6165865384615384 0.021634615384615384 0.07451923076923077
3 0.5841346153846154 0.2824519230769231 0.01201923076923077 0.03365384615384615