3 0.8305288461538461 0.17548076923076922 0.016826923076923076 0.03365384615384615
1 0.13701923076923078 0.42427884615384615 0.02403846153846154 0.038461538461538464
2 0.3173076923076923 0.39302884615384615 0.021634615384615384 0.04326923076923077
2 0.6105769230769231 0.2980769230769231 0.019230769230769232 0.04326923076923077
3 0.4963942307692308 0.37259615384615385 0.021634615384615384 0.04807692307692308
2 0.4579326923076923 0.41947115384615385 0.021634615384615384 0.04807692307692308
2 0.5853365384615384 0.4326923076923077 0.02403846153846154 0.057692307692307696
2 0.5913461538461539 0.4266826923076923 0.028846153846153848 0.06009615384615385
2 0.84375 0.3786057692307692 0.026442307692307692 0.06009615384615385
2 0.29447115384615385 0.40625 0.026442307692307692 0.04326923076923077
2 0.8569711538461539 0.6634615384615384 0.03365384615384615 0.07932692307692307
2 0.2548076923076923 0.4651442307692308 0.028846153846153848 0.05048076923076923
2 0.41346153846153844 0.40384615384615385 0.026442307692307692 0.05048076923076923
2 0.45913461538461536 0.36778846153846156 0.028846153846153848 0.05048076923076923
2 0.44471153846153844 0.453125 0.02403846153846154 0.055288461538461536
2 0.9110576923076923 0.5024038461538461 0.036057692307692304 0.07451923076923077
2 0.8233173076923077 0.3701923076923077 0.028846153846153848 0.057692307692307696
2 0.5793269230769231 0.48677884615384615 0.026442307692307692 0.06009615384615385
2 0.2704326923076923 0.5685096153846154 0.026442307692307692 0.055288461538461536
2 0.9206730769230769 0.6262019230769231 0.040865384615384616 0.0889423076923077
2 0.6394230769230769 0.5625 0.038461538461538464 0.06490384615384616
2 0.31009615384615385 0.38822115384615385 0.019230769230769232 0.040865384615384616
2 0.3173076923076923 0.38221153846153844 0.026442307692307692 0.05048076923076923