2 0.25600961538461536 0.45913461538461536 0.021634615384615384 0.04567307692307692
2 0.046875 0.5685096153846154 0.026442307692307692 0.05048076923076923
2 0.3137019230769231 0.4519230769230769 0.016826923076923076 0.04807692307692308
2 0.0673076923076923 0.5733173076923077 0.021634615384615384 0.055288461538461536
2 0.4254807692307692 0.49399038461538464 0.02403846153846154 0.052884615384615384
2 0.38341346153846156 0.5276442307692307 0.019230769230769232 0.055288461538461536
2 0.5252403846153846 0.3581730769230769 0.014423076923076924 0.036057692307692304
2 0.7632211538461539 0.5408653846153846 0.021634615384615384 0.06009615384615385
3 0.4411057692307692 0.46033653846153844 0.021634615384615384 0.04807692307692308
2 0.2800480769230769 0.6502403846153846 0.02403846153846154 0.06490384615384616
2 0.8004807692307693 0.390625 0.021634615384615384 0.04807692307692308
2 0.7740384615384616 0.37740384615384615 0.019230769230769232 0.04807692307692308
2 0.5408653846153846 0.40865384615384615 0.021634615384615384 0.04807692307692308
2 0.5240384615384616 0.5925480769230769 0.02403846153846154 0.06009615384615385
2 0.39302884615384615 0.7487980769230769 0.036057692307692304 0.07451923076923077
2 0.6141826923076923 0.5144230769230769 0.02403846153846154 0.06009615384615385
2 0.921875 0.6514423076923077 0.03365384615384615 0.07692307692307693
2 0.45072115384615385 0.6574519230769231 0.026442307692307692 0.0673076923076923
2 0.8918269230769231 0.4723557692307692 0.026442307692307692 0.06009615384615385
2 0.9230769230769231 0.7596153846153846 0.036057692307692304 0.08653846153846154
2 0.5769230769230769 0.7584134615384616 0.040865384615384616 0.07692307692307693
3 0.8822115384615384 0.2692307692307692 0.019230769230769232 0.04567307692307692