2 0.4050480769230769 0.20552884615384615 0.01201923076923077 0.03365384615384615
2 0.7295673076923077 0.27524038461538464 0.016826923076923076 0.04326923076923077
2 0.3269230769230769 0.32572115384615385 0.016826923076923076 0.04807692307692308
2 0.4326923076923077 0.2536057692307692 0.016826923076923076 0.038461538461538464
2 0.18269230769230768 0.28725961538461536 0.014423076923076924 0.04567307692307692
2 0.22596153846153846 0.25961538461538464 0.01201923076923077 0.040865384615384616
2 0.21033653846153846 0.45913461538461536 0.014423076923076924 0.0625
2 0.2247596153846154 0.4050480769230769 0.016826923076923076 0.055288461538461536
2 0.19230769230769232 0.27403846153846156 0.01201923076923077 0.04567307692307692
2 0.1778846153846154 0.5144230769230769 0.019230769230769232 0.0673076923076923
1 0.8173076923076923 0.36778846153846156 0.021634615384615384 0.055288461538461536
2 0.9266826923076923 0.4699519230769231 0.016826923076923076 0.052884615384615384
2 0.28125 0.2764423076923077 0.01201923076923077 0.040865384615384616
2 0.6682692307692307 0.3942307692307692 0.014423076923076924 0.055288461538461536
2 0.5552884615384616 0.33653846153846156 0.01201923076923077 0.04326923076923077
3 0.3605769230769231 0.32211538461538464 0.014423076923076924 0.04807692307692308
2 0.1658653846153846 0.41586538461538464 0.016826923076923076 0.0625
2 0.5721153846153846 0.3786057692307692 0.014423076923076924 0.055288461538461536
2 0.23076923076923078 0.5588942307692307 0.02403846153846154 0.06971153846153846
2 0.6201923076923077 0.7680288461538461 0.028846153846153848 0.08413461538461539
2 0.3173076923076923 0.5564903846153846 0.019230769230769232 0.06971153846153846
2 0.4639423076923077 0.59375 0.021634615384615384 0.06971153846153846
3 0.051682692307692304 0.890625 0.038461538461538464 0.09615384615384616
0 0.7944711538461539 0.3870192307692308 0.007211538461538462 0.01201923076923077
3 0.6706730769230769 0.19831730769230768 0.014423076923076924 0.038461538461538464