2 0.5985576923076923 0.2764423076923077 0.008413461538461538 0.030048076923076924
2 0.2980769230769231 0.3088942307692308 0.010817307692307692 0.038461538461538464
2 0.6574519230769231 0.39302884615384615 0.009615384615384616 0.04326923076923077
2 0.5697115384615384 0.31850961538461536 0.010817307692307692 0.03485576923076923
2 0.7932692307692307 0.37259615384615385 0.008413461538461538 0.040865384615384616
2 0.7572115384615384 0.3425480769230769 0.007211538461538462 0.037259615384615384
2 0.7512019230769231 0.5240384615384616 0.007211538461538462 0.055288461538461536
2 0.7427884615384616 0.4735576923076923 0.009615384615384616 0.04927884615384615
2 0.7848557692307693 0.359375 0.007211538461538462 0.042067307692307696
2 0.7752403846153846 0.578125 0.010817307692307692 0.06009615384615385
1 0.21153846153846154 0.38461538461538464 0.014423076923076924 0.04807692307692308
2 0.10216346153846154 0.4675480769230769 0.010817307692307692 0.04807692307692308
2 0.7043269230769231 0.35336538461538464 0.007211538461538462 0.037259615384615384
2 0.3425480769230769 0.421875 0.008413461538461538 0.04927884615384615
2 0.45072115384615385 0.38100961538461536 0.007211538461538462 0.039663461538461536
3 0.6274038461538461 0.3858173076923077 0.007211538461538462 0.042067307692307696
2 0.796875 0.4891826923076923 0.008413461538461538 0.055288461538461536
2 0.43028846153846156 0.4170673076923077 0.008413461538461538 0.04927884615384615
2 0.7247596153846154 0.6129807692307693 0.015625 0.0625
2 0.34975961538461536 0.765625 0.019230769230769232 0.07451923076923077
2 0.6454326923076923 0.6033653846153846 0.01201923076923077 0.0625
2 0.5096153846153846 0.6237980769230769 0.013221153846153846 0.0625
3 0.8533653846153846 0.9314903846153846 0.025240384615384616 0.08653846153846154
0 0.2283653846153846 0.4050480769230769 0.006009615384615385 0.010817307692307692
3 0.359375 0.24519230769230768 0.009615384615384616 0.03365384615384615