3 0.24519230769230768 0.26802884615384615 0.008413461538461538 0.030048076923076924
2 0.6682692307692307 0.3798076923076923 0.01201923076923077 0.04807692307692308
2 0.6778846153846154 0.33653846153846156 0.010817307692307692 0.03485576923076923
2 0.421875 0.40024038461538464 0.009615384615384616 0.04807692307692308
2 0.6802884615384616 0.37740384615384615 0.016826923076923076 0.05048076923076923
2 0.5901442307692307 0.3641826923076923 0.010817307692307692 0.042067307692307696
2 0.5204326923076923 0.34134615384615385 0.007211538461538462 0.042067307692307696
2 0.29927884615384615 0.3269230769230769 0.01201923076923077 0.042067307692307696
2 0.15264423076923078 0.3858173076923077 0.019230769230769232 0.05048076923076923
2 0.15745192307692307 0.4326923076923077 0.015625 0.055288461538461536
2 0.43028846153846156 0.49759615384615385 0.010817307692307692 0.055288461538461536
2 0.38221153846153844 0.35096153846153844 0.010817307692307692 0.04567307692307692
2 0.35096153846153844 0.9783653846153846 0.019230769230769232 0.040865384615384616
2 0.6045673076923077 0.390625 0.010817307692307692 0.046875
2 0.12620192307692307 0.49399038461538464 0.020432692307692308 0.05889423076923077
3 0.5348557692307693 0.43028846153846156 0.014423076923076924 0.05048076923076923
2 0.4519230769230769 0.4254807692307692 0.019230769230769232 0.04807692307692308
2 0.11899038461538461 0.5576923076923077 0.02403846153846154 0.06610576923076923
2 0.7307692307692307 0.6165865384615384 0.020432692307692308 0.0625
2 0.14302884615384615 0.7331730769230769 0.02283653846153846 0.07572115384615384
2 0.7716346153846154 0.5480769230769231 0.014423076923076924 0.05889423076923077
2 0.49759615384615385 0.5396634615384616 0.015625 0.0625
2 0.8112980769230769 0.4483173076923077 0.01201923076923077 0.056490384615384616
0 0.6634615384615384 0.3425480769230769 0.004807692307692308 0.010817307692307692