2 0.3557692307692308 0.5829326923076923 0.01201923076923077 0.040865384615384616
0 0.5144230769230769 0.7331730769230769 0.007211538461538462 0.01201923076923077
2 0.43149038461538464 0.36899038461538464 0.01201923076923077 0.040865384615384616
2 0.3545673076923077 0.6262019230769231 0.026442307692307692 0.0673076923076923
2 0.18269230769230768 0.6875 0.014423076923076924 0.06490384615384616
2 0.6526442307692307 0.39903846153846156 0.01201923076923077 0.040865384615384616
1 0.14903846153846154 0.38822115384615385 0.016826923076923076 0.04326923076923077
2 0.45072115384615385 0.5612980769230769 0.014423076923076924 0.052884615384615384
2 0.44711538461538464 0.4230769230769231 0.01201923076923077 0.04567307692307692
2 0.23076923076923078 0.5769230769230769 0.014423076923076924 0.06009615384615385
2 0.3605769230769231 0.40625 0.014423076923076924 0.04567307692307692
2 0.34615384615384615 0.4110576923076923 0.01201923076923077 0.04567307692307692
2 0.30528846153846156 0.47596153846153844 0.01201923076923077 0.052884615384615384
3 0.45552884615384615 0.4987980769230769 0.014423076923076924 0.05048076923076923
3 0.8064903846153846 0.9627403846153846 0.026442307692307692 0.07451923076923077
2 0.19951923076923078 0.5913461538461539 0.019230769230769232 0.0625
2 0.75 0.6646634615384616 0.019230769230769232 0.06490384615384616
2 0.39302884615384615 0.6814903846153846 0.028846153846153848 0.06971153846153846
2 0.7379807692307693 0.4855769230769231 0.014423076923076924 0.05048076923076923
2 0.5997596153846154 0.5180288461538461 0.019230769230769232 0.04807692307692308
2 0.36177884615384615 0.7331730769230769 0.016826923076923076 0.07451923076923077
2 0.5264423076923077 0.7103365384615384 0.014423076923076924 0.06971153846153846
2 0.5036057692307693 0.5769230769230769 0.016826923076923076 0.055288461538461536
2 0.6766826923076923 0.6382211538461539 0.016826923076923076 0.06971153846153846
3 0.4699519230769231 0.28966346153846156 0.01201923076923077 0.03125