2 0.27884615384615385 0.3329326923076923 0.014423076923076924 0.03125
2 0.5661057692307693 0.4230769230769231 0.016826923076923076 0.04567307692307692
2 0.31490384615384615 0.38221153846153844 0.016826923076923076 0.038461538461538464
2 0.40625 0.3233173076923077 0.016826923076923076 0.036057692307692304
2 0.35697115384615385 0.3942307692307692 0.016826923076923076 0.040865384615384616
2 0.5132211538461539 0.3581730769230769 0.019230769230769232 0.04326923076923077
2 0.19471153846153846 0.37259615384615385 0.016826923076923076 0.038461538461538464
2 0.5336538461538461 0.37740384615384615 0.014423076923076924 0.04326923076923077
2 0.46274038461538464 0.43990384615384615 0.019230769230769232 0.05048076923076923
2 0.17668269230769232 0.421875 0.019230769230769232 0.040865384615384616
2 0.5757211538461539 0.46875 0.021634615384615384 0.06009615384615385
1 0.9026442307692307 0.32211538461538464 0.019230769230769232 0.04807692307692308
2 0.4230769230769231 0.4795673076923077 0.021634615384615384 0.052884615384615384
2 0.24759615384615385 0.43990384615384615 0.016826923076923076 0.04326923076923077
2 0.2800480769230769 0.41225961538461536 0.014423076923076924 0.04326923076923077
3 0.44471153846153844 0.4266826923076923 0.016826923076923076 0.04807692307692308
2 0.039663461538461536 0.5420673076923077 0.021634615384615384 0.052884615384615384
2 0.15745192307692307 0.49158653846153844 0.02403846153846154 0.052884615384615384
2 0.6141826923076923 0.6009615384615384 0.026442307692307692 0.0625
2 0.24759615384615385 0.6995192307692307 0.026442307692307692 0.06971153846153846
2 0.5817307692307693 0.7091346153846154 0.03365384615384615 0.07211538461538461
0 0.18990384615384615 0.43509615384615385 0.007211538461538462 0.01201923076923077
2 0.5084134615384616 0.34975961538461536 0.019230769230769232 0.04567307692307692
3 0.49158653846153844 0.265625 0.01201923076923077 0.03125