3 0.30528846153846156 0.21153846153846154 0.014423076923076924 0.03125
2 0.7271634615384616 0.40625 0.021634615384615384 0.052884615384615384
2 0.7451923076923077 0.3629807692307692 0.019230769230769232 0.038461538461538464
2 0.4651442307692308 0.38341346153846156 0.019230769230769232 0.05048076923076923
2 0.7391826923076923 0.40625 0.026442307692307692 0.055288461538461536
2 0.6490384615384616 0.3762019230769231 0.019230769230769232 0.04567307692307692
2 0.5793269230769231 0.3389423076923077 0.014423076923076924 0.04567307692307692
2 0.35096153846153844 0.28365384615384615 0.021634615384615384 0.04807692307692308
2 0.1875 0.3161057692307692 0.028846153846153848 0.057692307692307696
2 0.18389423076923078 0.36899038461538464 0.026442307692307692 0.06009615384615385
2 0.4567307692307692 0.484375 0.021634615384615384 0.06009615384615385
2 0.4338942307692308 0.3233173076923077 0.019230769230769232 0.05048076923076923
2 0.28725961538461536 0.9615384615384616 0.02403846153846154 0.019230769230769232
2 0.6598557692307693 0.4050480769230769 0.021634615384615384 0.052884615384615384
2 0.13942307692307693 0.4266826923076923 0.03125 0.06490384615384616
3 0.578125 0.43509615384615385 0.02403846153846154 0.055288461538461536
2 0.49278846153846156 0.41466346153846156 0.028846153846153848 0.052884615384615384
2 0.1201923076923077 0.49158653846153844 0.036057692307692304 0.07211538461538461
2 0.7475961538461539 0.6658653846153846 0.03365384615384615 0.06971153846153846
2 0.11298076923076923 0.6778846153846154 0.038461538461538464 0.08413461538461539
2 0.8040865384615384 0.6009615384615384 0.026442307692307692 0.06490384615384616
2 0.5192307692307693 0.5420673076923077 0.028846153846153848 0.0673076923076923
2 0.8641826923076923 0.5048076923076923 0.02403846153846154 0.0625
0 0.7295673076923077 0.36658653846153844 0.007211538461538462 0.01201923076923077