3 0.7848557692307693 0.30408653846153844 0.014423076923076924 0.03125
2 0.3293269230769231 0.34134615384615385 0.021634615384615384 0.052884615384615384
2 0.328125 0.296875 0.019230769230769232 0.038461538461538464
2 0.5793269230769231 0.40865384615384615 0.019230769230769232 0.05048076923076923
2 0.3173076923076923 0.3389423076923077 0.026442307692307692 0.055288461538461536
2 0.41346153846153844 0.3401442307692308 0.019230769230769232 0.04567307692307692
2 0.4879807692307692 0.3293269230769231 0.014423076923076924 0.04567307692307692
2 0.71875 0.3557692307692308 0.021634615384615384 0.04567307692307692
2 0.859375 0.4423076923076923 0.028846153846153848 0.055288461538461536
2 0.8461538461538461 0.49038461538461536 0.026442307692307692 0.06009615384615385
2 0.5540865384615384 0.5072115384615384 0.021634615384615384 0.06009615384615385
2 0.6286057692307693 0.36538461538461536 0.019230769230769232 0.04807692307692308
2 0.5492788461538461 0.9963942307692307 0.021634615384615384 0.007211538461538462
2 0.39302884615384615 0.3641826923076923 0.019230769230769232 0.05048076923076923
2 0.8665865384615384 0.5588942307692307 0.03125 0.06490384615384616
3 0.4567307692307692 0.41947115384615385 0.02403846153846154 0.055288461538461536
2 0.5444711538461539 0.42908653846153844 0.028846153846153848 0.052884615384615384
2 0.8629807692307693 0.625 0.036057692307692304 0.07211538461538461
2 0.22355769230769232 0.5745192307692307 0.03125 0.06971153846153846
2 0.8040865384615384 0.8016826923076923 0.036057692307692304 0.08173076923076923
2 0.19230769230769232 0.4951923076923077 0.026442307692307692 0.06490384615384616
2 0.47596153846153844 0.5372596153846154 0.028846153846153848 0.0673076923076923
2 0.17067307692307693 0.3870192307692308 0.02403846153846154 0.06009615384615385
0 0.34134615384615385 0.30528846153846156 0.007211538461538462 0.01201923076923077