2 0.11057692307692307 0.4879807692307692 0.009615384615384616 0.039663461538461536
2 0.12139423076923077 0.4891826923076923 0.01201923076923077 0.04447115384615385
2 0.5661057692307693 0.38221153846153844 0.008413461538461538 0.03485576923076923
3 0.48677884615384615 0.46033653846153844 0.008413461538461538 0.04447115384615385
2 0.3125 0.4266826923076923 0.008413461538461538 0.04326923076923077
2 0.4326923076923077 0.4891826923076923 0.009615384615384616 0.04927884615384615
2 0.39783653846153844 0.4182692307692308 0.007211538461538462 0.038461538461538464
2 0.8064903846153846 0.45552884615384615 0.010817307692307692 0.039663461538461536
2 0.5564903846153846 0.42788461538461536 0.010817307692307692 0.040865384615384616
2 0.3737980769230769 0.5108173076923077 0.010817307692307692 0.051682692307692304
2 0.7067307692307693 0.4050480769230769 0.01201923076923077 0.037259615384615384
2 0.359375 0.5492788461538461 0.014423076923076924 0.05048076923076923
2 0.5132211538461539 0.625 0.01201923076923077 0.05889423076923077
2 0.8221153846153846 0.8317307692307693 0.020432692307692308 0.08173076923076923
2 0.8665865384615384 0.5564903846153846 0.013221153846153846 0.055288461538461536
2 0.35096153846153844 0.6490384615384616 0.010817307692307692 0.06009615384615385
2 0.4735576923076923 0.6610576923076923 0.016826923076923076 0.0625
2 0.5829326923076923 0.5408653846153846 0.009615384615384616 0.052884615384615384
2 0.7451923076923077 0.5841346153846154 0.010817307692307692 0.055288461538461536
2 0.43990384615384615 0.671875 0.010817307692307692 0.057692307692307696
2 0.8509615384615384 0.7295673076923077 0.020432692307692308 0.07451923076923077
3 0.9182692307692307 0.35336538461538464 0.008413461538461538 0.03485576923076923