2 0.33653846153846156 0.33774038461538464 0.009615384615384616 0.03365384615384615
2 0.5697115384615384 0.33653846153846156 0.009615384615384616 0.040865384615384616
2 0.25961538461538464 0.2980769230769231 0.009615384615384616 0.03365384615384615
2 0.20432692307692307 0.296875 0.009615384615384616 0.03125
2 0.5685096153846154 0.36899038461538464 0.01201923076923077 0.04567307692307692
2 0.5793269230769231 0.3762019230769231 0.009615384615384616 0.04567307692307692
2 0.3401442307692308 0.3629807692307692 0.01201923076923077 0.04326923076923077
2 0.5108173076923077 0.4206730769230769 0.01201923076923077 0.04807692307692308
2 0.4375 0.30288461538461536 0.007211538461538462 0.03365384615384615
1 0.9927884615384616 0.390625 0.009615384615384616 0.05048076923076923
2 0.3954326923076923 0.35336538461538464 0.014423076923076924 0.04326923076923077
2 0.47115384615384615 0.453125 0.016826923076923076 0.05048076923076923
2 0.11658653846153846 0.4387019230769231 0.014423076923076924 0.05048076923076923
2 0.203125 0.3701923076923077 0.01201923076923077 0.04326923076923077
2 0.2403846153846154 0.4495192307692308 0.014423076923076924 0.05048076923076923
2 0.05889423076923077 0.44591346153846156 0.014423076923076924 0.05048076923076923
3 0.41947115384615385 0.40625 0.01201923076923077 0.05048076923076923
2 0.6213942307692307 0.44471153846153844 0.014423076923076924 0.055288461538461536
2 0.578125 0.6694711538461539 0.019230769230769232 0.0673076923076923
2 0.19471153846153846 0.6646634615384616 0.016826923076923076 0.06971153846153846
2 0.6117788461538461 0.5264423076923077 0.014423076923076924 0.0625
2 0.49399038461538464 0.7139423076923077 0.028846153846153848 0.06971153846153846
3 0.5673076923076923 0.2608173076923077 0.007211538461538462 0.03365384615384615
0 0.24879807692307693 0.3233173076923077 0.007211538461538462 0.009615384615384616