2 0.3004807692307692 0.3233173076923077 0.016826923076923076 0.038461538461538464
1 0.9350961538461539 0.4387019230769231 0.016826923076923076 0.038461538461538464
2 0.4110576923076923 0.35697115384615385 0.021634615384615384 0.04326923076923077
2 0.5396634615384616 0.32211538461538464 0.014423076923076924 0.038461538461538464
2 0.6334134615384616 0.4182692307692308 0.021634615384615384 0.04326923076923077
2 0.5673076923076923 0.4182692307692308 0.021634615384615384 0.04326923076923077
2 0.40625 0.46153846153846156 0.019230769230769232 0.052884615384615384
3 0.45072115384615385 0.44350961538461536 0.02403846153846154 0.052884615384615384
2 0.7247596153846154 0.45072115384615385 0.016826923076923076 0.052884615384615384
2 0.6802884615384616 0.6069711538461539 0.026442307692307692 0.057692307692307696
2 0.27283653846153844 0.38461538461538464 0.016826923076923076 0.052884615384615384
2 0.47716346153846156 0.5204326923076923 0.019230769230769232 0.06009615384615385
2 0.23197115384615385 0.4014423076923077 0.02403846153846154 0.055288461538461536
3 0.8990384615384616 0.8665865384615384 0.040865384615384616 0.0889423076923077
2 0.13942307692307693 0.5264423076923077 0.021634615384615384 0.0673076923076923
2 0.7572115384615384 0.59375 0.026442307692307692 0.0673076923076923
2 0.5865384615384616 0.5420673076923077 0.021634615384615384 0.057692307692307696
2 0.609375 0.5048076923076923 0.019230769230769232 0.052884615384615384
2 0.3870192307692308 0.47836538461538464 0.028846153846153848 0.055288461538461536
2 0.5096153846153846 0.5096153846153846 0.02403846153846154 0.06009615384615385
2 0.1971153846153846 0.6622596153846154 0.03365384615384615 0.06971153846153846
2 0.31490384615384615 0.5889423076923077 0.028846153846153848 0.06490384615384616
2 0.11177884615384616 0.6442307692307693 0.038461538461538464 0.07692307692307693
0 0.5817307692307693 0.5060096153846154 0.007211538461538462 0.014423076923076924
3 0.2512019230769231 0.20432692307692307 0.014423076923076924 0.038461538461538464