2 0.30408653846153844 0.33653846153846156 0.016826923076923076 0.03125
2 0.5997596153846154 0.4230769230769231 0.016826923076923076 0.04567307692307692
2 0.34375 0.3870192307692308 0.016826923076923076 0.040865384615384616
2 0.4338942307692308 0.32572115384615385 0.016826923076923076 0.038461538461538464
2 0.3858173076923077 0.39903846153846156 0.016826923076923076 0.040865384615384616
2 0.5432692307692307 0.359375 0.019230769230769232 0.04326923076923077
2 0.21995192307692307 0.3786057692307692 0.016826923076923076 0.038461538461538464
2 0.5661057692307693 0.37740384615384615 0.016826923076923076 0.04567307692307692
2 0.49399038461538464 0.44350961538461536 0.021634615384615384 0.052884615384615384
2 0.19951923076923078 0.43028846153846156 0.019230769230769232 0.04326923076923077
2 0.609375 0.4723557692307692 0.02403846153846154 0.06009615384615385
1 0.9411057692307693 0.31490384615384615 0.021634615384615384 0.05048076923076923
2 0.4543269230769231 0.4855769230769231 0.021634615384615384 0.052884615384615384
2 0.27403846153846156 0.44711538461538464 0.019230769230769232 0.04326923076923077
2 0.30649038461538464 0.4170673076923077 0.016826923076923076 0.04326923076923077
3 0.47475961538461536 0.42908653846153844 0.019230769230769232 0.04807692307692308
2 0.06370192307692307 0.5552884615384616 0.021634615384615384 0.052884615384615384
2 0.18389423076923078 0.5024038461538461 0.02403846153846154 0.055288461538461536
2 0.6514423076923077 0.6057692307692307 0.028846153846153848 0.0625
2 0.27884615384615385 0.7127403846153846 0.028846153846153848 0.07211538461538461
2 0.6225961538461539 0.7163461538461539 0.036057692307692304 0.07451923076923077
0 0.21514423076923078 0.44350961538461536 0.007211538461538462 0.01201923076923077
2 0.5396634615384616 0.34975961538461536 0.019230769230769232 0.04807692307692308
3 0.5204326923076923 0.2644230769230769 0.014423076923076924 0.03365384615384615