2 0.38822115384615385 0.30288461538461536 0.016826923076923076 0.03365384615384615
2 0.6105769230769231 0.36658653846153844 0.016826923076923076 0.040865384615384616
2 0.3245192307692308 0.2439903846153846 0.016826923076923076 0.03365384615384615
2 0.27283653846153844 0.22956730769230768 0.016826923076923076 0.03125
2 0.5985576923076923 0.3954326923076923 0.019230769230769232 0.04567307692307692
2 0.6081730769230769 0.4074519230769231 0.019230769230769232 0.04567307692307692
2 0.38341346153846156 0.3269230769230769 0.019230769230769232 0.04326923076923077
2 0.5300480769230769 0.43028846153846156 0.021634615384615384 0.04807692307692308
2 0.49399038461538464 0.2980769230769231 0.014423076923076924 0.03365384615384615
1 0.9939903846153846 0.5348557692307693 0.01201923076923077 0.05048076923076923
2 0.4387019230769231 0.33413461538461536 0.021634615384615384 0.04326923076923077
2 0.4831730769230769 0.4495192307692308 0.026442307692307692 0.052884615384615384
2 0.15144230769230768 0.3401442307692308 0.02403846153846154 0.052884615384615384
2 0.2512019230769231 0.296875 0.019230769230769232 0.040865384615384616
2 0.2644230769230769 0.38461538461538464 0.02403846153846154 0.05048076923076923
2 0.09254807692307693 0.33052884615384615 0.02403846153846154 0.052884615384615384
3 0.44711538461538464 0.39302884615384615 0.021634615384615384 0.04807692307692308
2 0.6298076923076923 0.484375 0.02403846153846154 0.055288461538461536
2 0.5264423076923077 0.6850961538461539 0.03125 0.0673076923076923
2 0.1622596153846154 0.5757211538461539 0.03125 0.06971153846153846
2 0.5973557692307693 0.5576923076923077 0.026442307692307692 0.0625
2 0.43509615384615385 0.7055288461538461 0.040865384615384616 0.07451923076923077
3 0.6286057692307693 0.29447115384615385 0.014423076923076924 0.03365384615384615
0 0.30649038461538464 0.265625 0.007211538461538462 0.009615384615384616