2 0.3293269230769231 0.3581730769230769 0.009615384615384616 0.03245192307692308
1 0.9098557692307693 0.3701923076923077 0.009615384615384616 0.03365384615384615
2 0.43149038461538464 0.3713942307692308 0.014423076923076924 0.037259615384615384
2 0.5420673076923077 0.32211538461538464 0.007211538461538462 0.03365384615384615
2 0.6382211538461539 0.3942307692307692 0.014423076923076924 0.037259615384615384
2 0.5793269230769231 0.40384615384615385 0.013221153846153846 0.037259615384615384
2 0.4423076923076923 0.4651442307692308 0.009615384615384616 0.046875
3 0.47836538461538464 0.4423076923076923 0.014423076923076924 0.04567307692307692
2 0.7235576923076923 0.4098557692307692 0.007211538461538462 0.046875
2 0.7067307692307693 0.5552884615384616 0.015625 0.04927884615384615
2 0.3125 0.41586538461538464 0.007211538461538462 0.046875
2 0.5144230769230769 0.5072115384615384 0.008413461538461538 0.052884615384615384
2 0.27884615384615385 0.4362980769230769 0.014423076923076924 0.04807692307692308
3 0.9375 0.7548076923076923 0.02403846153846154 0.078125
2 0.21394230769230768 0.5600961538461539 0.010817307692307692 0.05889423076923077
2 0.7728365384615384 0.5336538461538461 0.013221153846153846 0.057692307692307696
2 0.6141826923076923 0.5108173076923077 0.010817307692307692 0.051682692307692304
2 0.6298076923076923 0.47596153846153844 0.010817307692307692 0.046875
2 0.4266826923076923 0.4831730769230769 0.018028846153846152 0.046875
2 0.5408653846153846 0.49278846153846156 0.014423076923076924 0.051682692307692304
2 0.2848557692307692 0.6730769230769231 0.021634615384615384 0.06129807692307692
2 0.3786057692307692 0.5901442307692307 0.018028846153846152 0.055288461538461536
2 0.20673076923076922 0.6682692307692307 0.02403846153846154 0.0673076923076923
0 0.6045673076923077 0.4795673076923077 0.004807692307692308 0.01201923076923077
3 0.26802884615384615 0.25841346153846156 0.008413461538461538 0.03365384615384615