2 0.3485576923076923 0.33653846153846156 0.008413461538461538 0.03365384615384615
2 0.5769230769230769 0.34375 0.007211538461538462 0.039663461538461536
2 0.27403846153846156 0.2956730769230769 0.008413461538461538 0.03245192307692308
2 0.21995192307692307 0.2932692307692308 0.007211538461538462 0.030048076923076924
2 0.5733173076923077 0.375 0.009615384615384616 0.04567307692307692
2 0.5841346153846154 0.38221153846153844 0.008413461538461538 0.04567307692307692
2 0.34975961538461536 0.3605769230769231 0.010817307692307692 0.040865384615384616
2 0.5144230769230769 0.42427884615384615 0.010817307692307692 0.046875
2 0.4483173076923077 0.30649038461538464 0.007211538461538462 0.03245192307692308
1 0.9927884615384616 0.41225961538461536 0.01201923076923077 0.04927884615384615
2 0.4050480769230769 0.35336538461538464 0.010817307692307692 0.040865384615384616
2 0.47475961538461536 0.4543269230769231 0.014423076923076924 0.05048076923076923
2 0.12980769230769232 0.42788461538461536 0.01201923076923077 0.05048076923076923
2 0.21634615384615385 0.3629807692307692 0.009615384615384616 0.040865384615384616
2 0.25 0.44350961538461536 0.013221153846153846 0.04807692307692308
2 0.07211538461538461 0.4326923076923077 0.010817307692307692 0.05048076923076923
3 0.4266826923076923 0.4074519230769231 0.009615384615384616 0.04807692307692308
2 0.6237980769230769 0.453125 0.01201923076923077 0.054086538461538464
2 0.5733173076923077 0.6694711538461539 0.016826923076923076 0.06490384615384616
2 0.1971153846153846 0.6514423076923077 0.015625 0.0673076923076923
2 0.6105769230769231 0.5300480769230769 0.010817307692307692 0.06129807692307692
2 0.4891826923076923 0.7103365384615384 0.02403846153846154 0.06850961538461539
3 0.5769230769230769 0.2704326923076923 0.007211538461538462 0.03245192307692308
0 0.2620192307692308 0.31971153846153844 0.006009615384615385 0.008413461538461538