2 0.22716346153846154 0.24519230769230768 0.014423076923076924 0.028846153846153848
2 0.31490384615384615 0.2620192307692308 0.014423076923076924 0.03125
2 0.6117788461538461 0.4375 0.019230769230769232 0.05048076923076923
1 0.9903846153846154 0.5420673076923077 0.019230769230769232 0.05048076923076923
2 0.12139423076923077 0.35216346153846156 0.02403846153846154 0.04807692307692308
2 0.46875 0.31971153846153844 0.014423076923076924 0.036057692307692304
2 0.41947115384615385 0.3629807692307692 0.016826923076923076 0.040865384615384616
2 0.5877403846153846 0.5324519230769231 0.021634615384615384 0.057692307692307696
2 0.4963942307692308 0.46875 0.019230769230769232 0.05048076923076923
2 0.34134615384615385 0.3293269230769231 0.019230769230769232 0.040865384615384616
2 0.3894230769230769 0.35336538461538464 0.016826923076923076 0.040865384615384616
2 0.6129807692307693 0.39663461538461536 0.016826923076923076 0.04326923076923077
3 0.39663461538461536 0.40865384615384615 0.021634615384615384 0.04807692307692308
2 0.4699519230769231 0.484375 0.019230769230769232 0.052884615384615384
2 0.16466346153846154 0.453125 0.026442307692307692 0.055288461538461536
2 0.5685096153846154 0.6045673076923077 0.026442307692307692 0.06009615384615385
2 0.20432692307692307 0.36538461538461536 0.021634615384615384 0.04807692307692308
2 0.3918269230769231 0.7067307692307693 0.028846153846153848 0.06971153846153846
2 0.3557692307692308 0.7019230769230769 0.03365384615384615 0.07451923076923077
2 0.1346153846153846 0.5877403846153846 0.036057692307692304 0.0673076923076923
2 0.12740384615384615 0.3425480769230769 0.021634615384615384 0.04807692307692308
0 0.23317307692307693 0.25841346153846156 0.004807692307692308 0.007211538461538462
3 0.6394230769230769 0.3173076923076923 0.014423076923076924 0.03125