2 0.10817307692307693 0.5673076923076923 0.016826923076923076 0.040865384615384616
2 0.11899038461538461 0.5661057692307693 0.021634615384615384 0.04567307692307692
2 0.5348557692307693 0.36778846153846156 0.014423076923076924 0.036057692307692304
3 0.4735576923076923 0.46153846153846156 0.016826923076923076 0.04567307692307692
2 0.2932692307692308 0.4639423076923077 0.016826923076923076 0.04326923076923077
2 0.4254807692307692 0.5012019230769231 0.019230769230769232 0.05048076923076923
2 0.3762019230769231 0.4375 0.016826923076923076 0.040865384615384616
2 0.7884615384615384 0.3894230769230769 0.019230769230769232 0.04326923076923077
2 0.5348557692307693 0.41466346153846156 0.019230769230769232 0.04326923076923077
2 0.37259615384615385 0.5360576923076923 0.021634615384615384 0.052884615384615384
2 0.6790865384615384 0.359375 0.021634615384615384 0.038461538461538464
2 0.36658653846153844 0.5757211538461539 0.02403846153846154 0.052884615384615384
2 0.5336538461538461 0.6189903846153846 0.02403846153846154 0.06009615384615385
2 0.8834134615384616 0.7572115384615384 0.036057692307692304 0.08653846153846154
2 0.8689903846153846 0.47716346153846156 0.02403846153846154 0.057692307692307696
2 0.3786057692307692 0.6766826923076923 0.02403846153846154 0.0625
2 0.5024038461538461 0.6622596153846154 0.028846153846153848 0.06490384615384616
2 0.5853365384615384 0.5204326923076923 0.019230769230769232 0.052884615384615384
2 0.7560096153846154 0.5288461538461539 0.02403846153846154 0.057692307692307696
2 0.47115384615384615 0.6802884615384616 0.021634615384615384 0.057692307692307696
2 0.8894230769230769 0.6514423076923077 0.036057692307692304 0.07692307692307693
3 0.8774038461538461 0.2644230769230769 0.016826923076923076 0.036057692307692304