2 0.8846153846153846 0.984375 0.016826923076923076 0.027644230769230768
2 0.4879807692307692 0.38822115384615385 0.010817307692307692 0.03485576923076923
2 0.5733173076923077 0.3701923076923077 0.008413461538461538 0.03485576923076923
2 0.41225961538461536 0.4110576923076923 0.013221153846153846 0.036057692307692304
2 0.7415865384615384 0.7944711538461539 0.013221153846153846 0.078125
2 0.203125 0.5576923076923077 0.021634615384615384 0.04927884615384615
2 0.3762019230769231 0.5588942307692307 0.016826923076923076 0.05048076923076923
2 0.3401442307692308 0.5192307692307693 0.013221153846153846 0.051682692307692304
2 0.46274038461538464 0.42427884615384615 0.008413461538461538 0.042067307692307696
2 0.6574519230769231 0.5973557692307693 0.01201923076923077 0.06009615384615385
2 0.6694711538461539 0.4387019230769231 0.010817307692307692 0.038461538461538464
2 0.7716346153846154 0.5420673076923077 0.013221153846153846 0.055288461538461536
2 0.7427884615384616 0.7259615384615384 0.015625 0.07211538461538461
3 0.5108173076923077 0.5072115384615384 0.013221153846153846 0.051682692307692304
2 0.3605769230769231 0.703125 0.019230769230769232 0.06850961538461539
2 0.39663461538461536 0.6826923076923077 0.01201923076923077 0.06370192307692307
2 0.29447115384615385 0.5384615384615384 0.01201923076923077 0.05048076923076923
2 0.2956730769230769 0.4675480769230769 0.015625 0.04567307692307692
2 0.3161057692307692 0.625 0.015625 0.055288461538461536
2 0.37740384615384615 0.6177884615384616 0.014423076923076924 0.06009615384615385
2 0.13942307692307693 0.6021634615384616 0.020432692307692308 0.055288461538461536
2 0.47716346153846156 0.5649038461538461 0.010817307692307692 0.06009615384615385
0 0.1310096153846154 0.5324519230769231 0.004807692307692308 0.009615384615384616
1 0.15504807692307693 0.42908653846153844 0.021634615384615384 0.03365384615384615
3 0.8185096153846154 0.3293269230769231 0.008413461538461538 0.036057692307692304