2 0.3485576923076923 0.3557692307692308 0.014423076923076924 0.03365384615384615
1 0.9555288461538461 0.4326923076923077 0.01201923076923077 0.036057692307692304
2 0.4543269230769231 0.38221153846153844 0.019230769230769232 0.040865384615384616
2 0.5757211538461539 0.3425480769230769 0.01201923076923077 0.036057692307692304
2 0.6694711538461539 0.42788461538461536 0.019230769230769232 0.040865384615384616
2 0.6057692307692307 0.4326923076923077 0.016826923076923076 0.040865384615384616
2 0.45552884615384615 0.48197115384615385 0.014423076923076924 0.05048076923076923
3 0.4963942307692308 0.46153846153846156 0.019230769230769232 0.05048076923076923
2 0.7560096153846154 0.45552884615384615 0.014423076923076924 0.05048076923076923
2 0.7235576923076923 0.6057692307692307 0.021634615384615384 0.052884615384615384
2 0.32572115384615385 0.41466346153846156 0.014423076923076924 0.05048076923076923
2 0.5264423076923077 0.5336538461538461 0.014423076923076924 0.055288461538461536
2 0.28725961538461536 0.4326923076923077 0.019230769230769232 0.052884615384615384
3 0.9435096153846154 0.8401442307692307 0.03365384615384615 0.08413461538461539
2 0.20673076923076922 0.5564903846153846 0.019230769230769232 0.0625
2 0.7944711538461539 0.5901442307692307 0.021634615384615384 0.0625
2 0.6310096153846154 0.5480769230769231 0.016826923076923076 0.055288461538461536
2 0.6514423076923077 0.5132211538461539 0.016826923076923076 0.05048076923076923
2 0.4375 0.4987980769230769 0.02403846153846154 0.05048076923076923
2 0.5552884615384616 0.5216346153846154 0.021634615384615384 0.057692307692307696
2 0.26802884615384615 0.6826923076923077 0.028846153846153848 0.06490384615384616
2 0.375 0.6069711538461539 0.02403846153846154 0.06009615384615385
2 0.18629807692307693 0.6682692307692307 0.03365384615384615 0.07211538461538461
0 0.6237980769230769 0.5144230769230769 0.007211538461538462 0.014423076923076924
3 0.2956730769230769 0.24519230769230768 0.01201923076923077 0.036057692307692304