2 0.8317307692307693 0.4362980769230769 0.021634615384615384 0.05048076923076923
2 0.8317307692307693 0.40024038461538464 0.019230769230769232 0.040865384615384616
2 0.8389423076923077 0.4266826923076923 0.02403846153846154 0.052884615384615384
2 0.7487980769230769 0.5805288461538461 0.02403846153846154 0.06009615384615385
2 0.6225961538461539 0.27403846153846156 0.016826923076923076 0.036057692307692304
2 0.17668269230769232 0.27283653846153844 0.026442307692307692 0.04807692307692308
2 0.7632211538461539 0.5745192307692307 0.02403846153846154 0.057692307692307696
2 0.4387019230769231 0.6189903846153846 0.026442307692307692 0.06490384615384616
2 0.31850961538461536 0.25240384615384615 0.021634615384615384 0.04326923076923077
2 0.8076923076923077 0.5528846153846154 0.02403846153846154 0.0625
3 0.609375 0.38461538461538464 0.021634615384615384 0.04807692307692308
2 0.6838942307692307 0.4206730769230769 0.021634615384615384 0.04807692307692308
2 0.057692307692307696 0.33413461538461536 0.02403846153846154 0.057692307692307696
2 0.7391826923076923 0.390625 0.019230769230769232 0.040865384615384616
2 0.4375 0.34375 0.019230769230769232 0.04807692307692308
2 0.5733173076923077 0.30408653846153844 0.016826923076923076 0.040865384615384616
2 0.7067307692307693 0.6826923076923077 0.038461538461538464 0.07211538461538461
2 0.2644230769230769 0.7487980769230769 0.040865384615384616 0.08413461538461539
2 0.7740384615384616 0.6478365384615384 0.03125 0.0673076923076923
2 0.6358173076923077 0.6923076923076923 0.03365384615384615 0.07692307692307693
2 0.3485576923076923 0.3942307692307692 0.026442307692307692 0.06009615384615385
2 0.40865384615384615 0.40384615384615385 0.028846153846153848 0.06009615384615385
0 0.1814903846153846 0.29447115384615385 0.009615384615384616 0.01201923076923077
3 0.41346153846153844 0.1778846153846154 0.019230769230769232 0.038461538461538464