2 0.3112980769230769 0.38221153846153844 0.014423076923076924 0.036057692307692304
1 0.9302884615384616 0.3088942307692308 0.014423076923076924 0.036057692307692304
2 0.4230769230769231 0.38221153846153844 0.021634615384615384 0.040865384615384616
2 0.5336538461538461 0.3125 0.014423076923076924 0.036057692307692304
2 0.6466346153846154 0.375 0.021634615384615384 0.040865384615384616
2 0.5853365384615384 0.39302884615384615 0.019230769230769232 0.040865384615384616
2 0.4483173076923077 0.4795673076923077 0.016826923076923076 0.05048076923076923
3 0.4831730769230769 0.45072115384615385 0.021634615384615384 0.05048076923076923
2 0.7391826923076923 0.3786057692307692 0.014423076923076924 0.05048076923076923
2 0.7427884615384616 0.5360576923076923 0.02403846153846154 0.055288461538461536
2 0.30288461538461536 0.44591346153846156 0.014423076923076924 0.05048076923076923
2 0.53125 0.5144230769230769 0.016826923076923076 0.057692307692307696
2 0.2704326923076923 0.4723557692307692 0.021634615384615384 0.052884615384615384
2 0.21995192307692307 0.6141826923076923 0.021634615384615384 0.06490384615384616
2 0.8100961538461539 0.5036057692307693 0.02403846153846154 0.06490384615384616
2 0.6370192307692307 0.5024038461538461 0.019230769230769232 0.055288461538461536
2 0.6490384615384616 0.46274038461538464 0.016826923076923076 0.05048076923076923
2 0.43509615384615385 0.5012019230769231 0.026442307692307692 0.052884615384615384
2 0.5576923076923077 0.49399038461538464 0.02403846153846154 0.057692307692307696
2 0.3112980769230769 0.7247596153846154 0.03125 0.0673076923076923
2 0.39903846153846156 0.6225961538461539 0.026442307692307692 0.06009615384615385
2 0.2283653846153846 0.7307692307692307 0.036057692307692304 0.07451923076923077
0 0.6237980769230769 0.4699519230769231 0.007211538461538462 0.014423076923076924
3 0.23197115384615385 0.2848557692307692 0.014423076923076924 0.036057692307692304