2 0.5805288461538461 0.34134615384615385 0.019230769230769232 0.04567307692307692
2 0.609375 0.36899038461538464 0.021634615384615384 0.04567307692307692
2 0.5733173076923077 0.3485576923076923 0.02403846153846154 0.04567307692307692
2 0.4807692307692308 0.29927884615384615 0.019230769230769232 0.036057692307692304
2 0.31490384615384615 0.4170673076923077 0.019230769230769232 0.04326923076923077
2 0.5649038461538461 0.49759615384615385 0.026442307692307692 0.055288461538461536
2 0.30649038461538464 0.42908653846153844 0.019230769230769232 0.04326923076923077
2 0.38822115384615385 0.375 0.019230769230769232 0.04326923076923077
2 0.49399038461538464 0.38461538461538464 0.021634615384615384 0.04326923076923077
2 0.6009615384615384 0.375 0.021634615384615384 0.05048076923076923
2 0.3557692307692308 0.5096153846153846 0.02403846153846154 0.055288461538461536
3 0.5324519230769231 0.42788461538461536 0.021634615384615384 0.05048076923076923
2 0.234375 0.3870192307692308 0.019230769230769232 0.040865384615384616
2 0.4110576923076923 0.3713942307692308 0.019230769230769232 0.04326923076923077
2 0.6574519230769231 0.41346153846153844 0.026442307692307692 0.055288461538461536
1 0.90625 0.28125 0.026442307692307692 0.052884615384615384
2 0.5817307692307693 0.44711538461538464 0.03125 0.055288461538461536
2 0.7512019230769231 0.5817307692307693 0.028846153846153848 0.06490384615384616
2 0.4026442307692308 0.71875 0.03365384615384615 0.07451923076923077
2 0.1466346153846154 0.5673076923076923 0.02403846153846154 0.055288461538461536
2 0.8365384615384616 0.7367788461538461 0.038461538461538464 0.08653846153846154
3 0.5060096153846154 0.2283653846153846 0.014423076923076924 0.03125
2 0.35336538461538464 0.29927884615384615 0.016826923076923076 0.038461538461538464