2 0.6634615384615384 0.23197115384615385 0.01201923076923077 0.03365384615384615
2 0.33052884615384615 0.25 0.014423076923076924 0.04326923076923077
2 0.7211538461538461 0.36177884615384615 0.014423076923076924 0.04807692307692308
2 0.6286057692307693 0.27403846153846156 0.014423076923076924 0.038461538461538464
2 0.8713942307692307 0.3485576923076923 0.01201923076923077 0.04567307692307692
2 0.8353365384615384 0.3125 0.009615384615384616 0.040865384615384616
2 0.8173076923076923 0.5132211538461539 0.01201923076923077 0.0625
2 0.8112980769230769 0.4579326923076923 0.014423076923076924 0.055288461538461536
2 0.8641826923076923 0.3329326923076923 0.009615384615384616 0.04567307692307692
2 0.8413461538461539 0.5733173076923077 0.014423076923076924 0.0673076923076923
1 0.2283653846153846 0.3269230769230769 0.019230769230769232 0.052884615384615384
2 0.10336538461538461 0.41225961538461536 0.014423076923076924 0.052884615384615384
2 0.7752403846153846 0.32211538461538464 0.009615384615384616 0.040865384615384616
2 0.3713942307692308 0.3762019230769231 0.01201923076923077 0.055288461538461536
2 0.49399038461538464 0.33774038461538464 0.009615384615384616 0.04567307692307692
3 0.6899038461538461 0.35336538461538464 0.01201923076923077 0.04807692307692308
2 0.8689903846153846 0.47716346153846156 0.01201923076923077 0.0625
2 0.46875 0.37740384615384615 0.01201923076923077 0.055288461538461536
2 0.7824519230769231 0.6081730769230769 0.021634615384615384 0.06971153846153846
2 0.3605769230769231 0.7560096153846154 0.026442307692307692 0.08173076923076923
2 0.6959134615384616 0.5949519230769231 0.016826923076923076 0.06971153846153846
2 0.5432692307692307 0.6081730769230769 0.019230769230769232 0.06971153846153846
3 0.90625 0.9591346153846154 0.03365384615384615 0.08173076923076923
0 0.24639423076923078 0.35096153846153844 0.007211538461538462 0.01201923076923077
3 0.4014423076923077 0.1814903846153846 0.01201923076923077 0.038461538461538464