2 0.8810096153846154 0.4206730769230769 0.016826923076923076 0.040865384615384616
2 0.8725961538461539 0.42427884615384615 0.021634615384615384 0.04807692307692308
2 0.40865384615384615 0.4026442307692308 0.014423076923076924 0.036057692307692304
3 0.5024038461538461 0.4651442307692308 0.016826923076923076 0.04567307692307692
2 0.6694711538461539 0.39783653846153844 0.016826923076923076 0.04567307692307692
2 0.5612980769230769 0.4831730769230769 0.019230769230769232 0.05048076923076923
2 0.5829326923076923 0.40625 0.016826923076923076 0.040865384615384616
2 0.18269230769230768 0.5240384615384616 0.019230769230769232 0.04326923076923077
2 0.4266826923076923 0.44711538461538464 0.019230769230769232 0.04326923076923077
2 0.625 0.49399038461538464 0.021634615384615384 0.052884615384615384
2 0.27283653846153844 0.4519230769230769 0.019230769230769232 0.038461538461538464
2 0.6466346153846154 0.5288461538461539 0.02403846153846154 0.052884615384615384
2 0.5084134615384616 0.6358173076923077 0.02403846153846154 0.06009615384615385
2 0.2403846153846154 0.9002403846153846 0.036057692307692304 0.08413461538461539
2 0.14182692307692307 0.6358173076923077 0.02403846153846154 0.057692307692307696
2 0.6742788461538461 0.6274038461538461 0.02403846153846154 0.0625
2 0.5540865384615384 0.6634615384615384 0.028846153846153848 0.06490384615384616
2 0.4230769230769231 0.5637019230769231 0.019230769230769232 0.055288461538461536
2 0.26802884615384615 0.6394230769230769 0.021634615384615384 0.057692307692307696
2 0.5901442307692307 0.6670673076923077 0.021634615384615384 0.06009615384615385
2 0.19110576923076922 0.8052884615384616 0.03365384615384615 0.07932692307692307
3 0.05048076923076923 0.4423076923076923 0.014423076923076924 0.036057692307692304