2 0.2980769230769231 0.3581730769230769 0.016826923076923076 0.036057692307692304
1 0.9206730769230769 0.2620192307692308 0.016826923076923076 0.036057692307692304
2 0.4098557692307692 0.35336538461538464 0.021634615384615384 0.040865384615384616
2 0.5180288461538461 0.2800480769230769 0.014423076923076924 0.036057692307692304
2 0.6358173076923077 0.3389423076923077 0.021634615384615384 0.040865384615384616
2 0.5745192307692307 0.3605769230769231 0.021634615384615384 0.040865384615384616
2 0.4387019230769231 0.4519230769230769 0.019230769230769232 0.05048076923076923
3 0.4735576923076923 0.4206730769230769 0.02403846153846154 0.05048076923076923
2 0.7295673076923077 0.3401442307692308 0.016826923076923076 0.052884615384615384
2 0.7391826923076923 0.49759615384615385 0.026442307692307692 0.055288461538461536
2 0.29086538461538464 0.4230769230769231 0.016826923076923076 0.05048076923076923
2 0.5240384615384616 0.4831730769230769 0.019230769230769232 0.057692307692307696
2 0.25961538461538464 0.45072115384615385 0.02403846153846154 0.052884615384615384
2 0.2127403846153846 0.5961538461538461 0.02403846153846154 0.06490384615384616
2 0.8064903846153846 0.46274038461538464 0.026442307692307692 0.06490384615384616
2 0.6310096153846154 0.4675480769230769 0.021634615384615384 0.057692307692307696
2 0.640625 0.42788461538461536 0.021634615384615384 0.052884615384615384
2 0.4254807692307692 0.4723557692307692 0.028846153846153848 0.052884615384615384
2 0.5492788461538461 0.46274038461538464 0.02403846153846154 0.057692307692307696
2 0.31009615384615385 0.703125 0.03365384615384615 0.06971153846153846
2 0.3954326923076923 0.5973557692307693 0.03125 0.0625
2 0.22596153846153846 0.7127403846153846 0.038461538461538464 0.07451923076923077
0 0.6153846153846154 0.4362980769230769 0.007211538461538462 0.014423076923076924
3 0.21394230769230768 0.26322115384615385 0.016826923076923076 0.036057692307692304