2 0.42427884615384615 0.29447115384615385 0.009615384615384616 0.03365384615384615
2 0.7475961538461539 0.3401442307692308 0.01201923076923077 0.04326923076923077
2 0.35697115384615385 0.4170673076923077 0.01201923076923077 0.04807692307692308
2 0.45552884615384615 0.3401442307692308 0.01201923076923077 0.038461538461538464
2 0.21153846153846154 0.390625 0.01201923076923077 0.04326923076923077
2 0.25240384615384615 0.359375 0.009615384615384616 0.040865384615384616
2 0.2512019230769231 0.5564903846153846 0.009615384615384616 0.06009615384615385
2 0.2620192307692308 0.5012019230769231 0.01201923076923077 0.052884615384615384
2 0.21995192307692307 0.3762019230769231 0.009615384615384616 0.04567307692307692
2 0.22355769230769232 0.6117788461538461 0.014423076923076924 0.06490384615384616
1 0.8401442307692307 0.4254807692307692 0.016826923076923076 0.052884615384615384
2 0.9543269230769231 0.5180288461538461 0.01201923076923077 0.052884615384615384
2 0.3088942307692308 0.37259615384615385 0.009615384615384616 0.040865384615384616
2 0.6959134615384616 0.46153846153846156 0.009615384615384616 0.052884615384615384
2 0.5817307692307693 0.41225961538461536 0.009615384615384616 0.04326923076923077
3 0.3894230769230769 0.4110576923076923 0.009615384615384616 0.04567307692307692
2 0.203125 0.515625 0.01201923076923077 0.06009615384615385
2 0.5997596153846154 0.453125 0.009615384615384616 0.052884615384615384
2 0.2764423076923077 0.6526442307692307 0.019230769230769232 0.0673076923076923
2 0.6742788461538461 0.8305288461538461 0.02403846153846154 0.08173076923076923
2 0.3629807692307692 0.6442307692307693 0.014423076923076924 0.0673076923076923
2 0.5084134615384616 0.6706730769230769 0.016826923076923076 0.0673076923076923
3 0.12620192307692307 0.9651442307692307 0.028846153846153848 0.04326923076923077
0 0.8197115384615384 0.44591346153846156 0.007211538461538462 0.01201923076923077
3 0.6850961538461539 0.2692307692307692 0.01201923076923077 0.036057692307692304