2 0.6766826923076923 0.4182692307692308 0.01201923076923077 0.039663461538461536
2 0.8834134615384616 0.4807692307692308 0.015625 0.04567307692307692
2 0.6225961538461539 0.421875 0.007211538461538462 0.042067307692307696
2 0.8653846153846154 0.48677884615384615 0.010817307692307692 0.04807692307692308
2 0.5300480769230769 0.47836538461538464 0.013221153846153846 0.046875
2 0.5745192307692307 0.5024038461538461 0.007211538461538462 0.04927884615384615
2 0.4182692307692308 0.375 0.007211538461538462 0.03245192307692308
2 0.234375 0.5805288461538461 0.009615384615384616 0.054086538461538464
3 0.5096153846153846 0.4519230769230769 0.010817307692307692 0.04326923076923077
2 0.6875 0.5949519230769231 0.009615384615384616 0.05889423076923077
2 0.17427884615384615 0.4519230769230769 0.010817307692307692 0.042067307692307696
2 0.1971153846153846 0.43509615384615385 0.009615384615384616 0.042067307692307696
2 0.4110576923076923 0.421875 0.01201923076923077 0.042067307692307696
2 0.45913461538461536 0.5841346153846154 0.010817307692307692 0.055288461538461536
2 0.6033653846153846 0.7019230769230769 0.020432692307692308 0.06490384615384616
2 0.36538461538461536 0.5300480769230769 0.01201923076923077 0.052884615384615384
2 0.11177884615384616 0.7079326923076923 0.018028846153846152 0.06971153846153846
2 0.5360576923076923 0.6310096153846154 0.01201923076923077 0.06129807692307692
2 0.10817307692307693 0.5420673076923077 0.014423076923076924 0.054086538461538464
2 0.12860576923076922 0.8052884615384616 0.018028846153846152 0.078125
2 0.4411057692307692 0.7427884615384616 0.025240384615384616 0.0673076923076923
3 0.07932692307692307 0.35697115384615385 0.010817307692307692 0.039663461538461536