2 0.640625 0.5877403846153846 0.01201923076923077 0.040865384615384616
0 0.47596153846153844 0.734375 0.007211538461538462 0.01201923076923077
2 0.5721153846153846 0.37259615384615385 0.01201923076923077 0.040865384615384616
2 0.6394230769230769 0.6310096153846154 0.02403846153846154 0.06490384615384616
2 0.8088942307692307 0.6983173076923077 0.01201923076923077 0.06490384615384616
2 0.35096153846153844 0.3942307692307692 0.009615384615384616 0.040865384615384616
1 0.8533653846153846 0.4026442307692308 0.016826923076923076 0.04326923076923077
2 0.546875 0.5637019230769231 0.01201923076923077 0.052884615384615384
2 0.5540865384615384 0.42427884615384615 0.009615384615384616 0.04567307692307692
2 0.7668269230769231 0.5853365384615384 0.01201923076923077 0.06009615384615385
2 0.6430288461538461 0.41225961538461536 0.014423076923076924 0.04567307692307692
2 0.6574519230769231 0.4170673076923077 0.01201923076923077 0.04567307692307692
2 0.6947115384615384 0.48197115384615385 0.01201923076923077 0.052884615384615384
3 0.5444711538461539 0.5012019230769231 0.014423076923076924 0.05048076923076923
3 0.17668269230769232 0.9567307692307693 0.02403846153846154 0.08173076923076923
2 0.7956730769230769 0.6021634615384616 0.016826923076923076 0.0625
2 0.2439903846153846 0.65625 0.016826923076923076 0.06490384615384616
2 0.5997596153846154 0.6850961538461539 0.026442307692307692 0.06971153846153846
2 0.2608173076923077 0.47836538461538464 0.014423076923076924 0.05048076923076923
2 0.39903846153846156 0.515625 0.016826923076923076 0.04807692307692308
2 0.6286057692307693 0.7391826923076923 0.014423076923076924 0.07451923076923077
2 0.4651442307692308 0.7091346153846154 0.01201923076923077 0.06971153846153846
2 0.49399038461538464 0.578125 0.014423076923076924 0.055288461538461536
2 0.3173076923076923 0.6322115384615384 0.014423076923076924 0.06971153846153846
3 0.5372596153846154 0.29086538461538464 0.009615384615384616 0.03125