2 0.36899038461538464 0.25841346153846156 0.009615384615384616 0.03365384615384615
2 0.6887019230769231 0.28125 0.01201923076923077 0.040865384615384616
2 0.3112980769230769 0.38341346153846156 0.01201923076923077 0.04567307692307692
2 0.4026442307692308 0.3016826923076923 0.01201923076923077 0.036057692307692304
2 0.16706730769230768 0.36778846153846156 0.01201923076923077 0.04326923076923077
2 0.20432692307692307 0.33413461538461536 0.009615384615384616 0.040865384615384616
2 0.21754807692307693 0.5264423076923077 0.009615384615384616 0.06009615384615385
2 0.22235576923076922 0.4723557692307692 0.01201923076923077 0.052884615384615384
2 0.17548076923076922 0.35216346153846156 0.009615384615384616 0.04567307692307692
2 0.1935096153846154 0.5841346153846154 0.014423076923076924 0.06490384615384616
1 0.7848557692307693 0.3581730769230769 0.016826923076923076 0.05048076923076923
2 0.9038461538461539 0.4411057692307692 0.01201923076923077 0.05048076923076923
2 0.25961538461538464 0.34375 0.009615384615384616 0.040865384615384616
2 0.6454326923076923 0.40384615384615385 0.009615384615384616 0.052884615384615384
2 0.53125 0.3629807692307692 0.009615384615384616 0.04326923076923077
3 0.34134615384615385 0.3762019230769231 0.009615384615384616 0.04567307692307692
2 0.16826923076923078 0.49158653846153844 0.01201923076923077 0.06009615384615385
2 0.5516826923076923 0.4014423076923077 0.009615384615384616 0.052884615384615384
2 0.24879807692307693 0.6189903846153846 0.019230769230769232 0.0673076923076923
2 0.6502403846153846 0.7680288461538461 0.02403846153846154 0.07932692307692307
2 0.3329326923076923 0.6069711538461539 0.014423076923076924 0.0673076923076923
2 0.47836538461538464 0.6225961538461539 0.016826923076923076 0.0673076923076923
3 0.12259615384615384 0.9579326923076923 0.028846153846153848 0.08413461538461539
0 0.7668269230769231 0.3798076923076923 0.007211538461538462 0.01201923076923077
3 0.6225961538461539 0.21514423076923078 0.01201923076923077 0.036057692307692304