2 0.7596153846153846 0.3269230769230769 0.016826923076923076 0.04567307692307692
2 0.7463942307692307 0.296875 0.014423076923076924 0.038461538461538464
2 0.7632211538461539 0.3161057692307692 0.019230769230769232 0.05048076923076923
2 0.7439903846153846 0.484375 0.019230769230769232 0.055288461538461536
2 0.5180288461538461 0.26802884615384615 0.01201923076923077 0.03365384615384615
2 0.13221153846153846 0.4375 0.021634615384615384 0.04326923076923077
2 0.7524038461538461 0.4723557692307692 0.019230769230769232 0.055288461538461536
2 0.49038461538461536 0.6346153846153846 0.019230769230769232 0.0625
2 0.24759615384615385 0.36658653846153844 0.016826923076923076 0.040865384615384616
2 0.7836538461538461 0.4362980769230769 0.019230769230769232 0.057692307692307696
3 0.5492788461538461 0.36778846153846156 0.016826923076923076 0.04567307692307692
2 0.6262019230769231 0.3701923076923077 0.016826923076923076 0.04567307692307692
2 0.054086538461538464 0.5360576923076923 0.021634615384615384 0.052884615384615384
2 0.6634615384615384 0.3233173076923077 0.016826923076923076 0.038461538461538464
2 0.38461538461538464 0.39783653846153844 0.016826923076923076 0.04567307692307692
2 0.48677884615384615 0.3125 0.014423076923076924 0.038461538461538464
2 0.7475961538461539 0.5877403846153846 0.03125 0.0673076923076923
3 0.9362980769230769 0.8762019230769231 0.038461538461538464 0.09375
2 0.390625 0.8137019230769231 0.03365384615384615 0.07932692307692307
2 0.7908653846153846 0.53125 0.02403846153846154 0.06490384615384616
2 0.6887019230769231 0.6225961538461539 0.028846153846153848 0.07211538461538461
2 0.32572115384615385 0.47716346153846156 0.021634615384615384 0.057692307692307696
2 0.38221153846153844 0.46274038461538464 0.021634615384615384 0.057692307692307696
0 0.14423076923076922 0.4543269230769231 0.007211538461538462 0.01201923076923077
3 0.29927884615384615 0.2644230769230769 0.014423076923076924 0.036057692307692304