3 0.21875 0.30528846153846156 0.01201923076923077 0.03125
2 0.6754807692307693 0.359375 0.019230769230769232 0.052884615384615384
2 0.6778846153846154 0.3137019230769231 0.016826923076923076 0.038461538461538464
2 0.421875 0.4170673076923077 0.016826923076923076 0.05048076923076923
2 0.6875 0.3557692307692308 0.02403846153846154 0.055288461538461536
2 0.5925480769230769 0.3545673076923077 0.016826923076923076 0.04326923076923077
2 0.5168269230769231 0.34134615384615385 0.014423076923076924 0.04567307692307692
2 0.28365384615384615 0.3581730769230769 0.019230769230769232 0.04567307692307692
2 0.13942307692307693 0.4411057692307692 0.026442307692307692 0.055288461538461536
2 0.15264423076923078 0.4891826923076923 0.02403846153846154 0.06009615384615385
2 0.44350961538461536 0.5168269230769231 0.019230769230769232 0.057692307692307696
2 0.3737980769230769 0.37259615384615385 0.019230769230769232 0.05048076923076923
2 0.6105769230769231 0.3798076923076923 0.019230769230769232 0.05048076923076923
2 0.12860576923076922 0.5588942307692307 0.03125 0.06490384615384616
3 0.5432692307692307 0.43149038461538464 0.021634615384615384 0.055288461538461536
2 0.4579326923076923 0.4387019230769231 0.026442307692307692 0.052884615384615384
2 0.1310096153846154 0.625 0.03365384615384615 0.07211538461538461
2 0.7740384615384616 0.5961538461538461 0.028846153846153848 0.0673076923076923
2 0.1814903846153846 0.8028846153846154 0.03365384615384615 0.08173076923076923
2 0.8076923076923077 0.5192307692307693 0.02403846153846154 0.06490384615384616
2 0.5204326923076923 0.5504807692307693 0.026442307692307692 0.0673076923076923
2 0.8329326923076923 0.4098557692307692 0.021634615384615384 0.06009615384615385
0 0.6646634615384616 0.32211538461538464 0.007211538461538462 0.01201923076923077