2 0.6382211538461539 0.5901442307692307 0.009615384615384616 0.038461538461538464
0 0.4699519230769231 0.7283653846153846 0.006009615384615385 0.010817307692307692
2 0.578125 0.3737980769230769 0.008413461538461538 0.040865384615384616
2 0.6370192307692307 0.6334134615384616 0.02283653846153846 0.06490384615384616
2 0.8016826923076923 0.7055288461538461 0.010817307692307692 0.06490384615384616
2 0.35697115384615385 0.3870192307692308 0.008413461538461538 0.038461538461538464
1 0.8569711538461539 0.41225961538461536 0.014423076923076924 0.04326923076923077
2 0.5456730769230769 0.5625 0.010817307692307692 0.051682692307692304
2 0.5576923076923077 0.4254807692307692 0.008413461538461538 0.04447115384615385
2 0.7632211538461539 0.5925480769230769 0.009615384615384616 0.06009615384615385
2 0.6466346153846154 0.41466346153846156 0.01201923076923077 0.04567307692307692
2 0.6610576923076923 0.4206730769230769 0.009615384615384616 0.04567307692307692
2 0.6959134615384616 0.48677884615384615 0.008413461538461538 0.05048076923076923
3 0.546875 0.5 0.01201923076923077 0.04927884615384615
3 0.1658653846153846 0.9399038461538461 0.020432692307692308 0.08173076923076923
2 0.7920673076923077 0.609375 0.014423076923076924 0.0625
2 0.24278846153846154 0.6442307692307693 0.015625 0.06370192307692307
2 0.5961538461538461 0.6862980769230769 0.02403846153846154 0.06850961538461539
2 0.265625 0.4675480769230769 0.01201923076923077 0.05048076923076923
2 0.4014423076923077 0.5096153846153846 0.015625 0.046875
2 0.6225961538461539 0.7403846153846154 0.010817307692307692 0.07211538461538461
2 0.46153846153846156 0.7043269230769231 0.010817307692307692 0.06850961538461539
2 0.49399038461538464 0.5745192307692307 0.01201923076923077 0.055288461538461536
2 0.3161057692307692 0.6225961538461539 0.013221153846153846 0.0673076923076923
3 0.5456730769230769 0.2920673076923077 0.009615384615384616 0.03125