3 0.49759615384615385 0.24278846153846154 0.009615384615384616 0.03125
2 0.5144230769230769 0.3125 0.016826923076923076 0.038461538461538464
2 0.6622596153846154 0.3088942307692308 0.01201923076923077 0.036057692307692304
2 0.5456730769230769 0.5913461538461539 0.021634615384615384 0.05048076923076923
2 0.6286057692307693 0.4362980769230769 0.01201923076923077 0.04807692307692308
2 0.3870192307692308 0.39663461538461536 0.016826923076923076 0.05048076923076923
2 0.234375 0.6454326923076923 0.016826923076923076 0.057692307692307696
2 0.8245192307692307 0.3918269230769231 0.014423076923076924 0.04326923076923077
2 0.515625 0.4375 0.016826923076923076 0.05048076923076923
2 0.6971153846153846 0.40384615384615385 0.01201923076923077 0.04567307692307692
2 0.39903846153846156 0.3629807692307692 0.016826923076923076 0.052884615384615384
2 0.6310096153846154 0.7764423076923077 0.02403846153846154 0.08413461538461539
2 0.2283653846153846 0.703125 0.02403846153846154 0.07692307692307693
2 0.36778846153846156 0.45913461538461536 0.016826923076923076 0.052884615384615384
2 0.6394230769230769 0.46634615384615385 0.014423076923076924 0.055288461538461536
2 0.7043269230769231 0.5252403846153846 0.021634615384615384 0.052884615384615384
1 0.13822115384615385 0.33533653846153844 0.016826923076923076 0.04807692307692308
2 0.3557692307692308 0.4579326923076923 0.014423076923076924 0.057692307692307696
2 0.4987980769230769 0.3629807692307692 0.01201923076923077 0.04567307692307692
3 0.4675480769230769 0.45072115384615385 0.016826923076923076 0.057692307692307696
2 0.43028846153846156 0.5036057692307693 0.019230769230769232 0.057692307692307696
2 0.859375 0.5697115384615384 0.028846153846153848 0.06009615384615385
0 0.8569711538461539 0.5925480769230769 0.007211538461538462 0.01201923076923077