2 0.4387019230769231 0.2283653846153846 0.014423076923076924 0.03365384615384615
2 0.7620192307692307 0.3088942307692308 0.016826923076923076 0.04567307692307692
2 0.35697115384615385 0.3449519230769231 0.016826923076923076 0.04807692307692308
2 0.4651442307692308 0.2764423076923077 0.016826923076923076 0.040865384615384616
2 0.21033653846153846 0.30288461538461536 0.016826923076923076 0.04567307692307692
2 0.2548076923076923 0.27524038461538464 0.01201923076923077 0.040865384615384616
2 0.234375 0.47475961538461536 0.016826923076923076 0.0625
2 0.25 0.4206730769230769 0.019230769230769232 0.055288461538461536
2 0.22115384615384615 0.28846153846153844 0.014423076923076924 0.04567307692307692
2 0.19951923076923078 0.5288461538461539 0.021634615384615384 0.0673076923076923
1 0.8473557692307693 0.40384615384615385 0.021634615384615384 0.055288461538461536
2 0.953125 0.5120192307692307 0.019230769230769232 0.052884615384615384
2 0.3112980769230769 0.2956730769230769 0.014423076923076924 0.040865384615384616
2 0.6959134615384616 0.4254807692307692 0.016826923076923076 0.055288461538461536
2 0.5853365384615384 0.3641826923076923 0.014423076923076924 0.04567307692307692
3 0.3894230769230769 0.3425480769230769 0.014423076923076924 0.04807692307692308
2 0.18990384615384615 0.42908653846153844 0.019230769230769232 0.0625
2 0.6009615384615384 0.4074519230769231 0.016826923076923076 0.055288461538461536
2 0.25 0.5757211538461539 0.026442307692307692 0.07211538461538461
2 0.6346153846153846 0.8004807692307693 0.03365384615384615 0.08413461538461539
2 0.3389423076923077 0.578125 0.021634615384615384 0.06971153846153846
2 0.484375 0.6201923076923077 0.02403846153846154 0.06971153846153846
3 0.05889423076923077 0.8990384615384616 0.038461538461538464 0.0889423076923077
0 0.8233173076923077 0.42427884615384615 0.007211538461538462 0.01201923076923077
3 0.7055288461538461 0.22956730769230768 0.016826923076923076 0.038461538461538464