2 0.19471153846153846 0.30288461538461536 0.009615384615384616 0.026442307692307692
2 0.28125 0.29927884615384615 0.007211538461538462 0.030048076923076924
2 0.5973557692307693 0.4074519230769231 0.009615384615384616 0.046875
1 0.9795673076923077 0.43028846153846156 0.009615384615384616 0.04927884615384615
2 0.11538461538461539 0.42427884615384615 0.013221153846153846 0.04447115384615385
2 0.4387019230769231 0.3245192307692308 0.007211538461538462 0.03485576923076923
2 0.40024038461538464 0.375 0.007211538461538462 0.039663461538461536
2 0.59375 0.5012019230769231 0.010817307692307692 0.055288461538461536
2 0.4951923076923077 0.45913461538461536 0.007211538461538462 0.046875
2 0.31971153846153844 0.359375 0.010817307692307692 0.038461538461538464
2 0.3713942307692308 0.3713942307692308 0.009615384615384616 0.038461538461538464
2 0.5913461538461539 0.36658653846153844 0.007211538461538462 0.042067307692307696
3 0.38822115384615385 0.4230769230769231 0.01201923076923077 0.04567307692307692
2 0.4723557692307692 0.47836538461538464 0.009615384615384616 0.05048076923076923
2 0.1778846153846154 0.5108173076923077 0.014423076923076924 0.051682692307692304
2 0.5901442307692307 0.5733173076923077 0.015625 0.057692307692307696
2 0.19831730769230768 0.4206730769230769 0.013221153846153846 0.04447115384615385
2 0.44471153846153844 0.7067307692307693 0.013221153846153846 0.06610576923076923
2 0.4098557692307692 0.7079326923076923 0.016826923076923076 0.06971153846153846
2 0.17668269230769232 0.6454326923076923 0.021634615384615384 0.0625
2 0.11899038461538461 0.41346153846153844 0.01201923076923077 0.04447115384615385
0 0.203125 0.3137019230769231 0.003605769230769231 0.006009615384615385
3 0.5997596153846154 0.2860576923076923 0.008413461538461538 0.030048076923076924