3 0.8858173076923077 0.25961538461538464 0.009615384615384616 0.03365384615384615
1 0.15985576923076922 0.359375 0.016826923076923076 0.036057692307692304
2 0.3425480769230769 0.36658653846153844 0.014423076923076924 0.040865384615384616
2 0.6466346153846154 0.3329326923076923 0.01201923076923077 0.04326923076923077
3 0.5216346153846154 0.38221153846153844 0.01201923076923077 0.04807692307692308
2 0.4735576923076923 0.41947115384615385 0.01201923076923077 0.04807692307692308
2 0.59375 0.45913461538461536 0.01201923076923077 0.057692307692307696
2 0.6033653846153846 0.4543269230769231 0.016826923076923076 0.057692307692307696
2 0.8581730769230769 0.46033653846153844 0.014423076923076924 0.06009615384615385
2 0.3173076923076923 0.37259615384615385 0.019230769230769232 0.040865384615384616
2 0.8112980769230769 0.7403846153846154 0.019230769230769232 0.07932692307692307
2 0.2668269230769231 0.4230769230769231 0.019230769230769232 0.04807692307692308
2 0.4338942307692308 0.3954326923076923 0.016826923076923076 0.04807692307692308
2 0.4855769230769231 0.3701923076923077 0.016826923076923076 0.04807692307692308
2 0.45552884615384615 0.4495192307692308 0.01201923076923077 0.055288461538461536
2 0.8966346153846154 0.5961538461538461 0.021634615384615384 0.07211538461538461
2 0.8401442307692307 0.44711538461538464 0.019230769230769232 0.052884615384615384
2 0.5769230769230769 0.5108173076923077 0.014423076923076924 0.06009615384615385
2 0.2608173076923077 0.5264423076923077 0.016826923076923076 0.055288461538461536
2 0.8798076923076923 0.7163461538461539 0.02403846153846154 0.08653846153846154
2 0.6213942307692307 0.5973557692307693 0.026442307692307692 0.0625
2 0.33533653846153844 0.359375 0.01201923076923077 0.038461538461538464
2 0.3449519230769231 0.35336538461538464 0.016826923076923076 0.04807692307692308