2 0.34134615384615385 0.4182692307692308 0.019230769230769232 0.04567307692307692
2 0.1141826923076923 0.45913461538461536 0.021634615384615384 0.05048076923076923
2 0.39783653846153844 0.43028846153846156 0.01201923076923077 0.04567307692307692
2 0.1310096153846154 0.4675480769230769 0.019230769230769232 0.052884615384615384
2 0.49038461538461536 0.5024038461538461 0.021634615384615384 0.052884615384615384
2 0.43990384615384615 0.5216346153846154 0.014423076923076924 0.052884615384615384
2 0.6237980769230769 0.40625 0.01201923076923077 0.036057692307692304
2 0.7920673076923077 0.6490384615384616 0.016826923076923076 0.057692307692307696
3 0.5144230769230769 0.47596153846153844 0.016826923076923076 0.04807692307692308
2 0.30649038461538464 0.6057692307692307 0.019230769230769232 0.06490384615384616
2 0.8725961538461539 0.5204326923076923 0.016826923076923076 0.04567307692307692
2 0.8509615384615384 0.5 0.014423076923076924 0.04567307692307692
2 0.6237980769230769 0.4579326923076923 0.019230769230769232 0.04567307692307692
2 0.5528846153846154 0.625 0.019230769230769232 0.06009615384615385
2 0.38221153846153844 0.7307692307692307 0.028846153846153848 0.07211538461538461
2 0.6598557692307693 0.5793269230769231 0.019230769230769232 0.057692307692307696
2 0.9050480769230769 0.8016826923076923 0.028846153846153848 0.07692307692307693
2 0.4639423076923077 0.6634615384615384 0.021634615384615384 0.06490384615384616
2 0.9314903846153846 0.6262019230769231 0.021634615384615384 0.06009615384615385
2 0.8737980769230769 0.9026442307692307 0.028846153846153848 0.08653846153846154
2 0.5516826923076923 0.7956730769230769 0.036057692307692304 0.07451923076923077
3 0.9855769230769231 0.43149038461538464 0.016826923076923076 0.04326923076923077