2 0.0733173076923077 0.4831730769230769 0.01201923076923077 0.04326923076923077
2 0.08413461538461539 0.484375 0.014423076923076924 0.04807692307692308
2 0.5661057692307693 0.37740384615384615 0.009615384615384616 0.038461538461538464
3 0.4795673076923077 0.46033653846153844 0.009615384615384616 0.04807692307692308
2 0.29086538461538464 0.4206730769230769 0.009615384615384616 0.04807692307692308
2 0.41947115384615385 0.49038461538461536 0.01201923076923077 0.052884615384615384
2 0.38341346153846156 0.41225961538461536 0.009615384615384616 0.04326923076923077
2 0.8245192307692307 0.46153846153846156 0.01201923076923077 0.04326923076923077
2 0.5540865384615384 0.4266826923076923 0.01201923076923077 0.04326923076923077
2 0.35697115384615385 0.5132211538461539 0.01201923076923077 0.057692307692307696
2 0.7163461538461539 0.40384615384615385 0.014423076923076924 0.040865384615384616
2 0.3401442307692308 0.5540865384615384 0.016826923076923076 0.055288461538461536
2 0.5036057692307693 0.6382211538461539 0.014423076923076924 0.06490384615384616
2 0.8341346153846154 0.8665865384615384 0.02403846153846154 0.0889423076923077
2 0.8870192307692307 0.5721153846153846 0.014423076923076924 0.06009615384615385
2 0.3293269230769231 0.6622596153846154 0.01201923076923077 0.06490384615384616
2 0.46033653846153844 0.6754807692307693 0.019230769230769232 0.0673076923076923
2 0.5805288461538461 0.5480769230769231 0.009615384615384616 0.057692307692307696
2 0.7560096153846154 0.5997596153846154 0.01201923076923077 0.06009615384615385
2 0.42427884615384615 0.6875 0.01201923076923077 0.0625
2 0.8665865384615384 0.7572115384615384 0.02403846153846154 0.08173076923076923
3 0.9459134615384616 0.35216346153846156 0.009615384615384616 0.038461538461538464