2 0.5637019230769231 0.3473557692307692 0.019230769230769232 0.04567307692307692
2 0.5913461538461539 0.3762019230769231 0.019230769230769232 0.04567307692307692
2 0.5552884615384616 0.35697115384615385 0.02403846153846154 0.04567307692307692
2 0.4651442307692308 0.30408653846153844 0.019230769230769232 0.036057692307692304
2 0.2980769230769231 0.41947115384615385 0.019230769230769232 0.04326923076923077
2 0.5456730769230769 0.5036057692307693 0.026442307692307692 0.055288461538461536
2 0.28846153846153844 0.43028846153846156 0.019230769230769232 0.040865384615384616
2 0.3701923076923077 0.3786057692307692 0.019230769230769232 0.040865384615384616
2 0.47475961538461536 0.390625 0.019230769230769232 0.04326923076923077
2 0.5829326923076923 0.38341346153846156 0.021634615384615384 0.05048076923076923
2 0.33774038461538464 0.5120192307692307 0.02403846153846154 0.055288461538461536
3 0.5144230769230769 0.4326923076923077 0.021634615384615384 0.05048076923076923
2 0.21754807692307693 0.3870192307692308 0.019230769230769232 0.040865384615384616
2 0.39302884615384615 0.375 0.019230769230769232 0.040865384615384616
2 0.6370192307692307 0.421875 0.02403846153846154 0.055288461538461536
1 0.8882211538461539 0.29447115384615385 0.026442307692307692 0.052884615384615384
2 0.5637019230769231 0.453125 0.03125 0.052884615384615384
2 0.7283653846153846 0.5901442307692307 0.026442307692307692 0.06490384615384616
2 0.3786057692307692 0.7199519230769231 0.03125 0.07451923076923077
2 0.12740384615384615 0.5649038461538461 0.02403846153846154 0.055288461538461536
2 0.8100961538461539 0.7463942307692307 0.036057692307692304 0.08413461538461539
3 0.49038461538461536 0.234375 0.014423076923076924 0.028846153846153848
2 0.33653846153846156 0.3016826923076923 0.016826923076923076 0.038461538461538464