3 0.7548076923076923 0.26802884615384615 0.008413461538461538 0.030048076923076924
2 0.3317307692307692 0.3798076923076923 0.01201923076923077 0.04807692307692308
2 0.3233173076923077 0.33653846153846156 0.010817307692307692 0.03485576923076923
2 0.5793269230769231 0.40024038461538464 0.009615384615384616 0.04807692307692308
2 0.31971153846153844 0.37740384615384615 0.016826923076923076 0.05048076923076923
2 0.4098557692307692 0.3641826923076923 0.010817307692307692 0.042067307692307696
2 0.4795673076923077 0.34134615384615385 0.007211538461538462 0.042067307692307696
2 0.7007211538461539 0.3269230769230769 0.01201923076923077 0.042067307692307696
2 0.8473557692307693 0.3858173076923077 0.019230769230769232 0.05048076923076923
2 0.8425480769230769 0.4326923076923077 0.015625 0.055288461538461536
2 0.5709134615384616 0.49759615384615385 0.010817307692307692 0.055288461538461536
2 0.6177884615384616 0.35096153846153844 0.010817307692307692 0.04567307692307692
2 0.6490384615384616 0.9783653846153846 0.019230769230769232 0.040865384615384616
2 0.39663461538461536 0.390625 0.010817307692307692 0.046875
2 0.875 0.49399038461538464 0.020432692307692308 0.05889423076923077
3 0.4651442307692308 0.43028846153846156 0.014423076923076924 0.05048076923076923
2 0.5480769230769231 0.4254807692307692 0.019230769230769232 0.04807692307692308
2 0.8810096153846154 0.5576923076923077 0.02403846153846154 0.06610576923076923
2 0.2704326923076923 0.6165865384615384 0.020432692307692308 0.0625
2 0.8569711538461539 0.7331730769230769 0.02283653846153846 0.07572115384615384
2 0.22716346153846154 0.5480769230769231 0.014423076923076924 0.05889423076923077
2 0.5024038461538461 0.5396634615384616 0.015625 0.0625
2 0.18870192307692307 0.4483173076923077 0.01201923076923077 0.056490384615384616
0 0.33653846153846156 0.3425480769230769 0.004807692307692308 0.010817307692307692