2 0.8064903846153846 0.3894230769230769 0.016826923076923076 0.038461538461538464
2 0.6538461538461539 0.3269230769230769 0.016826923076923076 0.038461538461538464
2 0.7391826923076923 0.3798076923076923 0.016826923076923076 0.038461538461538464
2 0.8329326923076923 0.4266826923076923 0.019230769230769232 0.04567307692307692
2 0.7247596153846154 0.4170673076923077 0.019230769230769232 0.040865384615384616
2 0.37259615384615385 0.24759615384615385 0.021634615384615384 0.038461538461538464
2 0.8125 0.4074519230769231 0.021634615384615384 0.04567307692307692
2 0.5240384615384616 0.5841346153846154 0.02403846153846154 0.057692307692307696
2 0.7680288461538461 0.5 0.02403846153846154 0.04807692307692308
2 0.49158653846153844 0.4050480769230769 0.02403846153846154 0.052884615384615384
2 0.5120192307692307 0.36778846153846156 0.019230769230769232 0.04326923076923077
2 0.7235576923076923 0.5540865384615384 0.02403846153846154 0.057692307692307696
2 0.8269230769230769 0.5324519230769231 0.02403846153846154 0.055288461538461536
1 0.24158653846153846 0.3016826923076923 0.026442307692307692 0.05048076923076923
3 0.6875 0.40384615384615385 0.021634615384615384 0.04807692307692308
2 0.34134615384615385 0.375 0.021634615384615384 0.05048076923076923
2 0.7151442307692307 0.6442307692307693 0.03365384615384615 0.06971153846153846
2 0.7584134615384616 0.6225961538461539 0.03125 0.06490384615384616
2 0.12740384615384615 0.42908653846153844 0.026442307692307692 0.06490384615384616
2 0.6382211538461539 0.5889423076923077 0.03125 0.0625
2 0.3762019230769231 0.8064903846153846 0.04807692307692308 0.08413461538461539
0 0.31971153846153844 0.30528846153846156 0.009615384615384616 0.01201923076923077
3 0.44350961538461536 0.19831730769230768 0.016826923076923076 0.03125