2 0.13581730769230768 0.3713942307692308 0.016826923076923076 0.03125
2 0.2247596153846154 0.3473557692307692 0.014423076923076924 0.03125
2 0.5757211538461539 0.38341346153846156 0.021634615384615384 0.05048076923076923
1 0.9699519230769231 0.3173076923076923 0.014423076923076924 0.05048076923076923
2 0.08413461538461539 0.515625 0.02403846153846154 0.04807692307692308
2 0.3918269230769231 0.33774038461538464 0.014423076923076924 0.038461538461538464
2 0.36538461538461536 0.39663461538461536 0.016826923076923076 0.04326923076923077
2 0.59375 0.4807692307692308 0.02403846153846154 0.06009615384615385
2 0.48197115384615385 0.46033653846153844 0.019230769230769232 0.05048076923076923
2 0.27884615384615385 0.40024038461538464 0.021634615384615384 0.040865384615384616
2 0.33413461538461536 0.4014423076923077 0.019230769230769232 0.040865384615384616
2 0.5588942307692307 0.3449519230769231 0.019230769230769232 0.04567307692307692
3 0.3641826923076923 0.4495192307692308 0.02403846153846154 0.05048076923076923
2 0.4639423076923077 0.4879807692307692 0.021634615384615384 0.055288461538461536
2 0.16826923076923078 0.5901442307692307 0.028846153846153848 0.057692307692307696
2 0.6081730769230769 0.5564903846153846 0.028846153846153848 0.0625
2 0.16826923076923078 0.49278846153846156 0.02403846153846154 0.04807692307692308
2 0.4879807692307692 0.7271634615384616 0.028846153846153848 0.07211538461538461
2 0.453125 0.7379807692307693 0.03365384615384615 0.07451923076923077
2 0.19951923076923078 0.7283653846153846 0.036057692307692304 0.06971153846153846
2 0.08533653846153846 0.5048076923076923 0.02403846153846154 0.04807692307692308
0 0.14783653846153846 0.38100961538461536 0.004807692307692308 0.007211538461538462
3 0.5492788461538461 0.25961538461538464 0.014423076923076924 0.03365384615384615