2 0.38341346153846156 0.2800480769230769 0.019230769230769232 0.03125
2 0.6081730769230769 0.49278846153846156 0.019230769230769232 0.04807692307692308
2 0.3954326923076923 0.3425480769230769 0.019230769230769232 0.040865384615384616
2 0.5048076923076923 0.3293269230769231 0.019230769230769232 0.038461538461538464
2 0.42788461538461536 0.37259615384615385 0.019230769230769232 0.040865384615384616
2 0.5889423076923077 0.4098557692307692 0.021634615384615384 0.04326923076923077
2 0.28846153846153844 0.27884615384615385 0.019230769230769232 0.038461538461538464
2 0.5997596153846154 0.4362980769230769 0.019230769230769232 0.04567307692307692
2 0.5048076923076923 0.46153846153846156 0.02403846153846154 0.052884615384615384
2 0.24759615384615385 0.3173076923076923 0.021634615384615384 0.04326923076923077
2 0.5961538461538461 0.5408653846153846 0.026442307692307692 0.06009615384615385
1 0.9651442307692307 0.5528846153846154 0.02403846153846154 0.05048076923076923
2 0.45072115384615385 0.48197115384615385 0.02403846153846154 0.055288461538461536
2 0.30649038461538464 0.3641826923076923 0.021634615384615384 0.04326923076923077
2 0.3485576923076923 0.35336538461538464 0.019230769230769232 0.04326923076923077
3 0.49399038461538464 0.4411057692307692 0.021634615384615384 0.04807692307692308
2 0.06850961538461539 0.36538461538461536 0.02403846153846154 0.052884615384615384
2 0.19951923076923078 0.3737980769230769 0.026442307692307692 0.055288461538461536
2 0.5709134615384616 0.6790865384615384 0.03125 0.0625
2 0.1875 0.6057692307692307 0.03365384615384615 0.07211538461538461
2 0.4951923076923077 0.765625 0.038461538461538464 0.07451923076923077
0 0.2548076923076923 0.33413461538461536 0.009615384615384616 0.01201923076923077
2 0.5889423076923077 0.39903846153846156 0.021634615384615384 0.04807692307692308
3 0.6105769230769231 0.31490384615384615 0.016826923076923076 0.03365384615384615