2 0.4014423076923077 0.29927884615384615 0.008413461538461538 0.030048076923076924
2 0.4891826923076923 0.328125 0.007211538461538462 0.03365384615384615
2 0.39903846153846156 0.36177884615384615 0.007211538461538462 0.03485576923076923
2 0.5757211538461539 0.38221153846153844 0.008413461538461538 0.038461538461538464
2 0.5096153846153846 0.44711538461538464 0.009615384615384616 0.046875
2 0.36899038461538464 0.38461538461538464 0.008413461538461538 0.036057692307692304
2 0.4483173076923077 0.39903846153846156 0.009615384615384616 0.039663461538461536
2 0.6262019230769231 0.6310096153846154 0.010817307692307692 0.06009615384615385
2 0.4855769230769231 0.4795673076923077 0.009615384615384616 0.046875
2 0.3016826923076923 0.4026442307692308 0.010817307692307692 0.038461538461538464
2 0.27283653846153844 0.34134615384615385 0.007211538461538462 0.036057692307692304
2 0.5841346153846154 0.41225961538461536 0.009615384615384616 0.04326923076923077
2 0.28846153846153844 0.453125 0.009615384615384616 0.046875
2 0.6129807692307693 0.46274038461538464 0.009615384615384616 0.04807692307692308
2 0.2776442307692308 0.3870192307692308 0.007211538461538462 0.038461538461538464
2 0.6009615384615384 0.45913461538461536 0.007211538461538462 0.051682692307692304
2 0.0829326923076923 0.47596153846153844 0.008413461538461538 0.04447115384615385
2 0.4951923076923077 0.49278846153846156 0.01201923076923077 0.046875
1 0.9158653846153846 0.41346153846153844 0.01201923076923077 0.04447115384615385
2 0.2692307692307692 0.6802884615384616 0.015625 0.0673076923076923
2 0.6454326923076923 0.7932692307692307 0.016826923076923076 0.0733173076923077
0 0.09735576923076923 0.49399038461538464 0.004807692307692308 0.009615384615384616
2 0.5600961538461539 0.28365384615384615 0.007211538461538462 0.028846153846153848
2 0.578125 0.375 0.008413461538461538 0.038461538461538464