2 0.24519230769230768 0.22235576923076922 0.014423076923076924 0.03125
2 0.33533653846153844 0.23798076923076922 0.014423076923076924 0.03125
2 0.6418269230769231 0.41947115384615385 0.021634615384615384 0.05048076923076923
2 0.13581730769230768 0.3317307692307692 0.02403846153846154 0.04807692307692308
2 0.49399038461538464 0.29927884615384615 0.014423076923076924 0.038461538461538464
2 0.44350961538461536 0.3425480769230769 0.016826923076923076 0.04326923076923077
2 0.6165865384615384 0.5168269230769231 0.021634615384615384 0.06009615384615385
2 0.5228365384615384 0.45072115384615385 0.019230769230769232 0.05048076923076923
2 0.3629807692307692 0.3088942307692308 0.019230769230769232 0.040865384615384616
2 0.41346153846153844 0.3329326923076923 0.016826923076923076 0.040865384615384616
2 0.6430288461538461 0.3762019230769231 0.016826923076923076 0.04567307692307692
3 0.41947115384615385 0.390625 0.02403846153846154 0.05048076923076923
2 0.4963942307692308 0.46634615384615385 0.021634615384615384 0.055288461538461536
2 0.1814903846153846 0.43509615384615385 0.026442307692307692 0.057692307692307696
2 0.5973557692307693 0.5913461538461539 0.028846153846153848 0.0625
2 0.22355769230769232 0.3449519230769231 0.021634615384615384 0.04807692307692308
2 0.41466346153846156 0.6971153846153846 0.028846153846153848 0.07211538461538461
2 0.3786057692307692 0.6899038461538461 0.03365384615384615 0.07451923076923077
2 0.15144230769230768 0.5745192307692307 0.036057692307692304 0.06971153846153846
2 0.14302884615384615 0.32091346153846156 0.02403846153846154 0.05048076923076923
0 0.2512019230769231 0.23557692307692307 0.004807692307692308 0.007211538461538462
3 0.6694711538461539 0.2956730769230769 0.014423076923076924 0.03365384615384615