2 0.7355769230769231 0.3449519230769231 0.007211538461538462 0.036057692307692304
2 0.5805288461538461 0.32211538461538464 0.007211538461538462 0.036057692307692304
2 0.671875 0.35336538461538464 0.007211538461538462 0.036057692307692304
2 0.7692307692307693 0.375 0.008413461538461538 0.042067307692307696
2 0.6670673076923077 0.390625 0.009615384615384616 0.038461538461538464
2 0.30288461538461536 0.31490384615384615 0.01201923076923077 0.03485576923076923
2 0.7463942307692307 0.3605769230769231 0.010817307692307692 0.040865384615384616
2 0.5192307692307693 0.5889423076923077 0.009615384615384616 0.054086538461538464
2 0.7247596153846154 0.45552884615384615 0.013221153846153846 0.04326923076923077
2 0.4495192307692308 0.4326923076923077 0.010817307692307692 0.04807692307692308
2 0.45913461538461536 0.3942307692307692 0.007211538461538462 0.039663461538461536
2 0.6971153846153846 0.5168269230769231 0.010817307692307692 0.055288461538461536
2 0.7860576923076923 0.4723557692307692 0.009615384615384616 0.051682692307692304
1 0.19591346153846154 0.3954326923076923 0.014423076923076924 0.046875
3 0.6298076923076923 0.3870192307692308 0.010817307692307692 0.04326923076923077
2 0.30408653846153844 0.4387019230769231 0.008413461538461538 0.04807692307692308
3 0.8882211538461539 0.9387019230769231 0.027644230769230768 0.09014423076923077
2 0.7103365384615384 0.6009615384615384 0.016826923076923076 0.06370192307692307
2 0.7439903846153846 0.5721153846153846 0.015625 0.06129807692307692
2 0.11899038461538461 0.5384615384615384 0.010817307692307692 0.06009615384615385
2 0.6274038461538461 0.5673076923076923 0.016826923076923076 0.057692307692307696
2 0.43509615384615385 0.828125 0.028846153846153848 0.07451923076923077
0 0.26802884615384615 0.3798076923076923 0.006009615384615385 0.01201923076923077
3 0.3581730769230769 0.2536057692307692 0.008413461538461538 0.028846153846153848