2 0.6862980769230769 0.36899038461538464 0.014423076923076924 0.03365384615384615
2 0.4579326923076923 0.3293269230769231 0.014423076923076924 0.040865384615384616
2 0.7704326923076923 0.34375 0.016826923076923076 0.03365384615384615
2 0.8233173076923077 0.35336538461538464 0.014423076923076924 0.03125
2 0.4543269230769231 0.3605769230769231 0.019230769230769232 0.04567307692307692
2 0.4423076923076923 0.36538461538461536 0.016826923076923076 0.04567307692307692
2 0.6814903846153846 0.39302884615384615 0.019230769230769232 0.04326923076923077
2 0.5036057692307693 0.4206730769230769 0.021634615384615384 0.04807692307692308
2 0.59375 0.3173076923076923 0.014423076923076924 0.03365384615384615
1 0.03365384615384615 0.3088942307692308 0.016826923076923076 0.05048076923076923
2 0.6262019230769231 0.375 0.019230769230769232 0.04326923076923077
2 0.5372596153846154 0.46033653846153844 0.02403846153846154 0.052884615384615384
2 0.8858173076923077 0.5072115384615384 0.021634615384615384 0.052884615384615384
2 0.8125 0.42427884615384615 0.016826923076923076 0.040865384615384616
2 0.7608173076923077 0.4963942307692308 0.02403846153846154 0.05048076923076923
2 0.9411057692307693 0.5240384615384616 0.021634615384615384 0.052884615384615384
3 0.59375 0.4230769230769231 0.019230769230769232 0.05048076923076923
2 0.3894230769230769 0.4254807692307692 0.02403846153846154 0.055288461538461536
2 0.3942307692307692 0.6526442307692307 0.03125 0.0673076923076923
2 0.7716346153846154 0.7151442307692307 0.028846153846153848 0.06971153846153846
2 0.3858173076923077 0.5060096153846154 0.02403846153846154 0.0625
2 0.4675480769230769 0.7103365384615384 0.038461538461538464 0.07451923076923077
3 0.47475961538461536 0.2548076923076923 0.014423076923076924 0.03365384615384615
0 0.7752403846153846 0.3701923076923077 0.007211538461538462 0.009615384615384616