2 0.12259615384615384 0.4026442307692308 0.016826923076923076 0.040865384615384616
2 0.13221153846153846 0.4074519230769231 0.021634615384615384 0.04807692307692308
2 0.5985576923076923 0.39302884615384615 0.014423076923076924 0.036057692307692304
3 0.5036057692307693 0.45552884615384615 0.016826923076923076 0.04567307692307692
2 0.33653846153846156 0.38461538461538464 0.016826923076923076 0.04567307692307692
2 0.4423076923076923 0.47115384615384615 0.019230769230769232 0.05048076923076923
2 0.4230769230769231 0.3942307692307692 0.016826923076923076 0.040865384615384616
2 0.8245192307692307 0.5180288461538461 0.019230769230769232 0.04326923076923077
2 0.5793269230769231 0.4387019230769231 0.019230769230769232 0.04326923076923077
2 0.3798076923076923 0.48197115384615385 0.021634615384615384 0.052884615384615384
2 0.734375 0.44591346153846156 0.021634615384615384 0.040865384615384616
2 0.3581730769230769 0.5168269230769231 0.02403846153846154 0.052884615384615384
2 0.49399038461538464 0.625 0.02403846153846154 0.06009615384615385
2 0.7584134615384616 0.8966346153846154 0.036057692307692304 0.08653846153846154
2 0.8617788461538461 0.6322115384615384 0.02403846153846154 0.057692307692307696
2 0.3269230769230769 0.6153846153846154 0.02403846153846154 0.0625
2 0.44711538461538464 0.6538461538461539 0.028846153846153848 0.06490384615384616
2 0.5817307692307693 0.5552884615384616 0.021634615384615384 0.055288461538461536
2 0.734375 0.6334134615384616 0.02403846153846154 0.057692307692307696
2 0.4110576923076923 0.65625 0.021634615384615384 0.06009615384615385
2 0.8088942307692307 0.8016826923076923 0.036057692307692304 0.07932692307692307
3 0.9567307692307693 0.43990384615384615 0.016826923076923076 0.036057692307692304