2 0.7608173076923077 0.3137019230769231 0.016826923076923076 0.04807692307692308
2 0.7463942307692307 0.2824519230769231 0.016826923076923076 0.040865384615384616
2 0.7644230769230769 0.3016826923076923 0.021634615384615384 0.05048076923076923
2 0.7475961538461539 0.47115384615384615 0.019230769230769232 0.057692307692307696
2 0.515625 0.25721153846153844 0.014423076923076924 0.03365384615384615
2 0.12980769230769232 0.4362980769230769 0.02403846153846154 0.04567307692307692
2 0.7572115384615384 0.46033653846153844 0.021634615384615384 0.055288461538461536
2 0.49399038461538464 0.6286057692307693 0.021634615384615384 0.0625
2 0.2439903846153846 0.36177884615384615 0.016826923076923076 0.040865384615384616
2 0.7872596153846154 0.4230769230769231 0.021634615384615384 0.06009615384615385
3 0.5480769230769231 0.3581730769230769 0.019230769230769232 0.04567307692307692
2 0.6274038461538461 0.359375 0.019230769230769232 0.04807692307692308
2 0.051682692307692304 0.5360576923076923 0.021634615384615384 0.055288461538461536
2 0.6634615384615384 0.3112980769230769 0.016826923076923076 0.040865384615384616
2 0.38341346153846156 0.3918269230769231 0.016826923076923076 0.04567307692307692
2 0.484375 0.3016826923076923 0.014423076923076924 0.038461538461538464
2 0.7536057692307693 0.5769230769230769 0.03125 0.0673076923076923
3 0.9495192307692307 0.8629807692307693 0.040865384615384616 0.09615384615384616
2 0.39663461538461536 0.8100961538461539 0.036057692307692304 0.08173076923076923
2 0.7956730769230769 0.5180288461538461 0.026442307692307692 0.06490384615384616
2 0.6947115384615384 0.6141826923076923 0.03125 0.07211538461538461
2 0.32572115384615385 0.47115384615384615 0.02403846153846154 0.057692307692307696
2 0.38221153846153844 0.45552884615384615 0.02403846153846154 0.057692307692307696
0 0.14182692307692307 0.4519230769230769 0.007211538461538462 0.01201923076923077
3 0.29447115384615385 0.25841346153846156 0.016826923076923076 0.036057692307692304