2 0.5985576923076923 0.29927884615384615 0.008413461538461538 0.030048076923076924
2 0.5120192307692307 0.328125 0.007211538461538462 0.03365384615384615
2 0.6009615384615384 0.36177884615384615 0.007211538461538462 0.03485576923076923
2 0.4254807692307692 0.38221153846153844 0.008413461538461538 0.038461538461538464
2 0.49038461538461536 0.44711538461538464 0.009615384615384616 0.046875
2 0.6310096153846154 0.38461538461538464 0.008413461538461538 0.036057692307692304
2 0.5528846153846154 0.39903846153846156 0.009615384615384616 0.039663461538461536
2 0.37259615384615385 0.6310096153846154 0.010817307692307692 0.06009615384615385
2 0.5144230769230769 0.4795673076923077 0.009615384615384616 0.046875
2 0.6983173076923077 0.4026442307692308 0.010817307692307692 0.038461538461538464
2 0.7283653846153846 0.34134615384615385 0.007211538461538462 0.036057692307692304
2 0.4170673076923077 0.41225961538461536 0.009615384615384616 0.04326923076923077
2 0.7115384615384616 0.453125 0.009615384615384616 0.046875
2 0.3870192307692308 0.46274038461538464 0.009615384615384616 0.04807692307692308
2 0.7223557692307693 0.3870192307692308 0.007211538461538462 0.038461538461538464
2 0.39903846153846156 0.45913461538461536 0.007211538461538462 0.051682692307692304
2 0.9158653846153846 0.47596153846153844 0.008413461538461538 0.04447115384615385
2 0.5048076923076923 0.49278846153846156 0.01201923076923077 0.046875
1 0.08413461538461539 0.41346153846153844 0.01201923076923077 0.04447115384615385
2 0.7307692307692307 0.6802884615384616 0.015625 0.0673076923076923
2 0.3545673076923077 0.7932692307692307 0.016826923076923076 0.0733173076923077
0 0.9038461538461539 0.49399038461538464 0.004807692307692308 0.009615384615384616
2 0.43990384615384615 0.28365384615384615 0.007211538461538462 0.028846153846153848
2 0.4230769230769231 0.375 0.008413461538461538 0.038461538461538464