2 0.35096153846153844 0.27403846153846156 0.009615384615384616 0.03365384615384615
2 0.44711538461538464 0.3004807692307692 0.009615384615384616 0.036057692307692304
2 0.35096153846153844 0.34134615384615385 0.009615384615384616 0.038461538461538464
2 0.5420673076923077 0.35697115384615385 0.009615384615384616 0.04326923076923077
2 0.4735576923076923 0.42908653846153844 0.01201923076923077 0.05048076923076923
2 0.31971153846153844 0.36778846153846156 0.009615384615384616 0.038461538461538464
2 0.4050480769230769 0.38100961538461536 0.01201923076923077 0.04326923076923077
2 0.6069711538461539 0.6213942307692307 0.014423076923076924 0.06490384615384616
2 0.4495192307692308 0.4639423076923077 0.01201923076923077 0.05048076923076923
2 0.25 0.38822115384615385 0.01201923076923077 0.04326923076923077
2 0.21514423076923078 0.3245192307692308 0.009615384615384616 0.038461538461538464
2 0.5516826923076923 0.38822115384615385 0.01201923076923077 0.04807692307692308
2 0.23557692307692307 0.44471153846153844 0.01201923076923077 0.05048076923076923
2 0.5841346153846154 0.4423076923076923 0.01201923076923077 0.052884615384615384
2 0.22235576923076922 0.37259615384615385 0.009615384615384616 0.040865384615384616
2 0.5721153846153846 0.4387019230769231 0.009615384615384616 0.055288461538461536
2 0.016826923076923076 0.47475961538461536 0.01201923076923077 0.04807692307692308
2 0.45913461538461536 0.47836538461538464 0.014423076923076924 0.05048076923076923
1 0.9086538461538461 0.37740384615384615 0.014423076923076924 0.04807692307692308
2 0.22355769230769232 0.6887019230769231 0.019230769230769232 0.07211538461538461
2 0.6334134615384616 0.7944711538461539 0.021634615384615384 0.07932692307692307
0 0.03245192307692308 0.4951923076923077 0.007211538461538462 0.01201923076923077
2 0.5216346153846154 0.2512019230769231 0.007211538461538462 0.03125
2 0.5444711538461539 0.34975961538461536 0.01201923076923077 0.040865384615384616