2 0.5 0.3473557692307692 0.019230769230769232 0.040865384615384616
2 0.4110576923076923 0.3137019230769231 0.014423076923076924 0.038461538461538464
2 0.5769230769230769 0.38822115384615385 0.021634615384615384 0.040865384615384616
2 0.1466346153846154 0.7379807692307693 0.028846153846153848 0.08653846153846154
2 0.7740384615384616 0.5853365384615384 0.03365384615384615 0.057692307692307696
2 0.5865384615384616 0.5540865384615384 0.026442307692307692 0.057692307692307696
2 0.6346153846153846 0.5192307692307693 0.02403846153846154 0.057692307692307696
2 0.5204326923076923 0.39302884615384615 0.016826923076923076 0.04807692307692308
2 0.2776442307692308 0.5420673076923077 0.02403846153846154 0.0673076923076923
2 0.2932692307692308 0.36899038461538464 0.019230769230769232 0.04567307692307692
2 0.16346153846153846 0.46033653846153844 0.02403846153846154 0.0625
2 0.15865384615384615 0.6646634615384616 0.03125 0.08173076923076923
3 0.4519230769230769 0.4723557692307692 0.02403846153846154 0.057692307692307696
2 0.5769230769230769 0.7139423076923077 0.03365384615384615 0.07692307692307693
2 0.5420673076923077 0.6838942307692307 0.026442307692307692 0.07211538461538461
2 0.6790865384615384 0.5480769230769231 0.021634615384615384 0.057692307692307696
2 0.6923076923076923 0.4699519230769231 0.026442307692307692 0.05048076923076923
2 0.6418269230769231 0.6370192307692307 0.026442307692307692 0.0625
2 0.5745192307692307 0.6165865384615384 0.026442307692307692 0.0673076923076923
2 0.8341346153846154 0.6454326923076923 0.03365384615384615 0.0625
2 0.47716346153846156 0.5408653846153846 0.02403846153846154 0.0673076923076923
0 0.8569711538461539 0.5721153846153846 0.007211538461538462 0.01201923076923077
1 0.8521634615384616 0.45552884615384615 0.028846153846153848 0.040865384615384616
3 0.15384615384615385 0.22115384615384615 0.016826923076923076 0.038461538461538464