2 0.7956730769230769 0.39302884615384615 0.009615384615384616 0.04567307692307692
2 0.7884615384615384 0.3605769230769231 0.009615384615384616 0.038461538461538464
2 0.7992788461538461 0.38221153846153844 0.014423076923076924 0.04807692307692308
2 0.7463942307692307 0.5372596153846154 0.01201923076923077 0.055288461538461536
2 0.5793269230769231 0.2824519230769231 0.009615384615384616 0.03365384615384615
2 0.17908653846153846 0.3605769230769231 0.016826923076923076 0.040865384615384616
2 0.7560096153846154 0.5288461538461539 0.01201923076923077 0.052884615384615384
2 0.47475961538461536 0.625 0.01201923076923077 0.06009615384615385
2 0.30288461538461536 0.3173076923076923 0.01201923076923077 0.038461538461538464
2 0.7932692307692307 0.5012019230769231 0.01201923076923077 0.057692307692307696
3 0.5865384615384616 0.3858173076923077 0.01201923076923077 0.04326923076923077
2 0.6586538461538461 0.40384615384615385 0.01201923076923077 0.04326923076923077
2 0.0829326923076923 0.4362980769230769 0.014423076923076924 0.05048076923076923
2 0.703125 0.36899038461538464 0.01201923076923077 0.038461538461538464
2 0.42427884615384615 0.3786057692307692 0.009615384615384616 0.04326923076923077
2 0.5408653846153846 0.31971153846153844 0.009615384615384616 0.036057692307692304
2 0.7259615384615384 0.6358173076923077 0.021634615384615384 0.0625
3 0.8413461538461539 0.9483173076923077 0.026442307692307692 0.0889423076923077
2 0.3401442307692308 0.7704326923076923 0.02403846153846154 0.07451923076923077
2 0.7800480769230769 0.5913461538461539 0.016826923076923076 0.06009615384615385
2 0.6634615384615384 0.65625 0.019230769230769232 0.06971153846153846
2 0.35216346153846156 0.43990384615384615 0.016826923076923076 0.052884615384615384
2 0.4098557692307692 0.4375 0.016826923076923076 0.052884615384615384
0 0.18629807692307693 0.3786057692307692 0.007211538461538462 0.01201923076923077
3 0.3737980769230769 0.23317307692307693 0.009615384615384616 0.036057692307692304