2 0.2403846153846154 0.31009615384615385 0.014423076923076924 0.04807692307692308
2 0.25240384615384615 0.27884615384615385 0.01201923076923077 0.040865384615384616
2 0.23677884615384615 0.2980769230769231 0.016826923076923076 0.05048076923076923
2 0.265625 0.46875 0.016826923076923076 0.057692307692307696
2 0.484375 0.23677884615384615 0.01201923076923077 0.036057692307692304
2 0.8870192307692307 0.390625 0.021634615384615384 0.04567307692307692
2 0.2548076923076923 0.4579326923076923 0.016826923076923076 0.055288461538461536
2 0.5300480769230769 0.6105769230769231 0.019230769230769232 0.0625
2 0.765625 0.32211538461538464 0.014423076923076924 0.040865384615384616
2 0.22115384615384615 0.4230769230769231 0.016826923076923076 0.06009615384615385
3 0.4579326923076923 0.3401442307692308 0.014423076923076924 0.04567307692307692
2 0.3786057692307692 0.34615384615384615 0.016826923076923076 0.04567307692307692
2 0.9711538461538461 0.4855769230769231 0.019230769230769232 0.052884615384615384
2 0.3389423076923077 0.3004807692307692 0.014423076923076924 0.040865384615384616
2 0.6286057692307693 0.3629807692307692 0.014423076923076924 0.04567307692307692
2 0.5168269230769231 0.27884615384615385 0.01201923076923077 0.038461538461538464
2 0.2668269230769231 0.5757211538461539 0.028846153846153848 0.0673076923076923
3 0.09014423076923077 0.8786057692307693 0.036057692307692304 0.09615384615384616
2 0.6430288461538461 0.7860576923076923 0.03125 0.08173076923076923
2 0.21995192307692307 0.5204326923076923 0.021634615384615384 0.06490384615384616
2 0.3293269230769231 0.6081730769230769 0.026442307692307692 0.07451923076923077
2 0.6899038461538461 0.4387019230769231 0.019230769230769232 0.057692307692307696
2 0.6322115384615384 0.4266826923076923 0.019230769230769232 0.057692307692307696
0 0.8762019230769231 0.4074519230769231 0.007211538461538462 0.01201923076923077
3 0.7067307692307693 0.22115384615384615 0.014423076923076924 0.038461538461538464