2 0.6274038461538461 0.39663461538461536 0.014423076923076924 0.04567307692307692
2 0.6550480769230769 0.42788461538461536 0.016826923076923076 0.04326923076923077
2 0.6201923076923077 0.40384615384615385 0.021634615384615384 0.04807692307692308
2 0.5324519230769231 0.34375 0.016826923076923076 0.036057692307692304
2 0.35216346153846156 0.44591346153846156 0.014423076923076924 0.04326923076923077
2 0.5961538461538461 0.5528846153846154 0.02403846153846154 0.057692307692307696
2 0.34375 0.4567307692307692 0.014423076923076924 0.04326923076923077
2 0.43028846153846156 0.4110576923076923 0.016826923076923076 0.040865384615384616
2 0.5360576923076923 0.4326923076923077 0.016826923076923076 0.04326923076923077
2 0.6454326923076923 0.43509615384615385 0.016826923076923076 0.05048076923076923
2 0.38461538461538464 0.5432692307692307 0.019230769230769232 0.057692307692307696
3 0.5709134615384616 0.4795673076923077 0.016826923076923076 0.05048076923076923
2 0.27403846153846156 0.4050480769230769 0.014423076923076924 0.040865384615384616
2 0.4543269230769231 0.4098557692307692 0.016826923076923076 0.040865384615384616
2 0.6971153846153846 0.47836538461538464 0.021634615384615384 0.055288461538461536
1 0.9615384615384616 0.37259615384615385 0.021634615384615384 0.052884615384615384
2 0.6177884615384616 0.5036057692307693 0.026442307692307692 0.052884615384615384
3 0.07451923076923077 0.9915865384615384 0.02403846153846154 0.016826923076923076
2 0.7728365384615384 0.6574519230769231 0.02403846153846154 0.06490384615384616
2 0.4074519230769231 0.7584134615384616 0.026442307692307692 0.07451923076923077
2 0.16706730769230768 0.578125 0.019230769230769232 0.055288461538461536
2 0.8425480769230769 0.8233173076923077 0.028846153846153848 0.08653846153846154
3 0.5649038461538461 0.2764423076923077 0.01201923076923077 0.03125
2 0.40384615384615385 0.3317307692307692 0.014423076923076924 0.038461538461538464