3 0.5192307692307693 0.28966346153846156 0.007211538461538462 0.027644230769230768
2 0.49759615384615385 0.35096153846153844 0.010817307692307692 0.03485576923076923
2 0.36538461538461536 0.33413461538461536 0.007211538461538462 0.03245192307692308
2 0.44350961538461536 0.5985576923076923 0.014423076923076924 0.04326923076923077
2 0.38341346153846156 0.45072115384615385 0.007211538461538462 0.042067307692307696
2 0.6045673076923077 0.4387019230769231 0.010817307692307692 0.04567307692307692
2 0.7175480769230769 0.6742788461538461 0.010817307692307692 0.05048076923076923
2 0.2127403846153846 0.39302884615384615 0.009615384615384616 0.038461538461538464
2 0.4855769230769231 0.46274038461538464 0.009615384615384616 0.04567307692307692
2 0.3269230769230769 0.41466346153846156 0.006009615384615385 0.039663461538461536
2 0.5973557692307693 0.4074519230769231 0.009615384615384616 0.046875
2 0.34975961538461536 0.7548076923076923 0.014423076923076924 0.07451923076923077
2 0.7163461538461539 0.7283653846153846 0.015625 0.0673076923076923
2 0.6165865384615384 0.4963942307692308 0.010817307692307692 0.04807692307692308
2 0.37259615384615385 0.47716346153846156 0.008413461538461538 0.05048076923076923
2 0.3076923076923077 0.5240384615384616 0.013221153846153846 0.04567307692307692
1 0.8329326923076923 0.40625 0.010817307692307692 0.042067307692307696
3 0.026442307692307692 0.9627403846153846 0.016826923076923076 0.07451923076923077
2 0.625 0.4963942307692308 0.008413461538461538 0.051682692307692304
2 0.5072115384615384 0.39783653846153844 0.007211538461538462 0.039663461538461536
3 0.5276442307692307 0.4795673076923077 0.010817307692307692 0.05048076923076923
2 0.5540865384615384 0.5300480769230769 0.013221153846153846 0.05048076923076923
2 0.16466346153846154 0.5480769230769231 0.020432692307692308 0.052884615384615384
0 0.1658653846153846 0.5709134615384616 0.006009615384615385 0.010817307692307692