2 0.7620192307692307 0.3942307692307692 0.014423076923076924 0.036057692307692304
2 0.6129807692307693 0.34134615384615385 0.014423076923076924 0.036057692307692304
2 0.6971153846153846 0.3894230769230769 0.014423076923076924 0.036057692307692304
2 0.7896634615384616 0.43028846153846156 0.016826923076923076 0.04326923076923077
2 0.6850961538461539 0.4254807692307692 0.016826923076923076 0.038461538461538464
2 0.33774038461538464 0.2800480769230769 0.019230769230769232 0.036057692307692304
2 0.7692307692307693 0.4098557692307692 0.019230769230769232 0.04326923076923077
2 0.5 0.59375 0.019230769230769232 0.055288461538461536
2 0.7295673076923077 0.5024038461538461 0.021634615384615384 0.04567307692307692
2 0.46033653846153844 0.4254807692307692 0.021634615384615384 0.05048076923076923
2 0.47836538461538464 0.3894230769230769 0.016826923076923076 0.040865384615384616
2 0.6899038461538461 0.5564903846153846 0.021634615384615384 0.055288461538461536
2 0.7872596153846154 0.5300480769230769 0.019230769230769232 0.052884615384615384
1 0.21634615384615385 0.3401442307692308 0.02403846153846154 0.04807692307692308
3 0.6490384615384616 0.41466346153846156 0.019230769230769232 0.04567307692307692
2 0.31490384615384615 0.40384615384615385 0.019230769230769232 0.04807692307692308
3 0.796875 0.9819711538461539 0.04567307692307692 0.036057692307692304
2 0.6875 0.6430288461538461 0.028846153846153848 0.0673076923076923
2 0.7259615384615384 0.6201923076923077 0.026442307692307692 0.0625
2 0.11298076923076923 0.4675480769230769 0.021634615384615384 0.0625
2 0.6117788461538461 0.59375 0.026442307692307692 0.06009615384615385
2 0.3701923076923077 0.8149038461538461 0.04326923076923077 0.07932692307692307
0 0.29086538461538464 0.33774038461538464 0.007211538461538462 0.01201923076923077
3 0.40384615384615385 0.23076923076923078 0.014423076923076924 0.03125