2 0.37259615384615385 0.23197115384615385 0.014423076923076924 0.03125
2 0.6334134615384616 0.4110576923076923 0.014423076923076924 0.04807692307692308
2 0.3942307692307692 0.2920673076923077 0.014423076923076924 0.040865384615384616
2 0.5036057692307693 0.2608173076923077 0.014423076923076924 0.038461538461538464
2 0.4326923076923077 0.3173076923076923 0.014423076923076924 0.04326923076923077
2 0.6009615384615384 0.3293269230769231 0.016826923076923076 0.04326923076923077
2 0.27403846153846156 0.24519230769230768 0.014423076923076924 0.040865384615384616
2 0.6165865384615384 0.3545673076923077 0.01201923076923077 0.04567307692307692
2 0.5252403846153846 0.39663461538461536 0.016826923076923076 0.052884615384615384
2 0.23918269230769232 0.28966346153846156 0.016826923076923076 0.04326923076923077
2 0.6298076923076923 0.46153846153846156 0.019230769230769232 0.0625
2 0.47115384615384615 0.42427884615384615 0.016826923076923076 0.055288461538461536
2 0.30649038461538464 0.3293269230769231 0.014423076923076924 0.04567307692307692
2 0.3485576923076923 0.3112980769230769 0.01201923076923077 0.04567307692307692
3 0.5108173076923077 0.3762019230769231 0.014423076923076924 0.05048076923076923
2 0.06490384615384616 0.36899038461538464 0.016826923076923076 0.052884615384615384
2 0.19951923076923078 0.3545673076923077 0.021634615384615384 0.055288461538461536
2 0.6274038461538461 0.6069711538461539 0.02403846153846154 0.06490384615384616
2 0.22716346153846154 0.59375 0.02403846153846154 0.07451923076923077
2 0.5625 0.7067307692307693 0.028846153846153848 0.07451923076923077
0 0.25 0.3076923076923077 0.007211538461538462 0.01201923076923077
2 0.5997596153846154 0.31971153846153844 0.016826923076923076 0.04807692307692308
3 0.6081730769230769 0.22956730769230768 0.01201923076923077 0.03365384615384615