2 0.3401442307692308 0.3076923076923077 0.009615384615384616 0.027644230769230768
2 0.5925480769230769 0.44471153846153844 0.007211538461538462 0.04326923076923077
2 0.36538461538461536 0.3605769230769231 0.009615384615384616 0.037259615384615384
2 0.46153846153846156 0.32211538461538464 0.009615384615384616 0.03485576923076923
2 0.4026442307692308 0.3798076923076923 0.008413461538461538 0.038461538461538464
2 0.5552884615384616 0.375 0.010817307692307692 0.038461538461538464
2 0.2536057692307692 0.3293269230769231 0.008413461538461538 0.036057692307692304
2 0.5721153846153846 0.3954326923076923 0.007211538461538462 0.042067307692307696
2 0.49399038461538464 0.4423076923076923 0.010817307692307692 0.04807692307692308
2 0.22596153846153846 0.37259615384615385 0.010817307692307692 0.038461538461538464
2 0.59375 0.49158653846153844 0.010817307692307692 0.055288461538461536
1 0.9278846153846154 0.41225961538461536 0.009615384615384616 0.046875
2 0.4483173076923077 0.4723557692307692 0.010817307692307692 0.05048076923076923
2 0.29086538461538464 0.4026442307692308 0.009615384615384616 0.039663461538461536
2 0.32572115384615385 0.38221153846153844 0.007211538461538462 0.040865384615384616
3 0.47836538461538464 0.4254807692307692 0.007211538461538462 0.04567307692307692
2 0.07692307692307693 0.46033653846153844 0.010817307692307692 0.04807692307692308
2 0.1971153846153846 0.43509615384615385 0.013221153846153846 0.04927884615384615
2 0.6057692307692307 0.6213942307692307 0.015625 0.057692307692307696
2 0.24278846153846154 0.6478365384615384 0.014423076923076924 0.06490384615384616
2 0.5564903846153846 0.7175480769230769 0.020432692307692308 0.0673076923076923
0 0.23677884615384615 0.38822115384615385 0.004807692307692308 0.010817307692307692
2 0.5528846153846154 0.36538461538461536 0.009615384615384616 0.04326923076923077
3 0.5516826923076923 0.28365384615384615 0.007211538461538462 0.030048076923076924