2 0.4699519230769231 0.4026442307692308 0.019230769230769232 0.038461538461538464
2 0.3762019230769231 0.40384615384615385 0.016826923076923076 0.038461538461538464
2 0.5528846153846154 0.4098557692307692 0.021634615384615384 0.040865384615384616
2 0.2932692307692308 0.8822115384615384 0.03125 0.08413461538461539
2 0.8040865384615384 0.5168269230769231 0.03365384615384615 0.055288461538461536
2 0.6237980769230769 0.5564903846153846 0.028846153846153848 0.057692307692307696
2 0.6526442307692307 0.5072115384615384 0.026442307692307692 0.057692307692307696
2 0.5036057692307693 0.4338942307692308 0.019230769230769232 0.04567307692307692
2 0.3401442307692308 0.6574519230769231 0.026442307692307692 0.06490384615384616
2 0.29086538461538464 0.4951923076923077 0.019230769230769232 0.04326923076923077
2 0.20673076923076922 0.6262019230769231 0.02403846153846154 0.06009615384615385
2 0.2776442307692308 0.8112980769230769 0.03365384615384615 0.07932692307692307
3 0.4723557692307692 0.53125 0.026442307692307692 0.057692307692307696
2 0.6730769230769231 0.703125 0.036057692307692304 0.07692307692307693
2 0.6298076923076923 0.6899038461538461 0.026442307692307692 0.06971153846153846
2 0.7043269230769231 0.5168269230769231 0.02403846153846154 0.055288461538461536
2 0.6862980769230769 0.4423076923076923 0.026442307692307692 0.05048076923076923
2 0.703125 0.6105769230769231 0.028846153846153848 0.06009615384615385
2 0.6358173076923077 0.6177884615384616 0.028846153846153848 0.06490384615384616
2 0.8798076923076923 0.5480769230769231 0.03365384615384615 0.0625
2 0.5204326923076923 0.5841346153846154 0.02403846153846154 0.06490384615384616
0 0.8737980769230769 0.47475961538461536 0.007211538461538462 0.01201923076923077
1 0.8269230769230769 0.3713942307692308 0.028846153846153848 0.040865384615384616
3 0.11177884615384616 0.41466346153846156 0.016826923076923076 0.038461538461538464