3 0.8329326923076923 0.17548076923076922 0.016826923076923076 0.03365384615384615
1 0.13581730769230768 0.41225961538461536 0.02403846153846154 0.038461538461538464
2 0.3161057692307692 0.38461538461538464 0.021634615384615384 0.04326923076923077
2 0.6117788461538461 0.29447115384615385 0.019230769230769232 0.04326923076923077
3 0.4963942307692308 0.36778846153846156 0.019230769230769232 0.04807692307692308
2 0.4567307692307692 0.41225961538461536 0.021634615384615384 0.04807692307692308
2 0.5829326923076923 0.42908653846153844 0.021634615384615384 0.057692307692307696
2 0.5901442307692307 0.421875 0.028846153846153848 0.06009615384615385
2 0.84375 0.3786057692307692 0.02403846153846154 0.06009615384615385
2 0.29447115384615385 0.39663461538461536 0.026442307692307692 0.04326923076923077
2 0.8509615384615384 0.6658653846153846 0.03365384615384615 0.07932692307692307
2 0.2536057692307692 0.45552884615384615 0.028846153846153848 0.05048076923076923
2 0.41346153846153844 0.39663461538461536 0.02403846153846154 0.05048076923076923
2 0.46033653846153844 0.36177884615384615 0.026442307692307692 0.05048076923076923
2 0.44471153846153844 0.44591346153846156 0.021634615384615384 0.055288461538461536
2 0.9086538461538461 0.5048076923076923 0.03365384615384615 0.07451923076923077
2 0.8233173076923077 0.3713942307692308 0.028846153846153848 0.055288461538461536
2 0.5769230769230769 0.48197115384615385 0.026442307692307692 0.06009615384615385
2 0.2668269230769231 0.5588942307692307 0.026442307692307692 0.055288461538461536
2 0.9158653846153846 0.6274038461538461 0.038461538461538464 0.0889423076923077
2 0.6370192307692307 0.5600961538461539 0.036057692307692304 0.06490384615384616
2 0.3088942307692308 0.3798076923076923 0.019230769230769232 0.040865384615384616
2 0.3173076923076923 0.37259615384615385 0.026442307692307692 0.05048076923076923