3 0.8882211538461539 0.2692307692307692 0.008413461538461538 0.03365384615384615
1 0.16706730769230768 0.3425480769230769 0.015625 0.036057692307692304
2 0.3473557692307692 0.3557692307692308 0.01201923076923077 0.039663461538461536
2 0.6502403846153846 0.33413461538461536 0.009615384615384616 0.042067307692307696
3 0.5240384615384616 0.3798076923076923 0.009615384615384616 0.046875
2 0.47475961538461536 0.41346153846153844 0.010817307692307692 0.046875
2 0.5925480769230769 0.4567307692307692 0.008413461538461538 0.056490384615384616
2 0.6009615384615384 0.453125 0.015625 0.057692307692307696
2 0.8533653846153846 0.4675480769230769 0.010817307692307692 0.05889423076923077
2 0.32211538461538464 0.3629807692307692 0.016826923076923076 0.039663461538461536
2 0.796875 0.7427884615384616 0.015625 0.07692307692307693
2 0.2704326923076923 0.4098557692307692 0.016826923076923076 0.046875
2 0.4362980769230769 0.3894230769230769 0.014423076923076924 0.046875
2 0.4891826923076923 0.36538461538461536 0.015625 0.046875
2 0.45552884615384615 0.44350961538461536 0.010817307692307692 0.054086538461538464
2 0.8882211538461539 0.6021634615384616 0.018028846153846152 0.07091346153846154
2 0.8353365384615384 0.4543269230769231 0.016826923076923076 0.052884615384615384
2 0.5745192307692307 0.5072115384615384 0.01201923076923077 0.057692307692307696
2 0.2608173076923077 0.5120192307692307 0.014423076923076924 0.054086538461538464
2 0.8677884615384616 0.7211538461538461 0.020432692307692308 0.08413461538461539
2 0.6153846153846154 0.5949519230769231 0.02403846153846154 0.06009615384615385
2 0.3401442307692308 0.34975961538461536 0.010817307692307692 0.037259615384615384
2 0.34975961538461536 0.3449519230769231 0.015625 0.046875