2 0.1045673076923077 0.5396634615384616 0.014423076923076924 0.040865384615384616
2 0.11538461538461539 0.5396634615384616 0.019230769230769232 0.04807692307692308
2 0.5492788461538461 0.36778846153846156 0.01201923076923077 0.036057692307692304
3 0.4807692307692308 0.4579326923076923 0.014423076923076924 0.04567307692307692
2 0.3004807692307692 0.4495192307692308 0.014423076923076924 0.04567307692307692
2 0.42908653846153844 0.4951923076923077 0.016826923076923076 0.05048076923076923
2 0.38461538461538464 0.42908653846153844 0.014423076923076924 0.040865384615384616
2 0.8040865384615384 0.40865384615384615 0.016826923076923076 0.040865384615384616
2 0.546875 0.41586538461538464 0.016826923076923076 0.04326923076923077
2 0.3737980769230769 0.5264423076923077 0.019230769230769232 0.052884615384615384
2 0.6947115384615384 0.3701923076923077 0.019230769230769232 0.040865384615384616
2 0.36538461538461536 0.5661057692307693 0.021634615384615384 0.052884615384615384
2 0.5300480769230769 0.6213942307692307 0.019230769230769232 0.06009615384615385
2 0.8713942307692307 0.7860576923076923 0.03125 0.08413461538461539
2 0.8774038461538461 0.5012019230769231 0.021634615384615384 0.057692307692307696
2 0.36899038461538464 0.6682692307692307 0.021634615384615384 0.0625
2 0.4951923076923077 0.6634615384615384 0.026442307692307692 0.06490384615384616
2 0.5889423076923077 0.5264423076923077 0.016826923076923076 0.055288461538461536
2 0.7596153846153846 0.546875 0.019230769230769232 0.055288461538461536
2 0.46274038461538464 0.6790865384615384 0.019230769230769232 0.06009615384615385
2 0.8870192307692307 0.6802884615384616 0.03125 0.07692307692307693
3 0.9014423076923077 0.28966346153846156 0.014423076923076924 0.036057692307692304