2 0.2980769230769231 0.43990384615384615 0.019230769230769232 0.04326923076923077
2 0.10096153846153846 0.5396634615384616 0.02403846153846154 0.04807692307692308
2 0.35336538461538464 0.4338942307692308 0.014423076923076924 0.04326923076923077
2 0.1201923076923077 0.5444711538461539 0.019230769230769232 0.05048076923076923
2 0.4567307692307692 0.47596153846153844 0.021634615384615384 0.05048076923076923
2 0.4170673076923077 0.5072115384615384 0.016826923076923076 0.05048076923076923
2 0.5528846153846154 0.34975961538461536 0.014423076923076924 0.03365384615384615
2 0.7740384615384616 0.5264423076923077 0.019230769230769232 0.055288461538461536
3 0.4723557692307692 0.44350961538461536 0.019230769230769232 0.04567307692307692
2 0.3173076923076923 0.6213942307692307 0.019230769230769232 0.0625
2 0.8112980769230769 0.38461538461538464 0.019230769230769232 0.04567307692307692
2 0.7872596153846154 0.3713942307692308 0.016826923076923076 0.04326923076923077
2 0.5673076923076923 0.39783653846153844 0.021634615384615384 0.04567307692307692
2 0.5480769230769231 0.5697115384615384 0.021634615384615384 0.057692307692307696
2 0.421875 0.7151442307692307 0.03365384615384615 0.06971153846153846
2 0.6334134615384616 0.4987980769230769 0.021634615384615384 0.055288461538461536
2 0.9194711538461539 0.6322115384615384 0.03125 0.07211538461538461
2 0.47836538461538464 0.6298076923076923 0.021634615384615384 0.0625
2 0.8954326923076923 0.4639423076923077 0.02403846153846154 0.057692307692307696
2 0.9206730769230769 0.734375 0.03365384615384615 0.08173076923076923
2 0.5949519230769231 0.7259615384615384 0.036057692307692304 0.07211538461538461
3 0.890625 0.27163461538461536 0.019230769230769232 0.04326923076923077