2 0.40024038461538464 0.2824519230769231 0.01201923076923077 0.03365384615384615
2 0.5012019230769231 0.3076923076923077 0.01201923076923077 0.038461538461538464
2 0.4026442307692308 0.35216346153846156 0.009615384615384616 0.038461538461538464
2 0.5997596153846154 0.3605769230769231 0.01201923076923077 0.04326923076923077
2 0.5336538461538461 0.4387019230769231 0.014423076923076924 0.052884615384615384
2 0.37259615384615385 0.3798076923076923 0.01201923076923077 0.040865384615384616
2 0.46153846153846156 0.3894230769230769 0.014423076923076924 0.04567307692307692
2 0.6766826923076923 0.6322115384615384 0.016826923076923076 0.0673076923076923
2 0.5096153846153846 0.47596153846153844 0.014423076923076924 0.052884615384615384
2 0.29927884615384615 0.40384615384615385 0.014423076923076924 0.04326923076923077
2 0.2620192307692308 0.3389423076923077 0.01201923076923077 0.040865384615384616
2 0.6117788461538461 0.39302884615384615 0.014423076923076924 0.04807692307692308
2 0.28725961538461536 0.46153846153846156 0.014423076923076924 0.052884615384615384
2 0.6478365384615384 0.44591346153846156 0.014423076923076924 0.052884615384615384
2 0.2704326923076923 0.3894230769230769 0.009615384615384616 0.04326923076923077
2 0.6346153846153846 0.44471153846153844 0.01201923076923077 0.057692307692307696
2 0.0625 0.5024038461538461 0.01201923076923077 0.05048076923076923
2 0.5192307692307693 0.4891826923076923 0.019230769230769232 0.052884615384615384
1 0.9795673076923077 0.36899038461538464 0.016826923076923076 0.05048076923076923
2 0.28365384615384615 0.7151442307692307 0.021634615384615384 0.07451923076923077
2 0.7103365384615384 0.8100961538461539 0.02403846153846154 0.08173076923076923
0 0.078125 0.5216346153846154 0.007211538461538462 0.01201923076923077
2 0.5757211538461539 0.2536057692307692 0.009615384615384616 0.03365384615384615
2 0.6033653846153846 0.35336538461538464 0.01201923076923077 0.04326923076923077