2 0.2127403846153846 0.30288461538461536 0.014423076923076924 0.03125
2 0.3076923076923077 0.30649038461538464 0.01201923076923077 0.03365384615384615
2 0.6442307692307693 0.4543269230769231 0.014423076923076924 0.052884615384615384
2 0.11538461538461539 0.42788461538461536 0.019230769230769232 0.04807692307692308
2 0.47836538461538464 0.34975961538461536 0.009615384615384616 0.038461538461538464
2 0.43149038461538464 0.4014423076923077 0.01201923076923077 0.04326923076923077
2 0.6310096153846154 0.5576923076923077 0.016826923076923076 0.0625
2 0.5276442307692307 0.5012019230769231 0.01201923076923077 0.052884615384615384
2 0.34375 0.3762019230769231 0.016826923076923076 0.04326923076923077
2 0.39903846153846156 0.3942307692307692 0.014423076923076924 0.04326923076923077
2 0.6418269230769231 0.4110576923076923 0.01201923076923077 0.04567307692307692
3 0.41346153846153844 0.453125 0.016826923076923076 0.05048076923076923
2 0.5012019230769231 0.5204326923076923 0.014423076923076924 0.055288461538461536
2 0.17548076923076922 0.5288461538461539 0.021634615384615384 0.057692307692307696
2 0.6213942307692307 0.6358173076923077 0.021634615384615384 0.06490384615384616
2 0.20552884615384615 0.43149038461538464 0.019230769230769232 0.05048076923076923
2 0.44711538461538464 0.7668269230769231 0.021634615384615384 0.07211538461538461
2 0.40865384615384615 0.765625 0.026442307692307692 0.07932692307692307
2 0.16105769230769232 0.6754807692307693 0.028846153846153848 0.06971153846153846
2 0.12139423076923077 0.41586538461538464 0.016826923076923076 0.05048076923076923
0 0.22235576923076922 0.31490384615384615 0.004807692307692308 0.007211538461538462
3 0.6586538461538461 0.3233173076923077 0.01201923076923077 0.03365384615384615