3 0.953125 0.2776442307692308 0.009615384615384616 0.038461538461538464
1 0.15144230769230768 0.359375 0.019230769230769232 0.038461538461538464
2 0.35096153846153844 0.3737980769230769 0.014423076923076924 0.04326923076923077
2 0.6887019230769231 0.34975961538461536 0.009615384615384616 0.04807692307692308
3 0.5480769230769231 0.40024038461538464 0.009615384615384616 0.052884615384615384
2 0.49278846153846156 0.4387019230769231 0.01201923076923077 0.052884615384615384
2 0.625 0.48677884615384615 0.009615384615384616 0.0625
2 0.6346153846153846 0.48197115384615385 0.016826923076923076 0.0625
2 0.9146634615384616 0.49759615384615385 0.01201923076923077 0.0673076923076923
2 0.3245192307692308 0.38100961538461536 0.019230769230769232 0.04326923076923077
2 0.8521634615384616 0.8040865384615384 0.016826923076923076 0.08653846153846154
2 0.2668269230769231 0.4338942307692308 0.019230769230769232 0.052884615384615384
2 0.45072115384615385 0.4110576923076923 0.014423076923076924 0.052884615384615384
2 0.5096153846153846 0.38461538461538464 0.019230769230769232 0.052884615384615384
2 0.4723557692307692 0.47115384615384615 0.01201923076923077 0.057692307692307696
2 0.9519230769230769 0.6478365384615384 0.019230769230769232 0.07932692307692307
2 0.8942307692307693 0.4831730769230769 0.019230769230769232 0.057692307692307696
2 0.6045673076923077 0.5420673076923077 0.014423076923076924 0.06490384615384616
2 0.25600961538461536 0.546875 0.014423076923076924 0.057692307692307696
2 0.9302884615384616 0.7800480769230769 0.02403846153846154 0.09375
2 0.6490384615384616 0.6394230769230769 0.026442307692307692 0.0673076923076923
2 0.3449519230769231 0.36778846153846156 0.01201923076923077 0.04326923076923077
2 0.3545673076923077 0.36177884615384615 0.016826923076923076 0.052884615384615384