2 0.6141826923076923 0.30528846153846156 0.01201923076923077 0.036057692307692304
2 0.375 0.34375 0.014423076923076924 0.04326923076923077
2 0.6887019230769231 0.25240384615384615 0.014423076923076924 0.036057692307692304
2 0.7451923076923077 0.2439903846153846 0.01201923076923077 0.03365384615384615
2 0.38221153846153844 0.375 0.016826923076923076 0.04807692307692308
2 0.37259615384615385 0.38461538461538464 0.014423076923076924 0.04807692307692308
2 0.6177884615384616 0.3317307692307692 0.016826923076923076 0.04326923076923077
2 0.4519230769230769 0.41947115384615385 0.019230769230769232 0.05048076923076923
2 0.5048076923076923 0.28725961538461536 0.01201923076923077 0.036057692307692304
2 0.5564903846153846 0.3317307692307692 0.016826923076923076 0.04326923076923077
2 0.49759615384615385 0.44711538461538464 0.021634615384615384 0.055288461538461536
2 0.8569711538461539 0.3737980769230769 0.019230769230769232 0.055288461538461536
2 0.7572115384615384 0.3173076923076923 0.016826923076923076 0.04326923076923077
2 0.7319711538461539 0.40625 0.019230769230769232 0.052884615384615384
2 0.9194711538461539 0.37259615384615385 0.019230769230769232 0.052884615384615384
3 0.5408653846153846 0.390625 0.016826923076923076 0.05048076923076923
2 0.3401442307692308 0.4639423076923077 0.019230769230769232 0.057692307692307696
2 0.421875 0.6862980769230769 0.026442307692307692 0.06971153846153846
2 0.8149038461538461 0.6189903846153846 0.026442307692307692 0.07451923076923077
2 0.3641826923076923 0.5444711538461539 0.019230769230769232 0.06490384615384616
2 0.5132211538461539 0.71875 0.036057692307692304 0.07451923076923077
3 0.36538461538461536 0.265625 0.01201923076923077 0.036057692307692304
0 0.703125 0.2776442307692308 0.007211538461538462 0.009615384615384616