2 0.6262019230769231 0.5300480769230769 0.019230769230769232 0.04567307692307692
0 0.47716346153846156 0.7235576923076923 0.009615384615384616 0.014423076923076924
2 0.5072115384615384 0.31009615384615385 0.019230769230769232 0.04567307692307692
2 0.6346153846153846 0.5769230769230769 0.040865384615384616 0.07692307692307693
2 0.8341346153846154 0.6153846153846154 0.028846153846153848 0.07211538461538461
2 0.2692307692307692 0.38100961538461536 0.019230769230769232 0.04326923076923077
1 0.8209134615384616 0.28125 0.026442307692307692 0.05048076923076923
2 0.5192307692307693 0.5240384615384616 0.02403846153846154 0.06009615384615385
2 0.49759615384615385 0.3713942307692308 0.021634615384615384 0.05048076923076923
2 0.7632211538461539 0.5024038461538461 0.026442307692307692 0.0673076923076923
2 0.5913461538461539 0.33653846153846156 0.02403846153846154 0.052884615384615384
2 0.6081730769230769 0.3401442307692308 0.021634615384615384 0.05048076923076923
2 0.6622596153846154 0.4026442307692308 0.021634615384615384 0.057692307692307696
3 0.5036057692307693 0.45552884615384615 0.026442307692307692 0.057692307692307696
2 0.7992788461538461 0.5132211538461539 0.03125 0.07211538461538461
2 0.2091346153846154 0.6887019230769231 0.03365384615384615 0.07451923076923077
2 0.6033653846153846 0.6454326923076923 0.04326923076923077 0.08173076923076923
2 0.18990384615384615 0.49158653846153844 0.026442307692307692 0.057692307692307696
2 0.3473557692307692 0.5024038461538461 0.028846153846153848 0.055288461538461536
2 0.6466346153846154 0.6983173076923077 0.03125 0.08173076923076923
2 0.46274038461538464 0.6995192307692307 0.03125 0.07692307692307693
2 0.4651442307692308 0.5504807692307693 0.028846153846153848 0.0625
2 0.28365384615384615 0.6478365384615384 0.03125 0.07692307692307693
3 0.45072115384615385 0.22716346153846154 0.019230769230769232 0.036057692307692304