2 0.7536057692307693 0.34375 0.009615384615384616 0.038461538461538464
2 0.5949519230769231 0.30649038461538464 0.009615384615384616 0.038461538461538464
2 0.6862980769230769 0.34615384615384615 0.009615384615384616 0.038461538461538464
2 0.7848557692307693 0.37740384615384615 0.01201923076923077 0.04326923076923077
2 0.6778846153846154 0.3858173076923077 0.01201923076923077 0.040865384615384616
2 0.3088942307692308 0.27283653846153844 0.016826923076923076 0.036057692307692304
2 0.7632211538461539 0.3605769230769231 0.014423076923076924 0.04326923076923077
2 0.5072115384615384 0.5769230769230769 0.014423076923076924 0.055288461538461536
2 0.7319711538461539 0.4579326923076923 0.019230769230769232 0.04567307692307692
2 0.4495192307692308 0.40865384615384615 0.016826923076923076 0.05048076923076923
2 0.46274038461538464 0.36899038461538464 0.01201923076923077 0.040865384615384616
2 0.6971153846153846 0.5180288461538461 0.016826923076923076 0.057692307692307696
2 0.7932692307692307 0.4795673076923077 0.014423076923076924 0.055288461538461536
1 0.18990384615384615 0.34615384615384615 0.019230769230769232 0.04807692307692308
3 0.6394230769230769 0.37740384615384615 0.014423076923076924 0.04567307692307692
2 0.29927884615384615 0.4014423076923077 0.014423076923076924 0.05048076923076923
3 0.8569711538461539 0.9615384615384616 0.036057692307692304 0.07692307692307693
2 0.7043269230769231 0.6057692307692307 0.021634615384615384 0.0673076923076923
2 0.7415865384615384 0.5793269230769231 0.021634615384615384 0.06490384615384616
2 0.09975961538461539 0.4879807692307692 0.016826923076923076 0.0625
2 0.6213942307692307 0.5637019230769231 0.02403846153846154 0.0625
2 0.39903846153846156 0.8161057692307693 0.036057692307692304 0.07932692307692307
0 0.2668269230769231 0.33774038461538464 0.007211538461538462 0.01201923076923077
3 0.3713942307692308 0.21514423076923078 0.01201923076923077 0.03125