2 0.8990384615384616 0.46274038461538464 0.014423076923076924 0.04326923076923077
2 0.8870192307692307 0.4651442307692308 0.019230769230769232 0.04807692307692308
2 0.39903846153846156 0.40024038461538464 0.01201923076923077 0.038461538461538464
3 0.49158653846153844 0.47596153846153844 0.014423076923076924 0.04807692307692308
2 0.6754807692307693 0.41947115384615385 0.014423076923076924 0.04807692307692308
2 0.5528846153846154 0.5 0.016826923076923076 0.052884615384615384
2 0.5829326923076923 0.41947115384615385 0.01201923076923077 0.04326923076923077
2 0.14903846153846154 0.5072115384615384 0.016826923076923076 0.04326923076923077
2 0.41466346153846156 0.4483173076923077 0.016826923076923076 0.04326923076923077
2 0.6201923076923077 0.5180288461538461 0.016826923076923076 0.057692307692307696
2 0.2512019230769231 0.43990384615384615 0.016826923076923076 0.040865384615384616
2 0.6394230769230769 0.5564903846153846 0.021634615384615384 0.057692307692307696
2 0.48197115384615385 0.6550480769230769 0.019230769230769232 0.06490384615384616
2 0.17427884615384615 0.9110576923076923 0.03125 0.0889423076923077
2 0.09495192307692307 0.6225961538461539 0.021634615384615384 0.06009615384615385
2 0.6586538461538461 0.6634615384615384 0.019230769230769232 0.06490384615384616
2 0.5300480769230769 0.6887019230769231 0.02403846153846154 0.06971153846153846
2 0.39903846153846156 0.5721153846153846 0.014423076923076924 0.057692307692307696
2 0.2283653846153846 0.6370192307692307 0.019230769230769232 0.06009615384615385
2 0.5661057692307693 0.6971153846153846 0.019230769230769232 0.0625
2 0.1310096153846154 0.8052884615384616 0.03125 0.08173076923076923
3 0.016826923076923076 0.4098557692307692 0.014423076923076924 0.038461538461538464