3 0.4735576923076923 0.29086538461538464 0.007211538461538462 0.028846153846153848
2 0.49759615384615385 0.35096153846153844 0.01201923076923077 0.036057692307692304
2 0.6286057692307693 0.3293269230769231 0.007211538461538462 0.03365384615384615
2 0.5600961538461539 0.5961538461538461 0.016826923076923076 0.04326923076923077
2 0.6153846153846154 0.44711538461538464 0.009615384615384616 0.04326923076923077
2 0.39302884615384615 0.4423076923076923 0.01201923076923077 0.04567307692307692
2 0.28966346153846156 0.6814903846153846 0.01201923076923077 0.05048076923076923
2 0.7836538461538461 0.38341346153846156 0.01201923076923077 0.038461538461538464
2 0.5132211538461539 0.46274038461538464 0.01201923076923077 0.04567307692307692
2 0.6706730769230769 0.40865384615384615 0.007211538461538462 0.040865384615384616
2 0.39903846153846156 0.4110576923076923 0.01201923076923077 0.04807692307692308
2 0.6586538461538461 0.75 0.016826923076923076 0.07451923076923077
2 0.2920673076923077 0.7355769230769231 0.016826923076923076 0.0673076923076923
2 0.38461538461538464 0.5 0.01201923076923077 0.04807692307692308
2 0.6262019230769231 0.4723557692307692 0.009615384615384616 0.05048076923076923
2 0.6935096153846154 0.5168269230769231 0.014423076923076924 0.04567307692307692
1 0.16346153846153846 0.4182692307692308 0.01201923076923077 0.04326923076923077
3 0.9903846153846154 0.9459134615384616 0.019230769230769232 0.07451923076923077
2 0.375 0.5012019230769231 0.009615384615384616 0.052884615384615384
2 0.4891826923076923 0.39783653846153844 0.009615384615384616 0.040865384615384616
3 0.4723557692307692 0.4807692307692308 0.01201923076923077 0.05048076923076923
2 0.44711538461538464 0.5324519230769231 0.014423076923076924 0.05048076923076923
2 0.8353365384615384 0.5360576923076923 0.021634615384615384 0.052884615384615384
0 0.8377403846153846 0.5588942307692307 0.007211538461538462 0.01201923076923077