2 0.5793269230769231 0.3076923076923077 0.014423076923076924 0.03365384615384615
2 0.49038461538461536 0.35216346153846156 0.014423076923076924 0.036057692307692304
2 0.5925480769230769 0.375 0.01201923076923077 0.038461538461538464
2 0.4050480769230769 0.4266826923076923 0.014423076923076924 0.04326923076923077
2 0.48677884615384615 0.4855769230769231 0.019230769230769232 0.05048076923076923
2 0.6286057692307693 0.3942307692307692 0.014423076923076924 0.040865384615384616
2 0.5456730769230769 0.4230769230769231 0.016826923076923076 0.04326923076923077
2 0.390625 0.703125 0.021634615384615384 0.0673076923076923
2 0.5180288461538461 0.5168269230769231 0.019230769230769232 0.052884615384615384
2 0.703125 0.4014423076923077 0.019230769230769232 0.04326923076923077
2 0.7247596153846154 0.33052884615384615 0.014423076923076924 0.040865384615384616
2 0.4026442307692308 0.45913461538461536 0.016826923076923076 0.04807692307692308
2 0.7259615384615384 0.4543269230769231 0.019230769230769232 0.052884615384615384
2 0.37740384615384615 0.5192307692307693 0.019230769230769232 0.052884615384615384
2 0.7271634615384616 0.3798076923076923 0.014423076923076924 0.040865384615384616
2 0.390625 0.5132211538461539 0.016826923076923076 0.057692307692307696
2 0.9507211538461539 0.44350961538461536 0.016826923076923076 0.04807692307692308
2 0.5096153846153846 0.53125 0.021634615384615384 0.052884615384615384
1 0.04326923076923077 0.5180288461538461 0.021634615384615384 0.05048076923076923
2 0.7860576923076923 0.6959134615384616 0.028846153846153848 0.07451923076923077
2 0.40024038461538464 0.8810096153846154 0.03125 0.08173076923076923
0 0.9399038461538461 0.4651442307692308 0.007211538461538462 0.01201923076923077
2 0.4050480769230769 0.3173076923076923 0.01201923076923077 0.03125
2 0.4026442307692308 0.41947115384615385 0.016826923076923076 0.04326923076923077