2 0.40384615384615385 0.3737980769230769 0.014423076923076924 0.04326923076923077
2 0.3786057692307692 0.4026442307692308 0.016826923076923076 0.04326923076923077
2 0.41225961538461536 0.38100961538461536 0.021634615384615384 0.04326923076923077
2 0.4963942307692308 0.3269230769230769 0.016826923076923076 0.036057692307692304
2 0.6646634615384616 0.4254807692307692 0.016826923076923076 0.04326923076923077
2 0.4326923076923077 0.5240384615384616 0.021634615384615384 0.052884615384615384
2 0.6742788461538461 0.43509615384615385 0.016826923076923076 0.040865384615384616
2 0.5913461538461539 0.3918269230769231 0.014423076923076924 0.038461538461538464
2 0.49278846153846156 0.4098557692307692 0.016826923076923076 0.040865384615384616
2 0.3894230769230769 0.4098557692307692 0.019230769230769232 0.04807692307692308
2 0.6334134615384616 0.5168269230769231 0.016826923076923076 0.052884615384615384
3 0.4579326923076923 0.453125 0.016826923076923076 0.04807692307692308
2 0.7391826923076923 0.38822115384615385 0.014423076923076924 0.038461538461538464
2 0.5697115384615384 0.3894230769230769 0.014423076923076924 0.038461538461538464
2 0.3389423076923077 0.45072115384615385 0.019230769230769232 0.052884615384615384
1 0.09014423076923077 0.3449519230769231 0.021634615384615384 0.05048076923076923
2 0.41225961538461536 0.47596153846153844 0.026442307692307692 0.05048076923076923
3 0.9182692307692307 0.96875 0.03365384615384615 0.0625
2 0.2620192307692308 0.6177884615384616 0.021634615384615384 0.0625
2 0.6069711538461539 0.71875 0.02403846153846154 0.07211538461538461
2 0.8377403846153846 0.5528846153846154 0.019230769230769232 0.052884615384615384
2 0.1935096153846154 0.7740384615384616 0.028846153846153848 0.08173076923076923
3 0.4675480769230769 0.2608173076923077 0.01201923076923077 0.028846153846153848
2 0.6177884615384616 0.31490384615384615 0.014423076923076924 0.036057692307692304