2 0.4807692307692308 0.38461538461538464 0.014423076923076924 0.038461538461538464
2 0.7139423076923077 0.4567307692307692 0.019230769230769232 0.04326923076923077
2 0.7355769230769231 0.45913461538461536 0.021634615384615384 0.040865384615384616
2 0.43990384615384615 0.38100961538461536 0.014423076923076924 0.040865384615384616
2 0.3918269230769231 0.43149038461538464 0.019230769230769232 0.04567307692307692
2 0.5252403846153846 0.44711538461538464 0.021634615384615384 0.05048076923076923
2 0.15865384615384615 0.48197115384615385 0.028846153846153848 0.05048076923076923
3 0.46153846153846156 0.46875 0.019230769230769232 0.05048076923076923
2 0.6838942307692307 0.5733173076923077 0.02403846153846154 0.057692307692307696
2 0.9134615384615384 0.6237980769230769 0.02403846153846154 0.0625
2 0.4483173076923077 0.5288461538461539 0.021634615384615384 0.057692307692307696
2 0.6682692307692307 0.5769230769230769 0.026442307692307692 0.057692307692307696
2 0.9134615384615384 0.703125 0.026442307692307692 0.0673076923076923
2 0.9026442307692307 0.6899038461538461 0.028846153846153848 0.07211538461538461
3 0.9002403846153846 0.9110576923076923 0.03365384615384615 0.09615384615384616
2 0.3137019230769231 0.4807692307692308 0.021634615384615384 0.052884615384615384
2 0.4567307692307692 0.6177884615384616 0.028846153846153848 0.06971153846153846
2 0.41346153846153844 0.59375 0.03125 0.0625
2 0.21995192307692307 0.546875 0.03365384615384615 0.06490384615384616
3 0.5985576923076923 0.328125 0.009615384615384616 0.026442307692307692
2 0.078125 0.4495192307692308 0.021634615384615384 0.055288461538461536
2 0.06610576923076923 0.4543269230769231 0.021634615384615384 0.038461538461538464
0 0.052884615384615384 0.4723557692307692 0.007211538461538462 0.007211538461538462
1 0.37740384615384615 0.3581730769230769 0.019230769230769232 0.04567307692307692