2 0.7524038461538461 0.47475961538461536 0.019230769230769232 0.040865384615384616
2 0.5889423076923077 0.4014423076923077 0.01201923076923077 0.036057692307692304
2 0.7752403846153846 0.48677884615384615 0.014423076923076924 0.040865384615384616
3 0.6262019230769231 0.48677884615384615 0.009615384615384616 0.04567307692307692
2 0.8545673076923077 0.5012019230769231 0.009615384615384616 0.04326923076923077
2 0.6069711538461539 0.41346153846153844 0.01201923076923077 0.038461538461538464
2 0.6237980769230769 0.5084134615384616 0.014423076923076924 0.04807692307692308
2 0.9507211538461539 0.5733173076923077 0.014423076923076924 0.05048076923076923
2 0.37740384615384615 0.41947115384615385 0.009615384615384616 0.04326923076923077
2 0.921875 0.5480769230769231 0.016826923076923076 0.052884615384615384
2 0.41466346153846156 0.4170673076923077 0.01201923076923077 0.040865384615384616
2 0.09975961538461539 0.6370192307692307 0.014423076923076924 0.07451923076923077
2 0.8052884615384616 0.578125 0.016826923076923076 0.057692307692307696
2 0.08774038461538461 0.5168269230769231 0.016826923076923076 0.057692307692307696
2 0.4254807692307692 0.5240384615384616 0.014423076923076924 0.057692307692307696
2 0.5805288461538461 0.6057692307692307 0.016826923076923076 0.0625
2 0.07451923076923077 0.6442307692307693 0.016826923076923076 0.07211538461538461
2 0.609375 0.6057692307692307 0.021634615384615384 0.057692307692307696
2 0.4411057692307692 0.5336538461538461 0.014423076923076924 0.055288461538461536
3 0.03125 0.8317307692307693 0.021634615384615384 0.0985576923076923
2 0.7596153846153846 0.46153846153846156 0.01201923076923077 0.04326923076923077
1 0.6959134615384616 0.4170673076923077 0.019230769230769232 0.036057692307692304
2 0.5961538461538461 0.41225961538461536 0.01201923076923077 0.040865384615384616
3 0.5036057692307693 0.3233173076923077 0.009615384615384616 0.03125