2 0.3293269230769231 0.40024038461538464 0.01201923076923077 0.03365384615384615
2 0.5949519230769231 0.4579326923076923 0.01201923076923077 0.03125
2 0.5853365384615384 0.49759615384615385 0.014423076923076924 0.036057692307692304
2 0.49278846153846156 0.4411057692307692 0.014423076923076924 0.03365384615384615
2 0.24879807692307693 0.4987980769230769 0.021634615384615384 0.04326923076923077
2 0.7235576923076923 0.5252403846153846 0.016826923076923076 0.036057692307692304
2 0.234375 0.421875 0.016826923076923076 0.040865384615384616
2 0.8966346153846154 0.6586538461538461 0.019230769230769232 0.04567307692307692
2 0.6382211538461539 0.5264423076923077 0.016826923076923076 0.040865384615384616
2 0.38341346153846156 0.4963942307692308 0.016826923076923076 0.04326923076923077
2 0.7752403846153846 0.6766826923076923 0.021634615384615384 0.04567307692307692
3 0.5901442307692307 0.5456730769230769 0.021634615384615384 0.04326923076923077
2 0.04447115384615385 0.5252403846153846 0.02403846153846154 0.057692307692307696
1 0.8822115384615384 0.6237980769230769 0.021634615384615384 0.040865384615384616
2 0.5348557692307693 0.5204326923076923 0.016826923076923076 0.040865384615384616
2 0.5949519230769231 0.6117788461538461 0.019230769230769232 0.05048076923076923
2 0.10576923076923077 0.5324519230769231 0.03365384615384615 0.055288461538461536
2 0.33533653846153844 0.53125 0.019230769230769232 0.04807692307692308
2 0.33774038461538464 0.6983173076923077 0.03125 0.0625
2 0.7536057692307693 0.7644230769230769 0.026442307692307692 0.06009615384615385
2 0.19951923076923078 0.640625 0.03125 0.0673076923076923
2 0.31490384615384615 0.39663461538461536 0.014423076923076924 0.036057692307692304
0 0.8834134615384616 0.625 0.007211538461538462 0.01201923076923077