1 0.028846153846153848 0.34134615384615385 0.02403846153846154 0.052884615384615384
2 0.5552884615384616 0.41346153846153844 0.021634615384615384 0.040865384615384616
2 0.7007211538461539 0.4675480769230769 0.021634615384615384 0.05048076923076923
2 0.5540865384615384 0.45072115384615385 0.019230769230769232 0.04807692307692308
2 0.828125 0.4855769230769231 0.021634615384615384 0.04567307692307692
2 0.421875 0.38461538461538464 0.016826923076923076 0.04326923076923077
2 0.421875 0.4206730769230769 0.019230769230769232 0.04807692307692308
2 0.4891826923076923 0.5516826923076923 0.02403846153846154 0.06009615384615385
2 0.30288461538461536 0.4098557692307692 0.026442307692307692 0.057692307692307696
2 0.8052884615384616 0.5504807692307693 0.028846153846153848 0.057692307692307696
2 0.8004807692307693 0.5252403846153846 0.021634615384615384 0.052884615384615384
2 0.5817307692307693 0.4879807692307692 0.02403846153846154 0.04807692307692308
2 0.3894230769230769 0.453125 0.019230769230769232 0.05048076923076923
2 0.3605769230769231 0.43028846153846156 0.019230769230769232 0.04807692307692308
2 0.47836538461538464 0.5997596153846154 0.03125 0.0625
2 0.2704326923076923 0.421875 0.021634615384615384 0.055288461538461536
2 0.8509615384615384 0.6165865384615384 0.03125 0.0673076923076923
2 0.18389423076923078 0.5108173076923077 0.02403846153846154 0.0625
2 0.9242788461538461 0.6009615384615384 0.026442307692307692 0.0625
3 0.34615384615384615 0.4855769230769231 0.02403846153846154 0.0625
2 0.12379807692307693 0.5889423076923077 0.038461538461538464 0.07692307692307693
0 0.5757211538461539 0.45552884615384615 0.007211538461538462 0.01201923076923077
2 0.3016826923076923 0.3918269230769231 0.019230769230769232 0.05048076923076923
3 0.42908653846153844 0.31850961538461536 0.016826923076923076 0.036057692307692304