2 0.27884615384615385 0.39783653846153844 0.014423076923076924 0.04326923076923077
2 0.4735576923076923 0.3701923076923077 0.009615384615384616 0.036057692307692304
2 0.6514423076923077 0.359375 0.014423076923076924 0.04567307692307692
2 0.11538461538461539 0.5048076923076923 0.016826923076923076 0.055288461538461536
2 0.1814903846153846 0.4338942307692308 0.016826923076923076 0.040865384615384616
2 0.2536057692307692 0.46033653846153844 0.014423076923076924 0.04567307692307692
2 0.45552884615384615 0.39302884615384615 0.014423076923076924 0.040865384615384616
2 0.2980769230769231 0.4375 0.014423076923076924 0.04807692307692308
2 0.84375 0.4807692307692308 0.021634615384615384 0.06009615384615385
2 0.5612980769230769 0.4182692307692308 0.016826923076923076 0.05048076923076923
2 0.11658653846153846 0.5420673076923077 0.021634615384615384 0.06009615384615385
2 0.17908653846153846 0.6021634615384616 0.021634615384615384 0.06009615384615385
1 0.8545673076923077 0.37259615384615385 0.016826923076923076 0.04807692307692308
2 0.29927884615384615 0.5600961538461539 0.016826923076923076 0.055288461538461536
2 0.5877403846153846 0.40024038461538464 0.01201923076923077 0.04326923076923077
2 0.27163461538461536 0.5108173076923077 0.019230769230769232 0.055288461538461536
2 0.10096153846153846 0.5564903846153846 0.021634615384615384 0.06009615384615385
2 0.47596153846153844 0.5685096153846154 0.021634615384615384 0.06009615384615385
3 0.38822115384615385 0.47596153846153844 0.016826923076923076 0.05048076923076923
2 0.6430288461538461 0.4639423076923077 0.016826923076923076 0.057692307692307696
2 0.7007211538461539 0.6442307692307693 0.026442307692307692 0.07692307692307693
3 0.1141826923076923 0.40024038461538464 0.016826923076923076 0.04326923076923077
2 0.5108173076923077 0.3473557692307692 0.016826923076923076 0.040865384615384616
0 0.8317307692307693 0.5072115384615384 0.009615384615384616 0.014423076923076924