2 0.28725961538461536 0.3557692307692308 0.009615384615384616 0.026442307692307692
0 0.08173076923076923 0.4110576923076923 0.007211538461538462 0.01201923076923077
2 0.28966346153846156 0.390625 0.016826923076923076 0.040865384615384616
2 0.6358173076923077 0.3798076923076923 0.014423076923076924 0.040865384615384616
2 0.5012019230769231 0.41346153846153844 0.014423076923076924 0.038461538461538464
2 0.32211538461538464 0.3545673076923077 0.01201923076923077 0.04326923076923077
2 0.32572115384615385 0.40384615384615385 0.016826923076923076 0.052884615384615384
2 0.6201923076923077 0.3786057692307692 0.01201923076923077 0.04567307692307692
2 0.6730769230769231 0.4567307692307692 0.016826923076923076 0.055288461538461536
2 0.5432692307692307 0.4014423076923077 0.01201923076923077 0.04567307692307692
2 0.6862980769230769 0.4675480769230769 0.01201923076923077 0.055288461538461536
2 0.5817307692307693 0.39783653846153844 0.014423076923076924 0.052884615384615384
2 0.6442307692307693 0.3918269230769231 0.01201923076923077 0.052884615384615384
2 0.9134615384615384 0.4098557692307692 0.01201923076923077 0.055288461538461536
2 0.3942307692307692 0.4362980769230769 0.019230769230769232 0.057692307692307696
2 0.04567307692307692 0.3942307692307692 0.014423076923076924 0.052884615384615384
2 0.3581730769230769 0.5288461538461539 0.016826923076923076 0.06490384615384616
2 0.2764423076923077 0.4807692307692308 0.021634615384615384 0.057692307692307696
3 0.13942307692307693 0.8557692307692307 0.02403846153846154 0.10336538461538461
3 0.5228365384615384 0.4519230769230769 0.016826923076923076 0.057692307692307696
2 0.2620192307692308 0.5805288461538461 0.02403846153846154 0.0673076923076923
3 0.5625 0.2980769230769231 0.01201923076923077 0.040865384615384616
2 0.5649038461538461 0.3401442307692308 0.016826923076923076 0.04567307692307692
2 0.6754807692307693 0.4362980769230769 0.016826923076923076 0.055288461538461536
2 0.5024038461538461 0.40024038461538464 0.014423076923076924 0.05048076923076923