2 0.5985576923076923 0.46274038461538464 0.02403846153846154 0.04326923076923077
2 0.46634615384615385 0.34615384615384615 0.016826923076923076 0.03365384615384615
2 0.5949519230769231 0.49038461538461536 0.028846153846153848 0.04807692307692308
2 0.4831730769230769 0.359375 0.016826923076923076 0.036057692307692304
2 0.6862980769230769 0.4074519230769231 0.021634615384615384 0.04567307692307692
2 0.6598557692307693 0.32572115384615385 0.019230769230769232 0.040865384615384616
2 0.7644230769230769 0.3245192307692308 0.021634615384615384 0.04567307692307692
2 0.8425480769230769 0.40024038461538464 0.026442307692307692 0.055288461538461536
0 0.265625 0.8173076923076923 0.009615384615384616 0.014423076923076924
2 0.6959134615384616 0.5769230769230769 0.036057692307692304 0.057692307692307696
2 0.6670673076923077 0.39783653846153844 0.02403846153846154 0.04807692307692308
2 0.03245192307692308 0.6538461538461539 0.03125 0.057692307692307696
2 0.5012019230769231 0.4026442307692308 0.019230769230769232 0.04567307692307692
2 0.3137019230769231 0.41346153846153844 0.019230769230769232 0.04567307692307692
2 0.24879807692307693 0.7788461538461539 0.04807692307692308 0.07692307692307693
1 0.08052884615384616 0.5096153846153846 0.02403846153846154 0.05048076923076923
2 0.2980769230769231 0.7319711538461539 0.036057692307692304 0.0673076923076923
2 0.36177884615384615 0.4879807692307692 0.021634615384615384 0.052884615384615384
2 0.3737980769230769 0.4699519230769231 0.021634615384615384 0.04807692307692308
2 0.9014423076923077 0.421875 0.03365384615384615 0.057692307692307696
2 0.17668269230769232 0.5997596153846154 0.038461538461538464 0.0673076923076923
2 0.6959134615384616 0.5516826923076923 0.038461538461538464 0.04807692307692308
3 0.7860576923076923 0.2668269230769231 0.019230769230769232 0.038461538461538464
2 0.8401442307692307 0.38341346153846156 0.028846153846153848 0.06009615384615385