2 0.5480769230769231 0.3557692307692308 0.009615384615384616 0.038461538461538464
2 0.20673076923076922 0.39903846153846156 0.009615384615384616 0.052884615384615384
2 0.3245192307692308 0.3701923076923077 0.009615384615384616 0.04326923076923077
2 0.5853365384615384 0.34375 0.014423076923076924 0.04567307692307692
2 0.5588942307692307 0.4014423076923077 0.009615384615384616 0.04807692307692308
2 0.7439903846153846 0.3581730769230769 0.009615384615384616 0.04807692307692308
2 0.27403846153846156 0.4206730769230769 0.009615384615384616 0.052884615384615384
2 0.2776442307692308 0.4651442307692308 0.014423076923076924 0.052884615384615384
2 0.5360576923076923 0.40865384615384615 0.009615384615384616 0.052884615384615384
1 0.8713942307692307 0.37740384615384615 0.014423076923076924 0.04807692307692308
2 0.3425480769230769 0.4110576923076923 0.014423076923076924 0.052884615384615384
2 0.1141826923076923 0.4519230769230769 0.014423076923076924 0.06009615384615385
2 0.47475961538461536 0.390625 0.009615384615384616 0.04807692307692308
3 0.4423076923076923 0.43990384615384615 0.009615384615384616 0.057692307692307696
2 0.8341346153846154 0.484375 0.009615384615384616 0.0625
2 0.07932692307692307 0.5144230769230769 0.014423076923076924 0.07211538461538461
2 0.14302884615384615 0.5625 0.019230769230769232 0.0673076923076923
2 0.640625 0.4567307692307692 0.014423076923076924 0.0625
2 0.1201923076923077 0.5276442307692307 0.019230769230769232 0.07211538461538461
2 0.31009615384615385 0.5180288461538461 0.01201923076923077 0.0625
2 0.47475961538461536 0.5396634615384616 0.019230769230769232 0.0625
2 0.6382211538461539 0.5733173076923077 0.014423076923076924 0.07211538461538461
0 0.7403846153846154 0.3798076923076923 0.004807692307692308 0.009615384615384616
3 0.11177884615384616 0.3545673076923077 0.009615384615384616 0.04807692307692308