2 0.2824519230769231 0.38221153846153844 0.016826923076923076 0.038461538461538464
3 0.3425480769230769 0.3870192307692308 0.014423076923076924 0.03365384615384615
2 0.7716346153846154 0.49038461538461536 0.016826923076923076 0.036057692307692304
2 0.15745192307692307 0.4411057692307692 0.016826923076923076 0.04567307692307692
2 0.7115384615384616 0.44350961538461536 0.021634615384615384 0.038461538461538464
2 0.15985576923076922 0.46634615384615385 0.016826923076923076 0.04326923076923077
2 0.33052884615384615 0.4026442307692308 0.016826923076923076 0.038461538461538464
2 0.43990384615384615 0.40865384615384615 0.014423076923076924 0.036057692307692304
2 0.23677884615384615 0.40625 0.014423076923076924 0.04326923076923077
2 0.38461538461538464 0.44711538461538464 0.016826923076923076 0.040865384615384616
2 0.5252403846153846 0.46153846153846156 0.014423076923076924 0.038461538461538464
2 0.5552884615384616 0.4495192307692308 0.019230769230769232 0.04567307692307692
2 0.2848557692307692 0.45552884615384615 0.019230769230769232 0.04807692307692308
2 0.7019230769230769 0.49278846153846156 0.021634615384615384 0.04567307692307692
2 0.3545673076923077 0.546875 0.021634615384615384 0.055288461538461536
2 0.8112980769230769 0.5384615384615384 0.021634615384615384 0.052884615384615384
2 0.7836538461538461 0.5709134615384616 0.026442307692307692 0.057692307692307696
1 0.08653846153846154 0.36778846153846156 0.016826923076923076 0.036057692307692304
2 0.7776442307692307 0.45552884615384615 0.016826923076923076 0.040865384615384616
3 0.7728365384615384 0.4014423076923077 0.014423076923076924 0.03125
2 0.6971153846153846 0.4326923076923077 0.019230769230769232 0.040865384615384616
2 0.23918269230769232 0.38461538461538464 0.014423076923076924 0.036057692307692304
0 0.27884615384615385 0.39663461538461536 0.004807692307692308 0.009615384615384616
2 0.6887019230769231 0.42908653846153844 0.016826923076923076 0.038461538461538464