2 0.5637019230769231 0.42908653846153844 0.009615384615384616 0.028846153846153848
1 0.19110576923076922 0.42427884615384615 0.009615384615384616 0.040865384615384616
2 0.43509615384615385 0.38822115384615385 0.01201923076923077 0.03365384615384615
2 0.5372596153846154 0.4387019230769231 0.009615384615384616 0.03365384615384615
2 0.21514423076923078 0.4891826923076923 0.01201923076923077 0.04807692307692308
2 0.46274038461538464 0.46033653846153844 0.01201923076923077 0.036057692307692304
2 0.35216346153846156 0.421875 0.014423076923076924 0.04326923076923077
2 0.3076923076923077 0.47716346153846156 0.01201923076923077 0.04326923076923077
2 0.6983173076923077 0.4411057692307692 0.014423076923076924 0.036057692307692304
2 0.5036057692307693 0.4699519230769231 0.009615384615384616 0.04567307692307692
2 0.8605769230769231 0.5396634615384616 0.01201923076923077 0.052884615384615384
2 0.18870192307692307 0.5096153846153846 0.016826923076923076 0.04807692307692308
2 0.29927884615384615 0.5625 0.016826923076923076 0.052884615384615384
2 0.8509615384615384 0.5612980769230769 0.01201923076923077 0.06009615384615385
2 0.6826923076923077 0.6129807692307693 0.02403846153846154 0.06009615384615385
2 0.5132211538461539 0.6298076923076923 0.016826923076923076 0.055288461538461536
2 0.8569711538461539 0.4723557692307692 0.016826923076923076 0.040865384615384616
2 0.009615384615384616 0.6057692307692307 0.014423076923076924 0.057692307692307696
3 0.9266826923076923 0.8713942307692307 0.028846153846153848 0.0985576923076923
3 0.42427884615384615 0.34615384615384615 0.007211538461538462 0.03365384615384615
2 0.3137019230769231 0.43028846153846156 0.01201923076923077 0.04567307692307692
2 0.31971153846153844 0.41947115384615385 0.01201923076923077 0.04807692307692308
0 0.6394230769230769 0.46634615384615385 0.007211538461538462 0.01201923076923077
2 0.7019230769230769 0.4338942307692308 0.009615384615384616 0.036057692307692304