2 0.38100961538461536 0.5096153846153846 0.01201923076923077 0.038461538461538464
2 0.4735576923076923 0.375 0.007211538461538462 0.030048076923076924
2 0.3894230769230769 0.5336538461538461 0.016826923076923076 0.042067307692307696
2 0.46153846153846156 0.3918269230769231 0.007211538461538462 0.03125
2 0.28846153846153844 0.4795673076923077 0.009615384615384616 0.040865384615384616
2 0.2956730769230769 0.40024038461538464 0.007211538461538462 0.038461538461538464
2 0.19951923076923078 0.42427884615384615 0.010817307692307692 0.039663461538461536
2 0.14783653846153846 0.5072115384615384 0.013221153846153846 0.05048076923076923
0 0.7572115384615384 0.7524038461538461 0.006009615384615385 0.01201923076923077
2 0.3173076923076923 0.6334134615384616 0.020432692307692308 0.05048076923076923
2 0.30528846153846156 0.4675480769230769 0.010817307692307692 0.04326923076923077
2 0.9302884615384616 0.5540865384615384 0.020432692307692308 0.05048076923076923
2 0.4543269230769231 0.4338942307692308 0.007211538461538462 0.040865384615384616
2 0.6237980769230769 0.4026442307692308 0.008413461538461538 0.040865384615384616
2 0.7644230769230769 0.7139423076923077 0.030048076923076924 0.06490384615384616
1 0.8545673076923077 0.43509615384615385 0.01201923076923077 0.04447115384615385
2 0.7091346153846154 0.6838942307692307 0.019230769230769232 0.06009615384615385
2 0.5985576923076923 0.4795673076923077 0.009615384615384616 0.04927884615384615
2 0.5829326923076923 0.4651442307692308 0.009615384615384616 0.04326923076923077
2 0.09975961538461539 0.5408653846153846 0.020432692307692308 0.04927884615384615
2 0.7872596153846154 0.5372596153846154 0.021634615384615384 0.057692307692307696
2 0.3125 0.6117788461538461 0.025240384615384616 0.039663461538461536
3 0.16947115384615385 0.375 0.008413461538461538 0.03365384615384615
2 0.1466346153846154 0.49278846153846156 0.013221153846153846 0.052884615384615384