2 0.5877403846153846 0.3425480769230769 0.019230769230769232 0.04326923076923077
2 0.2283653846153846 0.31850961538461536 0.019230769230769232 0.057692307692307696
2 0.3557692307692308 0.3125 0.019230769230769232 0.04567307692307692
2 0.6298076923076923 0.33774038461538464 0.02403846153846154 0.05048076923076923
2 0.5913461538461539 0.3918269230769231 0.021634615384615384 0.05048076923076923
2 0.7896634615384616 0.38341346153846156 0.019230769230769232 0.05048076923076923
2 0.2932692307692308 0.35336538461538464 0.021634615384615384 0.055288461538461536
2 0.28846153846153844 0.40024038461538464 0.02403846153846154 0.055288461538461536
2 0.5661057692307693 0.3942307692307692 0.021634615384615384 0.055288461538461536
1 0.9170673076923077 0.42908653846153844 0.02403846153846154 0.052884615384615384
2 0.36658653846153844 0.3581730769230769 0.02403846153846154 0.057692307692307696
2 0.12259615384615384 0.3545673076923077 0.028846153846153848 0.06490384615384616
2 0.5060096153846154 0.3629807692307692 0.019230769230769232 0.052884615384615384
3 0.46274038461538464 0.4074519230769231 0.021634615384615384 0.0625
2 0.8557692307692307 0.53125 0.02403846153846154 0.0673076923076923
2 0.0733173076923077 0.41225961538461536 0.028846153846153848 0.07451923076923077
2 0.12860576923076922 0.47475961538461536 0.03125 0.07211538461538461
2 0.6622596153846154 0.4639423076923077 0.028846153846153848 0.0673076923076923
2 0.1141826923076923 0.4338942307692308 0.03125 0.07692307692307693
2 0.31009615384615385 0.46153846153846156 0.02403846153846154 0.0673076923076923
2 0.47596153846153844 0.515625 0.03365384615384615 0.06971153846153846
2 0.6382211538461539 0.5841346153846154 0.028846153846153848 0.07692307692307693
0 0.7824519230769231 0.40384615384615385 0.007211538461538462 0.01201923076923077
3 0.140625 0.25240384615384615 0.019230769230769232 0.05048076923076923