2 0.48197115384615385 0.49038461538461536 0.016826923076923076 0.038461538461538464
2 0.27163461538461536 0.41947115384615385 0.014423076923076924 0.038461538461538464
2 0.3245192307692308 0.5528846153846154 0.019230769230769232 0.04567307692307692
2 0.2548076923076923 0.43149038461538464 0.014423076923076924 0.038461538461538464
2 0.3269230769230769 0.515625 0.016826923076923076 0.04326923076923077
2 0.5420673076923077 0.5192307692307693 0.016826923076923076 0.04567307692307692
3 0.3858173076923077 0.5048076923076923 0.019230769230769232 0.04807692307692308
2 0.3137019230769231 0.5865384615384616 0.019230769230769232 0.06009615384615385
2 0.5576923076923077 0.5685096153846154 0.02403846153846154 0.04567307692307692
2 0.5360576923076923 0.5697115384615384 0.019230769230769232 0.04807692307692308
2 0.7884615384615384 0.640625 0.019230769230769232 0.052884615384615384
1 0.9026442307692307 0.5889423076923077 0.019230769230769232 0.05048076923076923
2 0.18028846153846154 0.5757211538461539 0.021634615384615384 0.057692307692307696
2 0.22596153846153846 0.484375 0.016826923076923076 0.04807692307692308
2 0.12259615384615384 0.6069711538461539 0.028846153846153848 0.0673076923076923
2 0.31009615384615385 0.7487980769230769 0.026442307692307692 0.06971153846153846
2 0.17067307692307693 0.6682692307692307 0.026442307692307692 0.06971153846153846
2 0.7019230769230769 0.5360576923076923 0.014423076923076924 0.04567307692307692
2 0.5504807692307693 0.6670673076923077 0.02403846153846154 0.0625
2 0.625 0.7872596153846154 0.03365384615384615 0.07211538461538461
3 0.008413461538461538 0.8161057692307693 0.016826923076923076 0.09375
0 0.7259615384615384 0.6033653846153846 0.009615384615384616 0.014423076923076924
3 0.6346153846153846 0.4230769230769231 0.01201923076923077 0.03125
2 0.5 0.43028846153846156 0.014423076923076924 0.036057692307692304
2 0.43509615384615385 0.4579326923076923 0.016826923076923076 0.04326923076923077