2 0.3713942307692308 0.3918269230769231 0.014423076923076924 0.028846153846153848
2 0.21875 0.49759615384615385 0.014423076923076924 0.04567307692307692
2 0.1346153846153846 0.5168269230769231 0.014423076923076924 0.04567307692307692
2 0.453125 0.43509615384615385 0.014423076923076924 0.038461538461538464
2 0.5216346153846154 0.4254807692307692 0.014423076923076924 0.040865384615384616
2 0.6165865384615384 0.5048076923076923 0.019230769230769232 0.05048076923076923
2 0.8894230769230769 0.5048076923076923 0.014423076923076924 0.055288461538461536
2 0.12620192307692307 0.546875 0.014423076923076924 0.04807692307692308
3 0.35216346153846156 0.5 0.021634615384615384 0.04807692307692308
2 0.39783653846153844 0.4855769230769231 0.01201923076923077 0.04567307692307692
2 0.6478365384615384 0.4879807692307692 0.014423076923076924 0.04807692307692308
2 0.8389423076923077 0.578125 0.019230769230769232 0.0673076923076923
2 0.3942307692307692 0.6454326923076923 0.02403846153846154 0.0625
2 0.2091346153846154 0.5913461538461539 0.021634615384615384 0.057692307692307696
2 0.8653846153846154 0.578125 0.019230769230769232 0.0625
2 0.49399038461538464 0.6262019230769231 0.026442307692307692 0.0673076923076923
1 0.9362980769230769 0.8497596153846154 0.03125 0.0985576923076923
3 0.421875 0.33774038461538464 0.009615384615384616 0.028846153846153848
2 0.3112980769230769 0.4338942307692308 0.016826923076923076 0.040865384615384616
2 0.3016826923076923 0.43028846153846156 0.016826923076923076 0.036057692307692304
2 0.25600961538461536 0.44350961538461536 0.016826923076923076 0.040865384615384616
2 0.2403846153846154 0.44471153846153844 0.016826923076923076 0.040865384615384616
1 0.21033653846153846 0.43509615384615385 0.01201923076923077 0.04326923076923077