2 0.4519230769230769 0.40865384615384615 0.006009615384615385 0.027644230769230768
2 0.7211538461538461 0.44471153846153844 0.008413461538461538 0.030048076923076924
2 0.46033653846153844 0.41947115384615385 0.007211538461538462 0.025240384615384616
2 0.34375 0.4375 0.010817307692307692 0.03485576923076923
2 0.8125 0.4963942307692308 0.010817307692307692 0.03485576923076923
2 0.4963942307692308 0.48197115384615385 0.007211538461538462 0.03485576923076923
2 0.38100961538461536 0.515625 0.009615384615384616 0.039663461538461536
2 0.7884615384615384 0.49399038461538464 0.008413461538461538 0.036057692307692304
2 0.6730769230769231 0.5048076923076923 0.007211538461538462 0.037259615384615384
2 0.8810096153846154 0.6322115384615384 0.019230769230769232 0.04807692307692308
2 0.4026442307692308 0.7055288461538461 0.015625 0.06009615384615385
3 0.6490384615384616 0.5372596153846154 0.018028846153846152 0.04447115384615385
2 0.39663461538461536 0.53125 0.009615384615384616 0.042067307692307696
2 0.6418269230769231 0.5673076923076923 0.019230769230769232 0.04326923076923077
2 0.9290865384615384 0.5697115384615384 0.020432692307692308 0.04567307692307692
2 0.6947115384615384 0.5024038461538461 0.014423076923076924 0.042067307692307696
1 0.13341346153846154 0.46153846153846156 0.010817307692307692 0.03485576923076923
2 0.18028846153846154 0.5709134615384616 0.010817307692307692 0.05048076923076923
2 0.12259615384615384 0.5961538461538461 0.016826923076923076 0.04927884615384615
3 0.0829326923076923 0.6935096153846154 0.016826923076923076 0.06009615384615385
2 0.2620192307692308 0.6706730769230769 0.015625 0.056490384615384616
2 0.8485576923076923 0.6850961538461539 0.026442307692307692 0.054086538461538464
2 0.6057692307692307 0.42908653846153844 0.009615384615384616 0.03245192307692308
0 0.9230769230769231 0.5673076923076923 0.006009615384615385 0.010817307692307692