1 0.010817307692307692 0.5516826923076923 0.021634615384615384 0.05048076923076923
2 0.5240384615384616 0.421875 0.021634615384615384 0.040865384615384616
2 0.6802884615384616 0.4170673076923077 0.021634615384615384 0.05048076923076923
2 0.5360576923076923 0.4567307692307692 0.019230769230769232 0.04807692307692308
2 0.8040865384615384 0.3858173076923077 0.021634615384615384 0.04567307692307692
2 0.3894230769230769 0.44350961538461536 0.016826923076923076 0.04326923076923077
2 0.4026442307692308 0.47836538461538464 0.019230769230769232 0.04807692307692308
2 0.5132211538461539 0.5745192307692307 0.02403846153846154 0.06009615384615385
2 0.28966346153846156 0.5132211538461539 0.026442307692307692 0.057692307692307696
2 0.8064903846153846 0.45552884615384615 0.028846153846153848 0.057692307692307696
2 0.7932692307692307 0.4326923076923077 0.021634615384615384 0.052884615384615384
2 0.5757211538461539 0.4807692307692308 0.02403846153846154 0.04807692307692308
2 0.38341346153846156 0.5204326923076923 0.019230769230769232 0.05048076923076923
2 0.3485576923076923 0.5096153846153846 0.019230769230769232 0.04807692307692308
2 0.5216346153846154 0.6225961538461539 0.03125 0.0625
2 0.26322115384615385 0.5360576923076923 0.021634615384615384 0.055288461538461536
2 0.8737980769230769 0.4987980769230769 0.03125 0.0673076923076923
2 0.21754807692307693 0.6502403846153846 0.02403846153846154 0.0625
2 0.9375 0.4567307692307692 0.026442307692307692 0.0625
3 0.35697115384615385 0.5673076923076923 0.02403846153846154 0.0625
2 0.18870192307692307 0.7451923076923077 0.038461538461538464 0.07692307692307693
0 0.5588942307692307 0.453125 0.007211538461538462 0.01201923076923077
2 0.28125 0.4963942307692308 0.019230769230769232 0.05048076923076923
3 0.3701923076923077 0.38100961538461536 0.016826923076923076 0.036057692307692304