2 0.3245192307692308 0.48677884615384615 0.01201923076923077 0.03365384615384615
2 0.5973557692307693 0.43509615384615385 0.01201923076923077 0.03365384615384615
2 0.6045673076923077 0.47716346153846156 0.014423076923076924 0.038461538461538464
2 0.49399038461538464 0.46033653846153844 0.01201923076923077 0.03365384615384615
2 0.28725961538461536 0.6117788461538461 0.021634615384615384 0.04567307692307692
2 0.7451923076923077 0.44711538461538464 0.014423076923076924 0.038461538461538464
2 0.24158653846153846 0.5444711538461539 0.014423076923076924 0.04326923076923077
2 0.9603365384615384 0.5036057692307693 0.016826923076923076 0.04807692307692308
2 0.6658653846153846 0.4831730769230769 0.014423076923076924 0.040865384615384616
2 0.41346153846153844 0.5564903846153846 0.016826923076923076 0.04326923076923077
3 0.11298076923076923 0.8990384615384616 0.040865384615384616 0.07932692307692307
2 0.8545673076923077 0.5697115384615384 0.019230769230769232 0.04567307692307692
3 0.6274038461538461 0.5192307692307693 0.019230769230769232 0.04326923076923077
2 0.10576923076923077 0.71875 0.021634615384615384 0.057692307692307696
1 0.9338942307692307 0.47716346153846156 0.021634615384615384 0.040865384615384616
2 0.5661057692307693 0.5192307692307693 0.014423076923076924 0.040865384615384616
2 0.6586538461538461 0.5805288461538461 0.016826923076923076 0.05048076923076923
2 0.16466346153846154 0.7007211538461539 0.03125 0.057692307692307696
2 0.38221153846153844 0.6069711538461539 0.016826923076923076 0.04807692307692308
2 0.4519230769230769 0.7644230769230769 0.028846153846153848 0.06490384615384616
2 0.8689903846153846 0.6610576923076923 0.02403846153846154 0.0625
2 0.2980769230769231 0.765625 0.026442307692307692 0.06971153846153846
2 0.3088942307692308 0.4891826923076923 0.01201923076923077 0.036057692307692304
0 0.9350961538461539 0.47716346153846156 0.007211538461538462 0.01201923076923077