2 0.31490384615384615 0.4387019230769231 0.009615384615384616 0.03365384615384615
2 0.5865384615384616 0.4110576923076923 0.009615384615384616 0.03125
2 0.5889423076923077 0.4519230769230769 0.009615384615384616 0.036057692307692304
2 0.4831730769230769 0.42788461538461536 0.009615384615384616 0.03365384615384615
2 0.26802884615384615 0.5576923076923077 0.016826923076923076 0.04326923076923077
2 0.7295673076923077 0.4362980769230769 0.01201923076923077 0.036057692307692304
2 0.23076923076923078 0.4879807692307692 0.01201923076923077 0.040865384615384616
2 0.9338942307692307 0.5096153846153846 0.014423076923076924 0.04567307692307692
2 0.6478365384615384 0.4639423076923077 0.01201923076923077 0.040865384615384616
2 0.39783653846153844 0.5132211538461539 0.01201923076923077 0.04326923076923077
3 0.07451923076923077 0.8221153846153846 0.03365384615384615 0.07451923076923077
2 0.8245192307692307 0.5649038461538461 0.014423076923076924 0.04567307692307692
3 0.6081730769230769 0.4963942307692308 0.016826923076923076 0.040865384615384616
2 0.0829326923076923 0.6466346153846154 0.016826923076923076 0.057692307692307696
1 0.9098557692307693 0.4807692307692308 0.016826923076923076 0.038461538461538464
2 0.546875 0.49038461538461536 0.01201923076923077 0.040865384615384616
2 0.6334134615384616 0.5588942307692307 0.01201923076923077 0.05048076923076923
2 0.14302884615384615 0.6334134615384616 0.026442307692307692 0.055288461538461536
2 0.36177884615384615 0.5612980769230769 0.014423076923076924 0.04807692307692308
2 0.41586538461538464 0.7199519230769231 0.02403846153846154 0.06009615384615385
2 0.8305288461538461 0.6538461538461539 0.019230769230769232 0.06009615384615385
2 0.265625 0.7079326923076923 0.021634615384615384 0.0673076923076923
2 0.3004807692307692 0.43990384615384615 0.009615384615384616 0.036057692307692304
0 0.9110576923076923 0.48197115384615385 0.004807692307692308 0.01201923076923077