3 0.28846153846153844 0.3389423076923077 0.019230769230769232 0.04807692307692308
2 0.6274038461538461 0.29447115384615385 0.019230769230769232 0.04567307692307692
2 0.7163461538461539 0.28966346153846156 0.02403846153846154 0.055288461538461536
2 0.5673076923076923 0.35697115384615385 0.028846153846153848 0.06009615384615385
2 0.5348557692307693 0.359375 0.028846153846153848 0.055288461538461536
2 0.7403846153846154 0.4026442307692308 0.03365384615384615 0.06971153846153846
2 0.3858173076923077 0.3425480769230769 0.026442307692307692 0.04567307692307692
2 0.3798076923076923 0.4495192307692308 0.026442307692307692 0.057692307692307696
2 0.6274038461538461 0.36778846153846156 0.026442307692307692 0.057692307692307696
3 0.6862980769230769 0.3762019230769231 0.028846153846153848 0.06971153846153846
2 0.7283653846153846 0.42427884615384615 0.03365384615384615 0.07451923076923077
2 0.44471153846153844 0.5072115384615384 0.040865384615384616 0.08173076923076923
2 0.18629807692307693 0.6322115384615384 0.038461538461538464 0.08413461538461539
2 0.9026442307692307 0.43028846153846156 0.040865384615384616 0.08653846153846154
2 0.2800480769230769 0.4807692307692308 0.038461538461538464 0.06971153846153846
2 0.47475961538461536 0.8076923076923077 0.04567307692307692 0.10817307692307693
2 0.47475961538461536 0.5036057692307693 0.03365384615384615 0.07451923076923077
2 0.8088942307692307 0.3425480769230769 0.036057692307692304 0.07211538461538461
2 0.9158653846153846 0.4014423076923077 0.038461538461538464 0.08173076923076923
2 0.9014423076923077 0.5637019230769231 0.04807692307692308 0.09615384615384616
2 0.7331730769230769 0.5877403846153846 0.040865384615384616 0.09615384615384616
2 0.9567307692307693 0.5024038461538461 0.04326923076923077 0.09134615384615384
0 0.37259615384615385 0.41947115384615385 0.009615384615384616 0.01201923076923077