2 0.042067307692307696 0.5012019230769231 0.021634615384615384 0.04807692307692308
2 0.4206730769230769 0.40625 0.01201923076923077 0.040865384615384616
2 0.38822115384615385 0.44591346153846156 0.01201923076923077 0.040865384615384616
2 0.36658653846153844 0.4855769230769231 0.016826923076923076 0.04567307692307692
2 0.6081730769230769 0.4483173076923077 0.01201923076923077 0.038461538461538464
2 0.43149038461538464 0.4579326923076923 0.014423076923076924 0.040865384615384616
2 0.625 0.44591346153846156 0.009615384615384616 0.040865384615384616
2 0.2283653846153846 0.5036057692307693 0.01201923076923077 0.05048076923076923
2 0.5745192307692307 0.5600961538461539 0.016826923076923076 0.052884615384615384
2 0.38461538461538464 0.5264423076923077 0.014423076923076924 0.05048076923076923
2 0.8858173076923077 0.5973557692307693 0.016826923076923076 0.06009615384615385
2 0.5925480769230769 0.5540865384615384 0.014423076923076924 0.052884615384615384
2 0.34975961538461536 0.5889423076923077 0.014423076923076924 0.055288461538461536
2 0.8605769230769231 0.6862980769230769 0.016826923076923076 0.0673076923076923
2 0.36177884615384615 0.5997596153846154 0.016826923076923076 0.0625
2 0.15504807692307693 0.5649038461538461 0.019230769230769232 0.055288461538461536
3 0.8882211538461539 0.8810096153846154 0.02403846153846154 0.09134615384615384
2 0.8425480769230769 0.6826923076923077 0.021634615384615384 0.06971153846153846
2 0.018028846153846152 0.5072115384615384 0.01201923076923077 0.04807692307692308
2 0.027644230769230768 0.5132211538461539 0.016826923076923076 0.04807692307692308
1 0.3317307692307692 0.39783653846153844 0.014423076923076924 0.040865384615384616
2 0.4098557692307692 0.40865384615384615 0.014423076923076924 0.040865384615384616