2 0.4675480769230769 0.40384615384615385 0.007211538461538462 0.028846153846153848
2 0.7403846153846154 0.46033653846153844 0.009615384615384616 0.03125
2 0.47596153846153844 0.41466346153846156 0.009615384615384616 0.026442307692307692
2 0.3557692307692308 0.42427884615384615 0.014423076923076924 0.036057692307692304
2 0.8293269230769231 0.5180288461538461 0.014423076923076924 0.036057692307692304
2 0.5072115384615384 0.4807692307692308 0.01201923076923077 0.036057692307692304
2 0.38822115384615385 0.5072115384615384 0.01201923076923077 0.040865384615384616
2 0.8040865384615384 0.515625 0.01201923076923077 0.038461538461538464
2 0.6862980769230769 0.5168269230769231 0.01201923076923077 0.038461538461538464
2 0.8882211538461539 0.6610576923076923 0.02403846153846154 0.05048076923076923
2 0.39663461538461536 0.7007211538461539 0.019230769230769232 0.0625
3 0.6610576923076923 0.5480769230769231 0.021634615384615384 0.04567307692307692
2 0.4014423076923077 0.5240384615384616 0.01201923076923077 0.04326923076923077
2 0.6502403846153846 0.5793269230769231 0.021634615384615384 0.04567307692307692
2 0.9423076923076923 0.6021634615384616 0.02403846153846154 0.04807692307692308
2 0.7079326923076923 0.5168269230769231 0.016826923076923076 0.04326923076923077
1 0.13942307692307693 0.43509615384615385 0.014423076923076924 0.036057692307692304
2 0.18028846153846154 0.5492788461538461 0.014423076923076924 0.052884615384615384
2 0.11899038461538461 0.5709134615384616 0.021634615384615384 0.05048076923076923
3 0.07211538461538461 0.6682692307692307 0.021634615384615384 0.0625
2 0.2548076923076923 0.65625 0.019230769230769232 0.057692307692307696
2 0.8509615384615384 0.7139423076923077 0.03125 0.055288461538461536
2 0.6237980769230769 0.43509615384615385 0.01201923076923077 0.03365384615384615
0 0.9362980769230769 0.5997596153846154 0.007211538461538462 0.01201923076923077