2 0.375 0.41225961538461536 0.015625 0.04447115384615385
2 0.3870192307692308 0.4362980769230769 0.01201923076923077 0.04927884615384615
2 0.265625 0.3701923076923077 0.010817307692307692 0.039663461538461536
2 0.5396634615384616 0.3894230769230769 0.010817307692307692 0.040865384615384616
2 0.5216346153846154 0.44471153846153844 0.02403846153846154 0.04807692307692308
3 0.5829326923076923 0.41346153846153844 0.013221153846153846 0.046875
2 0.20552884615384615 0.3737980769230769 0.014423076923076924 0.040865384615384616
2 0.6105769230769231 0.46634615384615385 0.02403846153846154 0.04807692307692308
2 0.30408653846153844 0.3641826923076923 0.010817307692307692 0.038461538461538464
2 0.33533653846153844 0.36778846153846156 0.007211538461538462 0.038461538461538464
2 0.8365384615384616 0.5240384615384616 0.019230769230769232 0.06370192307692307
2 0.25721153846153844 0.42788461538461536 0.016826923076923076 0.04567307692307692
2 0.7211538461538461 0.5961538461538461 0.021634615384615384 0.06129807692307692
2 0.22115384615384615 0.4014423076923077 0.018028846153846152 0.046875
2 0.46634615384615385 0.5805288461538461 0.03245192307692308 0.0625
2 0.8028846153846154 0.5336538461538461 0.028846153846153848 0.056490384615384616
2 0.8617788461538461 0.4963942307692308 0.01201923076923077 0.057692307692307696
2 0.734375 0.43509615384615385 0.01201923076923077 0.04807692307692308
2 0.19110576923076922 0.4855769230769231 0.010817307692307692 0.057692307692307696
2 0.15625 0.4483173076923077 0.015625 0.051682692307692304
0 0.625 0.49038461538461536 0.006009615384615385 0.009615384615384616
2 0.5168269230769231 0.44350961538461536 0.014423076923076924 0.04807692307692308
3 0.24519230769230768 0.31971153846153844 0.009615384615384616 0.038461538461538464