2 0.7139423076923077 0.36538461538461536 0.009615384615384616 0.025240384615384616
0 0.9158653846153846 0.4266826923076923 0.006009615384615385 0.009615384615384616
2 0.7103365384615384 0.39903846153846156 0.015625 0.040865384615384616
2 0.3701923076923077 0.37740384615384615 0.01201923076923077 0.039663461538461536
2 0.5012019230769231 0.41586538461538464 0.01201923076923077 0.037259615384615384
2 0.6802884615384616 0.3629807692307692 0.009615384615384616 0.04326923076923077
2 0.6754807692307693 0.41225961538461536 0.014423076923076924 0.051682692307692304
2 0.3858173076923077 0.37740384615384615 0.010817307692307692 0.04567307692307692
2 0.3293269230769231 0.4519230769230769 0.014423076923076924 0.054086538461538464
2 0.45913461538461536 0.4014423076923077 0.009615384615384616 0.04567307692307692
2 0.3161057692307692 0.46274038461538464 0.009615384615384616 0.054086538461538464
2 0.421875 0.39783653846153844 0.013221153846153846 0.051682692307692304
2 0.3605769230769231 0.3894230769230769 0.010817307692307692 0.05048076923076923
2 0.09375 0.39663461538461536 0.010817307692307692 0.054086538461538464
2 0.6057692307692307 0.4411057692307692 0.018028846153846152 0.056490384615384616
2 0.9519230769230769 0.41225961538461536 0.01201923076923077 0.051682692307692304
2 0.6382211538461539 0.5348557692307693 0.014423076923076924 0.06370192307692307
2 0.7211538461538461 0.4891826923076923 0.019230769230769232 0.057692307692307696
3 0.8425480769230769 0.8641826923076923 0.020432692307692308 0.10216346153846154
3 0.47836538461538464 0.4519230769230769 0.013221153846153846 0.055288461538461536
2 0.7331730769230769 0.5877403846153846 0.021634615384615384 0.06610576923076923
3 0.44350961538461536 0.29927884615384615 0.008413461538461538 0.038461538461538464
2 0.4411057692307692 0.34134615384615385 0.015625 0.04447115384615385
2 0.3293269230769231 0.43149038461538464 0.014423076923076924 0.054086538461538464
2 0.5012019230769231 0.4026442307692308 0.01201923076923077 0.04807692307692308