2 0.46274038461538464 0.38100961538461536 0.016826923076923076 0.028846153846153848
2 0.2980769230769231 0.44711538461538464 0.016826923076923076 0.04326923076923077
2 0.21394230769230768 0.44711538461538464 0.016826923076923076 0.04567307692307692
2 0.5288461538461539 0.4387019230769231 0.016826923076923076 0.038461538461538464
2 0.5949519230769231 0.44471153846153844 0.016826923076923076 0.040865384615384616
2 0.06610576923076923 0.5168269230769231 0.021634615384615384 0.055288461538461536
2 0.6682692307692307 0.5396634615384616 0.021634615384615384 0.05048076923076923
2 0.921875 0.5997596153846154 0.019230769230769232 0.052884615384615384
2 0.19951923076923078 0.4735576923076923 0.016826923076923076 0.04567307692307692
3 0.4206730769230769 0.47716346153846156 0.02403846153846154 0.04807692307692308
2 0.46634615384615385 0.4735576923076923 0.016826923076923076 0.04326923076923077
2 0.6995192307692307 0.53125 0.019230769230769232 0.04807692307692308
2 0.8605769230769231 0.6586538461538461 0.02403846153846154 0.0673076923076923
2 0.42908653846153844 0.6237980769230769 0.028846153846153848 0.06009615384615385
2 0.2668269230769231 0.5324519230769231 0.02403846153846154 0.057692307692307696
2 0.8858173076923077 0.6634615384615384 0.02403846153846154 0.0625
2 0.5276442307692307 0.6262019230769231 0.03125 0.06490384615384616
1 0.8930288461538461 0.9326923076923077 0.036057692307692304 0.09615384615384616
3 0.5228365384615384 0.3425480769230769 0.01201923076923077 0.028846153846153848
2 0.39783653846153844 0.40865384615384615 0.016826923076923076 0.040865384615384616
2 0.38822115384615385 0.4014423076923077 0.019230769230769232 0.036057692307692304
2 0.34375 0.4050480769230769 0.019230769230769232 0.040865384615384616
2 0.3293269230769231 0.4026442307692308 0.019230769230769232 0.040865384615384616
1 0.30288461538461536 0.3858173076923077 0.016826923076923076 0.040865384615384616