2 0.4639423076923077 0.3269230769230769 0.01201923076923077 0.04567307692307692
2 0.5853365384615384 0.3112980769230769 0.014423076923076924 0.040865384615384616
3 0.22716346153846154 0.30528846153846156 0.009615384615384616 0.04326923076923077
2 0.5721153846153846 0.3401442307692308 0.009615384615384616 0.04326923076923077
2 0.6069711538461539 0.33653846153846156 0.014423076923076924 0.04326923076923077
2 0.5204326923076923 0.3173076923076923 0.01201923076923077 0.038461538461538464
2 0.31850961538461536 0.33413461538461536 0.01201923076923077 0.04326923076923077
2 0.49278846153846156 0.35336538461538464 0.014423076923076924 0.04326923076923077
3 0.5865384615384616 0.3858173076923077 0.01201923076923077 0.0625
2 0.7391826923076923 0.35336538461538464 0.014423076923076924 0.052884615384615384
2 0.6899038461538461 0.39302884615384615 0.014423076923076924 0.052884615384615384
2 0.8016826923076923 0.42788461538461536 0.014423076923076924 0.0625
2 0.3641826923076923 0.3713942307692308 0.014423076923076924 0.057692307692307696
2 0.7139423076923077 0.3942307692307692 0.014423076923076924 0.057692307692307696
2 0.4074519230769231 0.7620192307692307 0.021634615384615384 0.09615384615384616
2 0.8581730769230769 0.5168269230769231 0.019230769230769232 0.07211538461538461
2 0.4639423076923077 0.4519230769230769 0.014423076923076924 0.0625
2 0.1310096153846154 0.5168269230769231 0.014423076923076924 0.07451923076923077
2 0.8257211538461539 0.5144230769230769 0.028846153846153848 0.07692307692307693
2 0.7752403846153846 0.7223557692307693 0.014423076923076924 0.09134615384615384
2 0.203125 0.3918269230769231 0.01201923076923077 0.0625
2 0.6298076923076923 0.515625 0.021634615384615384 0.0673076923076923
0 0.5588942307692307 0.3473557692307692 0.004807692307692308 0.009615384615384616