2 0.6862980769230769 0.31850961538461536 0.014423076923076924 0.04326923076923077
2 0.2548076923076923 0.3737980769230769 0.009615384615384616 0.04567307692307692
2 0.13341346153846154 0.39302884615384615 0.01201923076923077 0.04326923076923077
2 0.2608173076923077 0.3798076923076923 0.01201923076923077 0.04326923076923077
1 0.8629807692307693 0.35336538461538464 0.014423076923076924 0.04326923076923077
2 0.609375 0.39903846153846156 0.01201923076923077 0.04567307692307692
2 0.7223557692307693 0.35096153846153844 0.009615384615384616 0.040865384615384616
2 0.7572115384615384 0.3449519230769231 0.01201923076923077 0.04326923076923077
2 0.08533653846153846 0.5072115384615384 0.016826923076923076 0.06490384615384616
2 0.5288461538461539 0.5372596153846154 0.019230769230769232 0.055288461538461536
2 0.8149038461538461 0.43028846153846156 0.01201923076923077 0.05048076923076923
3 0.65625 0.34615384615384615 0.01201923076923077 0.04326923076923077
2 0.8329326923076923 0.39903846153846156 0.014423076923076924 0.05048076923076923
2 0.7007211538461539 0.4026442307692308 0.01201923076923077 0.04567307692307692
2 0.23918269230769232 0.37259615384615385 0.009615384615384616 0.040865384615384616
2 0.27884615384615385 0.4411057692307692 0.014423076923076924 0.052884615384615384
2 0.4891826923076923 0.39783653846153844 0.014423076923076924 0.052884615384615384
2 0.11298076923076923 0.43990384615384615 0.014423076923076924 0.055288461538461536
2 0.5564903846153846 0.36899038461538464 0.009615384615384616 0.04326923076923077
2 0.46634615384615385 0.43509615384615385 0.01201923076923077 0.052884615384615384
2 0.0985576923076923 0.5504807692307693 0.021634615384615384 0.0673076923076923
3 0.11057692307692307 0.3389423076923077 0.009615384615384616 0.03365384615384615
2 0.7584134615384616 0.31971153846153844 0.01201923076923077 0.036057692307692304
0 0.7632211538461539 0.33052884615384615 0.004807692307692308 0.009615384615384616