2 0.3016826923076923 0.35697115384615385 0.016826923076923076 0.04326923076923077
2 0.75 0.43028846153846156 0.01201923076923077 0.04807692307692308
2 0.8737980769230769 0.4567307692307692 0.014423076923076924 0.04567307692307692
2 0.7415865384615384 0.4375 0.01201923076923077 0.04567307692307692
1 0.11778846153846154 0.3894230769230769 0.014423076923076924 0.04567307692307692
2 0.3786057692307692 0.44471153846153844 0.01201923076923077 0.04807692307692308
2 0.26322115384615385 0.3918269230769231 0.01201923076923077 0.040865384615384616
2 0.22716346153846154 0.38341346153846156 0.01201923076923077 0.04567307692307692
2 0.9194711538461539 0.5769230769230769 0.019230769230769232 0.0673076923076923
2 0.4567307692307692 0.5925480769230769 0.021634615384615384 0.057692307692307696
2 0.16346153846153846 0.46875 0.01201923076923077 0.052884615384615384
3 0.3317307692307692 0.38822115384615385 0.014423076923076924 0.04567307692307692
2 0.14543269230769232 0.4362980769230769 0.019230769230769232 0.052884615384615384
2 0.28365384615384615 0.44591346153846156 0.014423076923076924 0.04807692307692308
2 0.7644230769230769 0.43028846153846156 0.009615384615384616 0.04326923076923077
2 0.7199519230769231 0.5012019230769231 0.016826923076923076 0.055288461538461536
2 0.5036057692307693 0.4483173076923077 0.016826923076923076 0.052884615384615384
2 0.8930288461538461 0.5060096153846154 0.019230769230769232 0.057692307692307696
2 0.4338942307692308 0.41586538461538464 0.01201923076923077 0.04567307692307692
2 0.5264423076923077 0.48677884615384615 0.014423076923076924 0.052884615384615384
2 0.9050480769230769 0.6213942307692307 0.026442307692307692 0.07211538461538461
3 0.9002403846153846 0.40024038461538464 0.01201923076923077 0.036057692307692304
2 0.22716346153846154 0.3581730769230769 0.01201923076923077 0.038461538461538464
0 0.21995192307692307 0.36778846153846156 0.004807692307692308 0.009615384615384616