2 0.2620192307692308 0.45072115384615385 0.021634615384615384 0.040865384615384616
2 0.43509615384615385 0.41225961538461536 0.014423076923076924 0.036057692307692304
2 0.23918269230769232 0.4579326923076923 0.019230769230769232 0.04326923076923077
3 0.38100961538461536 0.4879807692307692 0.014423076923076924 0.04567307692307692
2 0.15865384615384615 0.4579326923076923 0.014423076923076924 0.04326923076923077
2 0.41586538461538464 0.4206730769230769 0.016826923076923076 0.038461538461538464
2 0.38100961538461536 0.5084134615384616 0.016826923076923076 0.04807692307692308
2 0.051682692307692304 0.5084134615384616 0.019230769230769232 0.05048076923076923
2 0.6346153846153846 0.4675480769230769 0.01201923076923077 0.04326923076923077
2 0.08533653846153846 0.49038461538461536 0.019230769230769232 0.052884615384615384
2 0.6009615384615384 0.45913461538461536 0.014423076923076924 0.040865384615384616
2 0.8629807692307693 0.7307692307692307 0.021634615384615384 0.07211538461538461
2 0.1935096153846154 0.5420673076923077 0.021634615384615384 0.057692307692307696
2 0.8978365384615384 0.6177884615384616 0.021634615384615384 0.057692307692307696
2 0.5697115384615384 0.5600961538461539 0.016826923076923076 0.055288461538461536
2 0.4050480769230769 0.6105769230769231 0.021634615384615384 0.0625
2 0.8846153846153846 0.7427884615384616 0.02403846153846154 0.07211538461538461
2 0.37740384615384615 0.6045673076923077 0.026442307692307692 0.057692307692307696
2 0.5516826923076923 0.5673076923076923 0.019230769230769232 0.052884615384615384
3 0.8918269230769231 0.9326923076923077 0.028846153846153848 0.0985576923076923
2 0.25721153846153844 0.4375 0.014423076923076924 0.040865384615384616
1 0.3269230769230769 0.4074519230769231 0.021634615384615384 0.038461538461538464
2 0.42427884615384615 0.421875 0.014423076923076924 0.038461538461538464
3 0.5324519230769231 0.35336538461538464 0.01201923076923077 0.03125