3 0.8485576923076923 0.30408653846153844 0.01201923076923077 0.038461538461538464
2 0.6514423076923077 0.31971153846153844 0.014423076923076924 0.03365384615384615
2 0.6394230769230769 0.3233173076923077 0.01201923076923077 0.038461538461538464
2 0.23798076923076922 0.328125 0.009615384615384616 0.038461538461538464
2 0.2800480769230769 0.3389423076923077 0.01201923076923077 0.040865384615384616
2 0.734375 0.3401442307692308 0.01201923076923077 0.038461538461538464
2 0.6189903846153846 0.3449519230769231 0.014423076923076924 0.04326923076923077
1 0.0829326923076923 0.38461538461538464 0.014423076923076924 0.04807692307692308
2 0.2668269230769231 0.3473557692307692 0.009615384615384616 0.04326923076923077
2 0.6394230769230769 0.3870192307692308 0.01201923076923077 0.04567307692307692
3 0.3918269230769231 0.34975961538461536 0.014423076923076924 0.04567307692307692
2 0.4182692307692308 0.34134615384615385 0.009615384615384616 0.040865384615384616
2 0.453125 0.3701923076923077 0.01201923076923077 0.040865384615384616
2 0.36899038461538464 0.3858173076923077 0.014423076923076924 0.04567307692307692
2 0.41225961538461536 0.38341346153846156 0.01201923076923077 0.04807692307692308
2 0.18990384615384615 0.42908653846153844 0.016826923076923076 0.05048076923076923
2 0.2091346153846154 0.453125 0.019230769230769232 0.04807692307692308
2 0.8617788461538461 0.3870192307692308 0.016826923076923076 0.055288461538461536
2 0.5420673076923077 0.421875 0.01201923076923077 0.05048076923076923
2 0.8245192307692307 0.5108173076923077 0.019230769230769232 0.06971153846153846
2 0.8461538461538461 0.45913461538461536 0.014423076923076924 0.0625
2 0.6105769230769231 0.5408653846153846 0.021634615384615384 0.0625