2 0.4375 0.4495192307692308 0.014423076923076924 0.036057692307692304
2 0.22596153846153846 0.39903846153846156 0.01201923076923077 0.038461538461538464
2 0.28966346153846156 0.5240384615384616 0.016826923076923076 0.04326923076923077
2 0.2127403846153846 0.41225961538461536 0.01201923076923077 0.036057692307692304
2 0.28846153846153844 0.48677884615384615 0.01201923076923077 0.040865384615384616
2 0.4987980769230769 0.4735576923076923 0.01201923076923077 0.04567307692307692
3 0.3449519230769231 0.4723557692307692 0.014423076923076924 0.04567307692307692
2 0.28125 0.5564903846153846 0.014423076923076924 0.06009615384615385
2 0.515625 0.5192307692307693 0.019230769230769232 0.04326923076923077
2 0.4963942307692308 0.5228365384615384 0.014423076923076924 0.04567307692307692
2 0.7451923076923077 0.5697115384615384 0.014423076923076924 0.05048076923076923
1 0.8521634615384616 0.5096153846153846 0.014423076923076924 0.04807692307692308
2 0.15264423076923078 0.5588942307692307 0.014423076923076924 0.057692307692307696
2 0.1875 0.46634615384615385 0.01201923076923077 0.04567307692307692
2 0.0985576923076923 0.59375 0.021634615384615384 0.06490384615384616
2 0.2920673076923077 0.7139423076923077 0.019230769230769232 0.06490384615384616
2 0.1502403846153846 0.6490384615384616 0.019230769230769232 0.06490384615384616
2 0.6538461538461539 0.47596153846153844 0.01201923076923077 0.04567307692307692
2 0.5168269230769231 0.6165865384615384 0.019230769230769232 0.06009615384615385
2 0.5997596153846154 0.7259615384615384 0.026442307692307692 0.0673076923076923
3 0.004807692307692308 0.8040865384615384 0.009615384615384616 0.0889423076923077
0 0.6826923076923077 0.5396634615384616 0.007211538461538462 0.014423076923076924
3 0.5793269230769231 0.3713942307692308 0.009615384615384616 0.03125
2 0.4483173076923077 0.390625 0.01201923076923077 0.036057692307692304
2 0.38822115384615385 0.4230769230769231 0.014423076923076924 0.040865384615384616