2 0.5444711538461539 0.45913461538461536 0.010817307692307692 0.03365384615384615
2 0.7475961538461539 0.4266826923076923 0.007211538461538462 0.03485576923076923
2 0.6790865384615384 0.5396634615384616 0.01201923076923077 0.039663461538461536
2 0.7596153846153846 0.43990384615384615 0.008413461538461538 0.03485576923076923
2 0.6826923076923077 0.5048076923076923 0.008413461538461538 0.038461538461538464
2 0.48677884615384615 0.47716346153846156 0.009615384615384616 0.042067307692307696
3 0.6310096153846154 0.48677884615384615 0.010817307692307692 0.04326923076923077
2 0.6862980769230769 0.5709134615384616 0.009615384615384616 0.055288461538461536
2 0.46634615384615385 0.5204326923076923 0.015625 0.039663461538461536
2 0.484375 0.5252403846153846 0.010817307692307692 0.04326923076923077
2 0.24519230769230768 0.5528846153846154 0.009615384615384616 0.04807692307692308
1 0.14783653846153846 0.4891826923076923 0.010817307692307692 0.04447115384615385
2 0.8076923076923077 0.5817307692307693 0.010817307692307692 0.054086538461538464
2 0.7788461538461539 0.49158653846153844 0.008413461538461538 0.04326923076923077
2 0.8557692307692307 0.6177884615384616 0.016826923076923076 0.06129807692307692
2 0.6646634615384616 0.7199519230769231 0.014423076923076924 0.0625
2 0.8028846153846154 0.6670673076923077 0.014423076923076924 0.0625
2 0.33774038461538464 0.4699519230769231 0.007211538461538462 0.042067307692307696
2 0.4579326923076923 0.6117788461538461 0.014423076923076924 0.055288461538461536
2 0.37259615384615385 0.7103365384615384 0.020432692307692308 0.0625
3 0.9399038461538461 0.8257211538461539 0.02283653846153846 0.0829326923076923
0 0.3076923076923077 0.5288461538461539 0.007211538461538462 0.01201923076923077
3 0.41466346153846156 0.3762019230769231 0.008413461538461538 0.028846153846153848
2 0.5372596153846154 0.40384615384615385 0.008413461538461538 0.03365384615384615
2 0.5925480769230769 0.4375 0.009615384615384616 0.038461538461538464