2 0.6057692307692307 0.4519230769230769 0.009615384615384616 0.028846153846153848
1 0.23317307692307693 0.46634615384615385 0.01201923076923077 0.040865384615384616
2 0.4735576923076923 0.4182692307692308 0.01201923076923077 0.03365384615384615
2 0.578125 0.46274038461538464 0.009615384615384616 0.03365384615384615
2 0.25961538461538464 0.5300480769230769 0.01201923076923077 0.04807692307692308
2 0.5060096153846154 0.4891826923076923 0.01201923076923077 0.036057692307692304
2 0.3942307692307692 0.45552884615384615 0.016826923076923076 0.04326923076923077
2 0.35096153846153844 0.5132211538461539 0.014423076923076924 0.04326923076923077
2 0.7391826923076923 0.4567307692307692 0.016826923076923076 0.036057692307692304
2 0.5480769230769231 0.4963942307692308 0.01201923076923077 0.04567307692307692
2 0.9074519230769231 0.546875 0.014423076923076924 0.052884615384615384
2 0.23317307692307693 0.5528846153846154 0.019230769230769232 0.04807692307692308
2 0.3473557692307692 0.5985576923076923 0.019230769230769232 0.052884615384615384
2 0.8978365384615384 0.5685096153846154 0.014423076923076924 0.06009615384615385
2 0.734375 0.6286057692307693 0.026442307692307692 0.06009615384615385
2 0.5661057692307693 0.6550480769230769 0.016826923076923076 0.055288461538461536
2 0.9014423076923077 0.4795673076923077 0.019230769230769232 0.040865384615384616
2 0.06009615384615385 0.6574519230769231 0.016826923076923076 0.057692307692307696
3 0.9867788461538461 0.8737980769230769 0.026442307692307692 0.0985576923076923
3 0.46033653846153844 0.3762019230769231 0.007211538461538462 0.03365384615384615
2 0.3545673076923077 0.46634615384615385 0.01201923076923077 0.04567307692307692
2 0.36177884615384615 0.45552884615384615 0.01201923076923077 0.04807692307692308
0 0.6814903846153846 0.4855769230769231 0.007211538461538462 0.01201923076923077
2 0.7427884615384616 0.4495192307692308 0.01201923076923077 0.036057692307692304