2 0.7355769230769231 0.40865384615384615 0.014423076923076924 0.026442307692307692
0 0.921875 0.5072115384615384 0.007211538461538462 0.009615384615384616
2 0.7259615384615384 0.4411057692307692 0.02403846153846154 0.04326923076923077
2 0.3954326923076923 0.3545673076923077 0.019230769230769232 0.040865384615384616
2 0.5168269230769231 0.4170673076923077 0.019230769230769232 0.038461538461538464
2 0.703125 0.40024038461538464 0.016826923076923076 0.04326923076923077
2 0.6887019230769231 0.44711538461538464 0.02403846153846154 0.052884615384615384
2 0.4110576923076923 0.3581730769230769 0.019230769230769232 0.04807692307692308
2 0.34134615384615385 0.4206730769230769 0.02403846153846154 0.055288461538461536
2 0.47836538461538464 0.3954326923076923 0.019230769230769232 0.04567307692307692
2 0.3269230769230769 0.42788461538461536 0.019230769230769232 0.055288461538461536
2 0.4423076923076923 0.38461538461538464 0.02403846153846154 0.052884615384615384
2 0.38461538461538464 0.36538461538461536 0.019230769230769232 0.05048076923076923
2 0.12139423076923077 0.32091346153846156 0.021634615384615384 0.055288461538461536
2 0.6153846153846154 0.46274038461538464 0.028846153846153848 0.057692307692307696
2 0.9603365384615384 0.5 0.021634615384615384 0.052884615384615384
2 0.6286057692307693 0.5600961538461539 0.026442307692307692 0.06490384615384616
2 0.71875 0.53125 0.028846153846153848 0.06009615384615385
3 0.7668269230769231 0.9230769230769231 0.038461538461538464 0.10336538461538461
3 0.4879807692307692 0.4483173076923077 0.02403846153846154 0.057692307692307696
2 0.7127403846153846 0.6310096153846154 0.03365384615384615 0.06971153846153846
3 0.4831730769230769 0.2920673076923077 0.014423076923076924 0.038461538461538464
2 0.4723557692307692 0.3329326923076923 0.02403846153846154 0.04567307692307692
2 0.3449519230769231 0.40024038461538464 0.02403846153846154 0.055288461538461536
2 0.5192307692307693 0.4050480769230769 0.021634615384615384 0.05048076923076923