2 0.48677884615384615 0.3125 0.014423076923076924 0.04567307692307692
2 0.6081730769230769 0.30408653846153844 0.014423076923076924 0.040865384615384616
3 0.2548076923076923 0.27884615384615385 0.01201923076923077 0.04326923076923077
2 0.5925480769230769 0.3317307692307692 0.01201923076923077 0.04326923076923077
2 0.6286057692307693 0.3293269230769231 0.014423076923076924 0.04326923076923077
2 0.5420673076923077 0.3076923076923077 0.014423076923076924 0.038461538461538464
2 0.34375 0.3125 0.014423076923076924 0.04326923076923077
2 0.5144230769230769 0.3401442307692308 0.016826923076923076 0.04326923076923077
3 0.6057692307692307 0.37740384615384615 0.014423076923076924 0.06009615384615385
2 0.7572115384615384 0.35336538461538464 0.016826923076923076 0.052884615384615384
2 0.7067307692307693 0.390625 0.016826923076923076 0.052884615384615384
2 0.8149038461538461 0.43028846153846156 0.019230769230769232 0.0625
2 0.3870192307692308 0.35216346153846156 0.016826923076923076 0.055288461538461536
2 0.7307692307692307 0.3918269230769231 0.016826923076923076 0.055288461538461536
2 0.40865384615384615 0.7391826923076923 0.026442307692307692 0.09615384615384616
2 0.8653846153846154 0.5216346153846154 0.021634615384615384 0.07211538461538461
2 0.4807692307692308 0.4362980769230769 0.016826923076923076 0.06009615384615385
2 0.14903846153846154 0.484375 0.019230769230769232 0.07451923076923077
2 0.8353365384615384 0.5180288461538461 0.03365384615384615 0.07932692307692307
2 0.7740384615384616 0.71875 0.019230769230769232 0.09134615384615384
2 0.22716346153846154 0.3641826923076923 0.014423076923076924 0.0625
2 0.6418269230769231 0.5084134615384616 0.02403846153846154 0.06971153846153846
0 0.5805288461538461 0.33774038461538464 0.004807692307692308 0.01201923076923077