2 0.53125 0.3425480769230769 0.014423076923076924 0.03365384615384615
2 0.36177884615384615 0.39663461538461536 0.016826923076923076 0.040865384615384616
2 0.609375 0.3629807692307692 0.016826923076923076 0.038461538461538464
2 0.37740384615384615 0.40865384615384615 0.014423076923076924 0.04567307692307692
2 0.38221153846153844 0.44711538461538464 0.014423076923076924 0.04567307692307692
2 0.4206730769230769 0.4543269230769231 0.026442307692307692 0.052884615384615384
2 0.4206730769230769 0.4963942307692308 0.02403846153846154 0.055288461538461536
2 0.30649038461538464 0.5300480769230769 0.021634615384615384 0.055288461538461536
2 0.6322115384615384 0.3954326923076923 0.019230769230769232 0.04567307692307692
2 0.3713942307692308 0.4807692307692308 0.026442307692307692 0.055288461538461536
3 0.45072115384615385 0.47475961538461536 0.019230769230769232 0.052884615384615384
1 0.8329326923076923 0.3762019230769231 0.019230769230769232 0.04807692307692308
1 0.055288461538461536 0.4951923076923077 0.021634615384615384 0.055288461538461536
2 0.578125 0.5084134615384616 0.019230769230769232 0.055288461538461536
3 0.8557692307692307 0.7776442307692307 0.04326923076923077 0.10096153846153846
2 0.7776442307692307 0.5360576923076923 0.02403846153846154 0.0673076923076923
0 0.8305288461538461 0.3918269230769231 0.007211538461538462 0.009615384615384616
2 0.6057692307692307 0.3449519230769231 0.014423076923076924 0.036057692307692304
2 0.34975961538461536 0.4411057692307692 0.016826923076923076 0.04567307692307692
2 0.3269230769230769 0.43990384615384615 0.016826923076923076 0.038461538461538464
2 0.3401442307692308 0.4387019230769231 0.016826923076923076 0.04567307692307692
2 0.3317307692307692 0.42427884615384615 0.014423076923076924 0.04326923076923077
2 0.3329326923076923 0.48197115384615385 0.019230769230769232 0.04807692307692308
2 0.3245192307692308 0.47475961538461536 0.016826923076923076 0.04326923076923077
2 0.31850961538461536 0.45552884615384615 0.014423076923076924 0.038461538461538464
3 0.3762019230769231 0.3485576923076923 0.01201923076923077 0.028846153846153848