0 0.41225961538461536 0.4579326923076923 0.007211538461538462 0.01201923076923077
2 0.6165865384615384 0.3173076923076923 0.016826923076923076 0.04807692307692308
2 0.7524038461538461 0.33413461538461536 0.021634615384615384 0.052884615384615384
2 0.6502403846153846 0.30649038461538464 0.016826923076923076 0.04567307692307692
2 0.7367788461538461 0.3161057692307692 0.016826923076923076 0.04807692307692308
2 0.5072115384615384 0.4014423076923077 0.02403846153846154 0.06009615384615385
2 0.375 0.390625 0.026442307692307692 0.052884615384615384
2 0.5480769230769231 0.33653846153846156 0.019230769230769232 0.052884615384615384
2 0.4230769230769231 0.42908653846153844 0.02403846153846154 0.05048076923076923
2 0.5961538461538461 0.39663461538461536 0.021634615384615384 0.055288461538461536
2 0.6538461538461539 0.4098557692307692 0.026442307692307692 0.06009615384615385
2 0.15745192307692307 0.45552884615384615 0.026442307692307692 0.06490384615384616
2 0.7992788461538461 0.3762019230769231 0.019230769230769232 0.0625
2 0.5673076923076923 0.36177884615384615 0.021634615384615384 0.06009615384615385
2 0.5384615384615384 0.5997596153846154 0.03125 0.07451923076923077
2 0.7944711538461539 0.4182692307692308 0.026442307692307692 0.06971153846153846
2 0.6862980769230769 0.3762019230769231 0.02403846153846154 0.06009615384615385
3 0.46634615384615385 0.4230769230769231 0.03365384615384615 0.057692307692307696
2 0.140625 0.6033653846153846 0.036057692307692304 0.07932692307692307
2 0.375 0.59375 0.038461538461538464 0.07451923076923077
2 0.0625 0.5745192307692307 0.036057692307692304 0.07451923076923077
2 0.7632211538461539 0.5132211538461539 0.036057692307692304 0.06971153846153846
3 0.6574519230769231 0.2644230769230769 0.016826923076923076 0.04326923076923077