2 0.24879807692307693 0.375 0.009615384615384616 0.028846153846153848
0 0.037259615384615384 0.44711538461538464 0.007211538461538462 0.01201923076923077
2 0.2536057692307692 0.4110576923076923 0.019230769230769232 0.04326923076923077
2 0.6165865384615384 0.3762019230769231 0.014423076923076924 0.04326923076923077
2 0.47836538461538464 0.4206730769230769 0.014423076923076924 0.040865384615384616
2 0.2848557692307692 0.3713942307692308 0.01201923076923077 0.04567307692307692
2 0.2932692307692308 0.4230769230769231 0.016826923076923076 0.055288461538461536
2 0.5997596153846154 0.375 0.01201923076923077 0.04807692307692308
2 0.6634615384615384 0.453125 0.016826923076923076 0.057692307692307696
2 0.5216346153846154 0.40384615384615385 0.01201923076923077 0.04807692307692308
2 0.6778846153846154 0.4639423076923077 0.01201923076923077 0.057692307692307696
2 0.5625 0.39903846153846156 0.014423076923076924 0.055288461538461536
2 0.6274038461538461 0.3870192307692308 0.01201923076923077 0.055288461538461536
2 0.9122596153846154 0.3858173076923077 0.01201923076923077 0.057692307692307696
2 0.36899038461538464 0.4519230769230769 0.021634615384615384 0.06009615384615385
2 0.002403846153846154 0.43149038461538464 0.004807692307692308 0.055288461538461536
2 0.33653846153846156 0.5528846153846154 0.016826923076923076 0.06971153846153846
2 0.24759615384615385 0.5060096153846154 0.021634615384615384 0.0625
3 0.13221153846153846 0.9122596153846154 0.026442307692307692 0.10817307692307693
3 0.5048076923076923 0.45913461538461536 0.016826923076923076 0.06009615384615385
2 0.23798076923076922 0.6141826923076923 0.026442307692307692 0.06971153846153846
3 0.5348557692307693 0.29447115384615385 0.01201923076923077 0.04326923076923077
2 0.5396634615384616 0.3389423076923077 0.019230769230769232 0.04807692307692308
2 0.6634615384615384 0.43149038461538464 0.016826923076923076 0.057692307692307696
2 0.47836538461538464 0.4074519230769231 0.014423076923076924 0.052884615384615384