3 0.8401442307692307 0.3125 0.01201923076923077 0.036057692307692304
2 0.6442307692307693 0.3293269230769231 0.014423076923076924 0.03365384615384615
2 0.6322115384615384 0.3317307692307692 0.01201923076923077 0.038461538461538464
2 0.23317307692307693 0.33653846153846156 0.009615384615384616 0.038461538461538464
2 0.27403846153846156 0.3485576923076923 0.01201923076923077 0.040865384615384616
2 0.7271634615384616 0.3485576923076923 0.01201923076923077 0.038461538461538464
2 0.6129807692307693 0.35336538461538464 0.014423076923076924 0.040865384615384616
1 0.07692307692307693 0.39302884615384615 0.014423076923076924 0.04807692307692308
2 0.2608173076923077 0.3557692307692308 0.009615384615384616 0.04326923076923077
2 0.6322115384615384 0.3954326923076923 0.01201923076923077 0.04567307692307692
3 0.3870192307692308 0.359375 0.014423076923076924 0.04567307692307692
2 0.4110576923076923 0.35096153846153844 0.009615384615384616 0.040865384615384616
2 0.44711538461538464 0.3786057692307692 0.01201923076923077 0.040865384615384616
2 0.3629807692307692 0.3942307692307692 0.014423076923076924 0.04567307692307692
2 0.4050480769230769 0.3918269230769231 0.01201923076923077 0.04807692307692308
2 0.18389423076923078 0.4387019230769231 0.016826923076923076 0.05048076923076923
2 0.203125 0.46153846153846156 0.019230769230769232 0.04807692307692308
2 0.8533653846153846 0.39663461538461536 0.016826923076923076 0.055288461538461536
2 0.5348557692307693 0.43028846153846156 0.01201923076923077 0.05048076923076923
2 0.8161057692307693 0.5180288461538461 0.019230769230769232 0.06971153846153846
2 0.8365384615384616 0.4675480769230769 0.014423076923076924 0.0625
2 0.6033653846153846 0.5492788461538461 0.021634615384615384 0.0625