2 0.4567307692307692 0.36658653846153844 0.019230769230769232 0.038461538461538464
2 0.7776442307692307 0.3557692307692308 0.019230769230769232 0.04567307692307692
2 0.4338942307692308 0.38341346153846156 0.016826923076923076 0.04326923076923077
2 0.3233173076923077 0.4891826923076923 0.021634615384615384 0.052884615384615384
2 0.9362980769230769 0.49278846153846156 0.02403846153846154 0.06490384615384616
2 0.9375 0.46274038461538464 0.02403846153846154 0.06490384615384616
2 0.17427884615384615 0.5973557692307693 0.026442307692307692 0.052884615384615384
2 0.39663461538461536 0.40384615384615385 0.014423076923076924 0.04567307692307692
2 0.12620192307692307 0.6370192307692307 0.03125 0.0673076923076923
2 0.5408653846153846 0.41466346153846156 0.016826923076923076 0.04567307692307692
2 0.7211538461538461 0.49759615384615385 0.021634615384615384 0.06490384615384616
2 0.3485576923076923 0.5637019230769231 0.02403846153846154 0.06009615384615385
2 0.703125 0.35697115384615385 0.014423076923076924 0.04567307692307692
2 0.2620192307692308 0.6466346153846154 0.026442307692307692 0.0625
3 0.4723557692307692 0.46634615384615385 0.021634615384615384 0.055288461538461536
2 0.9134615384615384 0.5144230769230769 0.02403846153846154 0.0673076923076923
2 0.4495192307692308 0.5649038461538461 0.021634615384615384 0.0625
2 0.7091346153846154 0.5132211538461539 0.03125 0.0625
2 0.4723557692307692 0.6165865384615384 0.03125 0.0673076923076923
2 0.28365384615384615 0.6418269230769231 0.021634615384615384 0.06490384615384616
2 0.5240384615384616 0.6394230769230769 0.03125 0.07692307692307693
1 0.27283653846153844 0.39302884615384615 0.019230769230769232 0.04567307692307692
0 0.1310096153846154 0.6153846153846154 0.007211538461538462 0.01201923076923077
3 0.5384615384615384 0.27283653846153844 0.01201923076923077 0.03125