2 0.5673076923076923 0.31850961538461536 0.016826923076923076 0.036057692307692304
2 0.3701923076923077 0.3137019230769231 0.019230769230769232 0.04567307692307692
2 0.6418269230769231 0.36899038461538464 0.019230769230769232 0.04326923076923077
2 0.38341346153846156 0.3329326923076923 0.016826923076923076 0.04807692307692308
2 0.3737980769230769 0.375 0.016826923076923076 0.05048076923076923
2 0.41225961538461536 0.39663461538461536 0.028846153846153848 0.06009615384615385
2 0.3954326923076923 0.43990384615384615 0.026442307692307692 0.06009615384615385
2 0.265625 0.4338942307692308 0.02403846153846154 0.06009615384615385
2 0.6538461538461539 0.4098557692307692 0.021634615384615384 0.05048076923076923
2 0.35096153846153844 0.4050480769230769 0.03125 0.0625
3 0.4362980769230769 0.42788461538461536 0.021634615384615384 0.06009615384615385
1 0.8701923076923077 0.4639423076923077 0.021634615384615384 0.052884615384615384
2 0.5552884615384616 0.5084134615384616 0.021634615384615384 0.0625
3 0.75 0.8894230769230769 0.05048076923076923 0.11298076923076923
2 0.7536057692307693 0.6105769230769231 0.028846153846153848 0.07451923076923077
0 0.8617788461538461 0.47836538461538464 0.007211538461538462 0.01201923076923077
2 0.6442307692307693 0.3485576923076923 0.016826923076923076 0.040865384615384616
2 0.34134615384615385 0.35697115384615385 0.021634615384615384 0.052884615384615384
2 0.31971153846153844 0.3473557692307692 0.019230769230769232 0.04326923076923077
2 0.3329326923076923 0.35096153846153844 0.019230769230769232 0.05048076923076923
2 0.3293269230769231 0.3329326923076923 0.016826923076923076 0.04567307692307692
2 0.3088942307692308 0.39302884615384615 0.02403846153846154 0.052884615384615384
2 0.30408653846153844 0.38221153846153844 0.019230769230769232 0.04567307692307692
2 0.30408653846153844 0.36177884615384615 0.016826923076923076 0.04326923076923077
3 0.4026442307692308 0.2692307692307692 0.01201923076923077 0.03365384615384615