2 0.4483173076923077 0.3545673076923077 0.01201923076923077 0.037259615384615384
2 0.3233173076923077 0.40384615384615385 0.009615384615384616 0.038461538461538464
2 0.3161057692307692 0.4254807692307692 0.009615384615384616 0.03485576923076923
2 0.28966346153846156 0.40024038461538464 0.009615384615384616 0.042067307692307696
2 0.4423076923076923 0.3870192307692308 0.010817307692307692 0.042067307692307696
2 0.6670673076923077 0.375 0.009615384615384616 0.038461538461538464
3 0.8774038461538461 0.3629807692307692 0.010817307692307692 0.038461538461538464
2 0.3317307692307692 0.34975961538461536 0.007211538461538462 0.038461538461538464
1 0.15504807692307693 0.39302884615384615 0.009615384615384616 0.042067307692307696
2 0.828125 0.44711538461538464 0.008413461538461538 0.04567307692307692
2 0.24158653846153846 0.43509615384615385 0.009615384615384616 0.046875
2 0.2608173076923077 0.4266826923076923 0.009615384615384616 0.046875
2 0.6105769230769231 0.36538461538461536 0.007211538461538462 0.038461538461538464
2 0.875 0.44350961538461536 0.019230769230769232 0.055288461538461536
2 0.5625 0.4230769230769231 0.013221153846153846 0.046875
3 0.47836538461538464 0.38221153846153844 0.014423076923076924 0.040865384615384616
2 0.17548076923076922 0.4675480769230769 0.01201923076923077 0.057692307692307696
2 0.3762019230769231 0.36899038461538464 0.009615384615384616 0.042067307692307696
2 0.6310096153846154 0.4495192307692308 0.014423076923076924 0.046875
2 0.8233173076923077 0.47716346153846156 0.01201923076923077 0.05048076923076923
2 0.5492788461538461 0.5649038461538461 0.026442307692307692 0.057692307692307696
2 0.3004807692307692 0.45072115384615385 0.016826923076923076 0.04807692307692308
2 0.44471153846153844 0.3389423076923077 0.008413461538461538 0.03245192307692308