2 0.38341346153846156 0.47596153846153844 0.014423076923076924 0.028846153846153848
1 0.7596153846153846 0.43149038461538464 0.016826923076923076 0.040865384615384616
2 0.5096153846153846 0.421875 0.016826923076923076 0.03365384615384615
2 0.41225961538461536 0.4831730769230769 0.014423076923076924 0.03365384615384615
2 0.7427884615384616 0.5 0.016826923076923076 0.05048076923076923
2 0.4891826923076923 0.4987980769230769 0.016826923076923076 0.036057692307692304
2 0.5961538461538461 0.44711538461538464 0.019230769230769232 0.04326923076923077
2 0.6478365384615384 0.49759615384615385 0.016826923076923076 0.04326923076923077
2 0.24879807692307693 0.5036057692307693 0.019230769230769232 0.036057692307692304
2 0.4483173076923077 0.5108173076923077 0.016826923076923076 0.04807692307692308
2 0.09495192307692307 0.6201923076923077 0.019230769230769232 0.052884615384615384
2 0.7728365384615384 0.5192307692307693 0.021634615384615384 0.04807692307692308
2 0.6658653846153846 0.5841346153846154 0.02403846153846154 0.055288461538461536
2 0.10817307692307693 0.6418269230769231 0.019230769230769232 0.06009615384615385
2 0.2800480769230769 0.6742788461538461 0.03125 0.0625
2 0.45552884615384615 0.6742788461538461 0.021634615384615384 0.057692307692307696
2 0.09134615384615384 0.5516826923076923 0.021634615384615384 0.04326923076923077
2 0.9627403846153846 0.5973557692307693 0.021634615384615384 0.06009615384615385
3 0.06370192307692307 0.9555288461538461 0.036057692307692304 0.0889423076923077
3 0.515625 0.3786057692307692 0.01201923076923077 0.036057692307692304
2 0.6370192307692307 0.4519230769230769 0.016826923076923076 0.04567307692307692
2 0.6286057692307693 0.4423076923076923 0.016826923076923076 0.04807692307692308
0 0.3112980769230769 0.5216346153846154 0.007211538461538462 0.01201923076923077
2 0.2439903846153846 0.4963942307692308 0.014423076923076924 0.038461538461538464