2 0.5240384615384616 0.4675480769230769 0.01201923076923077 0.03365384615384615
2 0.5588942307692307 0.49399038461538464 0.014423076923076924 0.040865384615384616
2 0.35096153846153844 0.5276442307692307 0.01201923076923077 0.040865384615384616
2 0.234375 0.5204326923076923 0.01201923076923077 0.04326923076923077
1 0.8497596153846154 0.5 0.01201923076923077 0.04567307692307692
2 0.8677884615384616 0.5564903846153846 0.014423076923076924 0.040865384615384616
2 0.34134615384615385 0.5805288461538461 0.01201923076923077 0.04807692307692308
2 0.5276442307692307 0.5324519230769231 0.01201923076923077 0.04326923076923077
2 0.6862980769230769 0.4651442307692308 0.009615384615384616 0.038461538461538464
2 0.2127403846153846 0.6129807692307693 0.016826923076923076 0.05048076923076923
2 0.6153846153846154 0.5612980769230769 0.016826923076923076 0.04567307692307692
3 0.47115384615384615 0.5072115384615384 0.01201923076923077 0.040865384615384616
2 0.2920673076923077 0.5697115384615384 0.009615384615384616 0.04567307692307692
2 0.7295673076923077 0.6971153846153846 0.014423076923076924 0.06009615384615385
2 0.6778846153846154 0.6165865384615384 0.01201923076923077 0.052884615384615384
2 0.26322115384615385 0.6971153846153846 0.014423076923076924 0.06009615384615385
2 0.41225961538461536 0.7355769230769231 0.016826923076923076 0.0625
2 0.12259615384615384 0.6550480769230769 0.016826923076923076 0.057692307692307696
3 0.12980769230769232 0.8305288461538461 0.02403846153846154 0.07451923076923077
0 0.8557692307692307 0.578125 0.009615384615384616 0.014423076923076924
3 0.6129807692307693 0.38822115384615385 0.009615384615384616 0.026442307692307692
2 0.5048076923076923 0.42908653846153844 0.01201923076923077 0.03365384615384615
2 0.45072115384615385 0.45552884615384615 0.01201923076923077 0.036057692307692304
2 0.2800480769230769 0.46634615384615385 0.01201923076923077 0.036057692307692304
2 0.2848557692307692 0.47115384615384615 0.009615384615384616 0.03365384615384615