2 0.7055288461538461 0.33653846153846156 0.014423076923076924 0.026442307692307692
0 0.9230769230769231 0.36778846153846156 0.007211538461538462 0.01201923076923077
2 0.7067307692307693 0.37259615384615385 0.02403846153846154 0.04326923076923077
2 0.35216346153846156 0.4050480769230769 0.019230769230769232 0.04326923076923077
2 0.49399038461538464 0.4230769230769231 0.019230769230769232 0.040865384615384616
2 0.6706730769230769 0.3401442307692308 0.016826923076923076 0.04567307692307692
2 0.6742788461538461 0.390625 0.021634615384615384 0.055288461538461536
2 0.36899038461538464 0.4026442307692308 0.016826923076923076 0.04807692307692308
2 0.3233173076923077 0.4891826923076923 0.02403846153846154 0.057692307692307696
2 0.4483173076923077 0.41586538461538464 0.016826923076923076 0.04807692307692308
2 0.31009615384615385 0.5024038461538461 0.019230769230769232 0.055288461538461536
2 0.40865384615384615 0.4182692307692308 0.021634615384615384 0.055288461538461536
2 0.3449519230769231 0.4182692307692308 0.019230769230769232 0.052884615384615384
2 0.07091346153846154 0.47115384615384615 0.019230769230769232 0.055288461538461536
2 0.6057692307692307 0.43149038461538464 0.028846153846153848 0.06009615384615385
2 0.9579326923076923 0.34615384615384615 0.021634615384615384 0.055288461538461536
2 0.6550480769230769 0.5228365384615384 0.02403846153846154 0.06971153846153846
2 0.7331730769230769 0.46274038461538464 0.028846153846153848 0.0625
3 0.9194711538461539 0.8305288461538461 0.038461538461538464 0.10817307692307693
3 0.47596153846153844 0.4651442307692308 0.02403846153846154 0.06009615384615385
2 0.7620192307692307 0.5637019230769231 0.03365384615384615 0.07211538461538461
3 0.41586538461538464 0.3125 0.016826923076923076 0.040865384615384616
2 0.41947115384615385 0.3557692307692308 0.02403846153846154 0.04807692307692308
2 0.31850961538461536 0.4675480769230769 0.02403846153846154 0.057692307692307696
2 0.49158653846153844 0.4098557692307692 0.019230769230769232 0.052884615384615384