2 0.43509615384615385 0.30649038461538464 0.016826923076923076 0.04326923076923077
2 0.7788461538461539 0.39903846153846156 0.016826923076923076 0.055288461538461536
2 0.6622596153846154 0.35336538461538464 0.016826923076923076 0.04567307692307692
2 0.39903846153846156 0.28846153846153844 0.021634615384615384 0.04807692307692308
2 0.4182692307692308 0.35096153846153844 0.019230769230769232 0.05048076923076923
2 0.23317307692307693 0.27884615384615385 0.016826923076923076 0.04807692307692308
2 0.7067307692307693 0.4110576923076923 0.019230769230769232 0.055288461538461536
2 0.6971153846153846 0.45552884615384615 0.021634615384615384 0.055288461538461536
2 0.4387019230769231 0.36177884615384615 0.019230769230769232 0.055288461538461536
1 0.09975961538461539 0.28125 0.021634615384615384 0.052884615384615384
2 0.6370192307692307 0.3918269230769231 0.021634615384615384 0.057692307692307696
2 0.8665865384615384 0.46634615384615385 0.02403846153846154 0.0625
2 0.5048076923076923 0.35096153846153844 0.016826923076923076 0.05048076923076923
3 0.5324519230769231 0.40625 0.019230769230769232 0.06009615384615385
2 0.12379807692307693 0.39663461538461536 0.019230769230769232 0.0673076923076923
2 0.8942307692307693 0.5360576923076923 0.02403846153846154 0.07451923076923077
2 0.8221153846153846 0.5769230769230769 0.028846153846153848 0.06971153846153846
2 0.3269230769230769 0.39663461538461536 0.02403846153846154 0.0673076923076923
2 0.8485576923076923 0.5444711538461539 0.028846153846153848 0.07692307692307693
2 0.6574519230769231 0.5060096153846154 0.021634615384615384 0.0673076923076923
2 0.48197115384615385 0.5036057692307693 0.028846153846153848 0.0673076923076923
2 0.31009615384615385 0.515625 0.02403846153846154 0.07451923076923077
0 0.234375 0.30288461538461536 0.007211538461538462 0.01201923076923077
3 0.8834134615384616 0.36658653846153844 0.016826923076923076 0.05048076923076923