3 0.3870192307692308 0.2920673076923077 0.016826923076923076 0.04807692307692308
2 0.7283653846153846 0.38822115384615385 0.016826923076923076 0.04807692307692308
2 0.8149038461538461 0.41947115384615385 0.019230769230769232 0.057692307692307696
2 0.6454326923076923 0.4230769230769231 0.021634615384615384 0.0625
2 0.6141826923076923 0.41225961538461536 0.02403846153846154 0.055288461538461536
2 0.7908653846153846 0.5348557692307693 0.026442307692307692 0.07211538461538461
2 0.47836538461538464 0.33413461538461536 0.02403846153846154 0.04807692307692308
2 0.42908653846153844 0.4338942307692308 0.019230769230769232 0.057692307692307696
2 0.6983173076923077 0.4579326923076923 0.019230769230769232 0.06009615384615385
3 0.75 0.4891826923076923 0.021634615384615384 0.07211538461538461
2 0.7728365384615384 0.5504807692307693 0.02403846153846154 0.07932692307692307
2 0.4675480769230769 0.5144230769230769 0.03125 0.08413461538461539
2 0.17067307692307693 0.53125 0.028846153846153848 0.08653846153846154
2 0.9350961538461539 0.6286057692307693 0.03125 0.09134615384615384
2 0.32091346153846156 0.42427884615384615 0.03125 0.07211538461538461
2 0.375 0.8137019230769231 0.03365384615384615 0.11298076923076923
2 0.49759615384615385 0.5240384615384616 0.026442307692307692 0.07692307692307693
2 0.8810096153846154 0.5060096153846154 0.028846153846153848 0.07451923076923077
2 0.9615384615384616 0.6045673076923077 0.03125 0.08413461538461539
2 0.8810096153846154 0.7548076923076923 0.038461538461538464 0.0985576923076923
2 0.7079326923076923 0.7091346153846154 0.03125 0.0985576923076923
2 0.9591346153846154 0.7175480769230769 0.03365384615384615 0.09615384615384616
0 0.43509615384615385 0.40384615384615385 0.007211538461538462 0.01201923076923077