2 0.6778846153846154 0.3125 0.019230769230769232 0.040865384615384616
2 0.28365384615384615 0.42788461538461536 0.016826923076923076 0.04326923076923077
2 0.17307692307692307 0.4639423076923077 0.019230769230769232 0.04326923076923077
2 0.29086538461538464 0.4326923076923077 0.016826923076923076 0.040865384615384616
1 0.8473557692307693 0.31971153846153844 0.019230769230769232 0.04326923076923077
2 0.6177884615384616 0.39903846153846156 0.016826923076923076 0.04326923076923077
2 0.7163461538461539 0.3389423076923077 0.014423076923076924 0.038461538461538464
2 0.7475961538461539 0.328125 0.016826923076923076 0.040865384615384616
2 0.14543269230769232 0.578125 0.02403846153846154 0.0625
2 0.5625 0.5408653846153846 0.02403846153846154 0.052884615384615384
2 0.8137019230769231 0.39783653846153844 0.019230769230769232 0.04807692307692308
3 0.6538461538461539 0.34375 0.016826923076923076 0.040865384615384616
2 0.8257211538461539 0.36658653846153844 0.021634615384615384 0.05048076923076923
2 0.7043269230769231 0.390625 0.016826923076923076 0.04326923076923077
2 0.2692307692307692 0.42908653846153844 0.014423076923076924 0.038461538461538464
2 0.3161057692307692 0.4879807692307692 0.019230769230769232 0.05048076923076923
2 0.5060096153846154 0.4170673076923077 0.021634615384615384 0.05048076923076923
2 0.1622596153846154 0.5108173076923077 0.02403846153846154 0.052884615384615384
2 0.5649038461538461 0.3798076923076923 0.016826923076923076 0.040865384615384616
2 0.49038461538461536 0.4543269230769231 0.019230769230769232 0.04807692307692308
2 0.16346153846153846 0.6153846153846154 0.03125 0.0673076923076923
3 0.14423076923076922 0.4170673076923077 0.014423076923076924 0.03365384615384615
2 0.7451923076923077 0.30408653846153844 0.014423076923076924 0.03365384615384615
0 0.7512019230769231 0.3137019230769231 0.007211538461538462 0.007211538461538462