2 0.7067307692307693 0.34975961538461536 0.01201923076923077 0.038461538461538464
2 0.3004807692307692 0.3870192307692308 0.007211538461538462 0.042067307692307696
2 0.18629807692307693 0.4014423076923077 0.010817307692307692 0.040865384615384616
2 0.30649038461538464 0.39302884615384615 0.008413461538461538 0.039663461538461536
1 0.8701923076923077 0.3894230769230769 0.010817307692307692 0.040865384615384616
2 0.6322115384615384 0.421875 0.008413461538461538 0.042067307692307696
2 0.7379807692307693 0.38221153846153844 0.008413461538461538 0.037259615384615384
2 0.7704326923076923 0.37740384615384615 0.008413461538461538 0.040865384615384616
2 0.13701923076923078 0.5072115384615384 0.013221153846153846 0.06009615384615385
2 0.5516826923076923 0.5504807692307693 0.015625 0.05048076923076923
2 0.8233173076923077 0.4579326923076923 0.008413461538461538 0.046875
3 0.6766826923076923 0.375 0.009615384615384616 0.039663461538461536
2 0.8413461538461539 0.43028846153846156 0.013221153846153846 0.046875
2 0.7175480769230769 0.43028846153846156 0.009615384615384616 0.042067307692307696
2 0.2860576923076923 0.3858173076923077 0.007211538461538462 0.038461538461538464
2 0.32091346153846156 0.4519230769230769 0.010817307692307692 0.04927884615384615
2 0.5192307692307693 0.4182692307692308 0.01201923076923077 0.04807692307692308
2 0.16466346153846154 0.44471153846153844 0.013221153846153846 0.05048076923076923
2 0.5841346153846154 0.39302884615384615 0.008413461538461538 0.039663461538461536
2 0.4963942307692308 0.4519230769230769 0.008413461538461538 0.04807692307692308
2 0.14783653846153846 0.5480769230769231 0.019230769230769232 0.0625
3 0.16706730769230768 0.35096153846153844 0.008413461538461538 0.03245192307692308
2 0.7740384615384616 0.3545673076923077 0.008413461538461538 0.03365384615384615
0 0.7788461538461539 0.3641826923076923 0.004807692307692308 0.007211538461538462