2 0.2824519230769231 0.49399038461538464 0.019230769230769232 0.040865384615384616
2 0.4423076923076923 0.41586538461538464 0.01201923076923077 0.036057692307692304
2 0.2620192307692308 0.5060096153846154 0.016826923076923076 0.040865384615384616
3 0.4074519230769231 0.5036057692307693 0.01201923076923077 0.04567307692307692
2 0.18269230769230768 0.5240384615384616 0.01201923076923077 0.04326923076923077
2 0.4254807692307692 0.42788461538461536 0.014423076923076924 0.038461538461538464
2 0.4110576923076923 0.5228365384615384 0.014423076923076924 0.04807692307692308
2 0.0889423076923077 0.5973557692307693 0.016826923076923076 0.05048076923076923
2 0.6502403846153846 0.4254807692307692 0.01201923076923077 0.04326923076923077
2 0.11778846153846154 0.5721153846153846 0.016826923076923076 0.052884615384615384
2 0.6153846153846154 0.42427884615384615 0.01201923076923077 0.040865384615384616
2 0.9338942307692307 0.6310096153846154 0.016826923076923076 0.07451923076923077
2 0.234375 0.5985576923076923 0.016826923076923076 0.055288461538461536
2 0.9411057692307693 0.5132211538461539 0.019230769230769232 0.055288461538461536
2 0.6081730769230769 0.5300480769230769 0.014423076923076924 0.055288461538461536
2 0.4579326923076923 0.6165865384615384 0.019230769230769232 0.0625
2 0.9567307692307693 0.6382211538461539 0.019230769230769232 0.07211538461538461
2 0.42908653846153844 0.6177884615384616 0.021634615384615384 0.057692307692307696
2 0.5913461538461539 0.5420673076923077 0.016826923076923076 0.052884615384615384
3 0.9975961538461539 0.8221153846153846 0.004807692307692308 0.09615384615384616
2 0.27524038461538464 0.48197115384615385 0.01201923076923077 0.040865384615384616
1 0.33653846153846156 0.4362980769230769 0.019230769230769232 0.038461538461538464
2 0.43509615384615385 0.42788461538461536 0.01201923076923077 0.038461538461538464
3 0.5240384615384616 0.33653846153846156 0.009615384615384616 0.03125