2 0.7067307692307693 0.48197115384615385 0.01201923076923077 0.03125
2 0.44471153846153844 0.4362980769230769 0.009615384615384616 0.03125
2 0.4387019230769231 0.47596153846153844 0.01201923076923077 0.036057692307692304
2 0.5432692307692307 0.45913461538461536 0.01201923076923077 0.03365384615384615
2 0.7439903846153846 0.5997596153846154 0.019230769230769232 0.04326923076923077
2 0.3016826923076923 0.45072115384615385 0.014423076923076924 0.036057692307692304
2 0.7848557692307693 0.5336538461538461 0.014423076923076924 0.040865384615384616
2 0.09735576923076923 0.5084134615384616 0.016826923076923076 0.04567307692307692
2 0.3798076923076923 0.4831730769230769 0.014423076923076924 0.038461538461538464
2 0.6213942307692307 0.5480769230769231 0.014423076923076924 0.04326923076923077
3 0.9146634615384616 0.8713942307692307 0.038461538461538464 0.07451923076923077
2 0.20072115384615385 0.5685096153846154 0.016826923076923076 0.04326923076923077
3 0.4170673076923077 0.5168269230769231 0.019230769230769232 0.040865384615384616
2 0.9182692307692307 0.6995192307692307 0.019230769230769232 0.055288461538461536
1 0.12259615384615384 0.48197115384615385 0.019230769230769232 0.040865384615384616
2 0.47716346153846156 0.515625 0.014423076923076924 0.038461538461538464
2 0.38822115384615385 0.5757211538461539 0.016826923076923076 0.04807692307692308
2 0.8617788461538461 0.6826923076923077 0.028846153846153848 0.055288461538461536
2 0.6538461538461539 0.5973557692307693 0.016826923076923076 0.04807692307692308
2 0.5901442307692307 0.7475961538461539 0.028846153846153848 0.06009615384615385
2 0.1875 0.65625 0.021634615384615384 0.06009615384615385
2 0.7355769230769231 0.7463942307692307 0.02403846153846154 0.0673076923076923
2 0.7211538461538461 0.4831730769230769 0.01201923076923077 0.03365384615384615
0 0.1201923076923077 0.48197115384615385 0.007211538461538462 0.01201923076923077