2 0.47596153846153844 0.43509615384615385 0.009615384615384616 0.03125
2 0.7728365384615384 0.4963942307692308 0.01201923076923077 0.03365384615384615
2 0.484375 0.4483173076923077 0.009615384615384616 0.028846153846153848
2 0.3545673076923077 0.4579326923076923 0.014423076923076924 0.038461538461538464
2 0.8677884615384616 0.5600961538461539 0.014423076923076924 0.038461538461538464
2 0.5192307692307693 0.5192307692307693 0.01201923076923077 0.038461538461538464
2 0.3894230769230769 0.5480769230769231 0.014423076923076924 0.04567307692307692
2 0.8413461538461539 0.5564903846153846 0.01201923076923077 0.040865384615384616
2 0.7139423076923077 0.5588942307692307 0.01201923076923077 0.040865384615384616
2 0.9338942307692307 0.7163461538461539 0.026442307692307692 0.055288461538461536
2 0.39903846153846156 0.7596153846153846 0.021634615384615384 0.0673076923076923
3 0.6850961538461539 0.59375 0.021634615384615384 0.05048076923076923
2 0.4050480769230769 0.5661057692307693 0.014423076923076924 0.04807692307692308
2 0.6742788461538461 0.625 0.02403846153846154 0.05048076923076923
2 0.9855769230769231 0.6514423076923077 0.01201923076923077 0.05048076923076923
2 0.7379807692307693 0.5576923076923077 0.019230769230769232 0.04807692307692308
1 0.11899038461538461 0.46875 0.014423076923076924 0.038461538461538464
2 0.16346153846153846 0.59375 0.016826923076923076 0.057692307692307696
2 0.09615384615384616 0.6165865384615384 0.02403846153846154 0.057692307692307696
3 0.04567307692307692 0.7223557692307693 0.02403846153846154 0.0673076923076923
2 0.24519230769230768 0.7103365384615384 0.021634615384615384 0.0625
2 0.8942307692307693 0.7716346153846154 0.03365384615384615 0.06009615384615385
2 0.6454326923076923 0.46875 0.014423076923076924 0.036057692307692304
0 0.9855769230769231 0.6478365384615384 0.007211538461538462 0.01201923076923077