2 0.44591346153846156 0.4567307692307692 0.014423076923076924 0.03365384615384615
2 0.4170673076923077 0.4891826923076923 0.016826923076923076 0.04326923076923077
2 0.625 0.4807692307692308 0.014423076923076924 0.040865384615384616
2 0.7379807692307693 0.45072115384615385 0.014423076923076924 0.040865384615384616
1 0.13822115384615385 0.5552884615384616 0.014423076923076924 0.04567307692307692
2 0.13221153846153846 0.6141826923076923 0.016826923076923076 0.040865384615384616
2 0.6466346153846154 0.5288461538461539 0.016826923076923076 0.04567307692307692
2 0.45552884615384615 0.5216346153846154 0.014423076923076924 0.04326923076923077
2 0.28846153846153844 0.4879807692307692 0.01201923076923077 0.038461538461538464
2 0.7752403846153846 0.5348557692307693 0.019230769230769232 0.05048076923076923
2 0.37740384615384615 0.5685096153846154 0.019230769230769232 0.04567307692307692
3 0.5048076923076923 0.4855769230769231 0.014423076923076924 0.040865384615384616
2 0.6923076923076923 0.5096153846153846 0.014423076923076924 0.04567307692307692
2 0.2956730769230769 0.7211538461538461 0.016826923076923076 0.06009615384615385
2 0.3269230769230769 0.6346153846153846 0.016826923076923076 0.052884615384615384
2 0.7463942307692307 0.6274038461538461 0.019230769230769232 0.06009615384615385
2 0.6069711538461539 0.6947115384615384 0.021634615384615384 0.0625
2 0.8725961538461539 0.5564903846153846 0.019230769230769232 0.057692307692307696
3 0.9026442307692307 0.7283653846153846 0.028846153846153848 0.07451923076923077
0 0.14903846153846154 0.6346153846153846 0.009615384615384616 0.014423076923076924
3 0.3449519230769231 0.40024038461538464 0.009615384615384616 0.026442307692307692
2 0.4567307692307692 0.41586538461538464 0.014423076923076924 0.03365384615384615
2 0.5144230769230769 0.43149038461538464 0.014423076923076924 0.036057692307692304
2 0.6826923076923077 0.40625 0.01201923076923077 0.036057692307692304
2 0.6778846153846154 0.41346153846153844 0.01201923076923077 0.03365384615384615