2 0.5997596153846154 0.33774038461538464 0.021634615384615384 0.04326923076923077
2 0.2439903846153846 0.28846153846153844 0.021634615384615384 0.055288461538461536
2 0.3701923076923077 0.2920673076923077 0.021634615384615384 0.04567307692307692
2 0.6394230769230769 0.33533653846153844 0.026442307692307692 0.05048076923076923
2 0.5973557692307693 0.3870192307692308 0.02403846153846154 0.05048076923076923
2 0.7956730769230769 0.3918269230769231 0.02403846153846154 0.05048076923076923
2 0.30528846153846156 0.328125 0.026442307692307692 0.055288461538461536
2 0.296875 0.375 0.028846153846153848 0.055288461538461536
2 0.5721153846153846 0.3870192307692308 0.02403846153846154 0.055288461538461536
1 0.9182692307692307 0.44471153846153844 0.026442307692307692 0.052884615384615384
2 0.3786057692307692 0.33653846153846156 0.028846153846153848 0.057692307692307696
2 0.13701923076923078 0.3173076923076923 0.03125 0.06490384615384616
2 0.515625 0.35216346153846156 0.021634615384615384 0.05048076923076923
3 0.4699519230769231 0.39302884615384615 0.026442307692307692 0.0625
2 0.8521634615384616 0.5432692307692307 0.028846153846153848 0.0673076923076923
2 0.08413461538461539 0.3713942307692308 0.03365384615384615 0.07451923076923077
2 0.1346153846153846 0.4362980769230769 0.036057692307692304 0.07211538461538461
2 0.6634615384615384 0.4639423076923077 0.03125 0.0673076923076923
2 0.12259615384615384 0.3954326923076923 0.036057692307692304 0.07692307692307693
2 0.31490384615384615 0.4362980769230769 0.028846153846153848 0.0673076923076923
2 0.47596153846153844 0.5024038461538461 0.036057692307692304 0.06971153846153846
2 0.6310096153846154 0.5817307692307693 0.03365384615384615 0.07451923076923077
0 0.7872596153846154 0.41225961538461536 0.009615384615384616 0.01201923076923077
3 0.16105769230769232 0.21754807692307693 0.02403846153846154 0.05048076923076923