2 0.020432692307692308 0.4891826923076923 0.021634615384615384 0.04807692307692308
2 0.3954326923076923 0.3798076923076923 0.009615384615384616 0.040865384615384616
2 0.3641826923076923 0.421875 0.009615384615384616 0.040865384615384616
2 0.34375 0.46274038461538464 0.014423076923076924 0.04567307692307692
2 0.5865384615384616 0.41586538461538464 0.009615384615384616 0.038461538461538464
2 0.40865384615384615 0.4326923076923077 0.01201923076923077 0.04326923076923077
2 0.6033653846153846 0.41346153846153844 0.009615384615384616 0.04326923076923077
2 0.20552884615384615 0.4855769230769231 0.01201923076923077 0.05048076923076923
2 0.5564903846153846 0.5288461538461539 0.014423076923076924 0.052884615384615384
2 0.3641826923076923 0.5024038461538461 0.01201923076923077 0.05048076923076923
2 0.8701923076923077 0.5564903846153846 0.014423076923076924 0.06009615384615385
2 0.5745192307692307 0.5228365384615384 0.014423076923076924 0.052884615384615384
2 0.3317307692307692 0.5673076923076923 0.01201923076923077 0.055288461538461536
2 0.8473557692307693 0.6454326923076923 0.014423076923076924 0.0673076923076923
2 0.34375 0.578125 0.014423076923076924 0.0625
2 0.1346153846153846 0.5492788461538461 0.016826923076923076 0.055288461538461536
3 0.8834134615384616 0.8425480769230769 0.019230769230769232 0.09134615384615384
2 0.8293269230769231 0.6454326923076923 0.019230769230769232 0.06971153846153846
2 0.006009615384615385 0.5 0.01201923076923077 0.04807692307692308
1 0.30649038461538464 0.375 0.01201923076923077 0.040865384615384616
2 0.3858173076923077 0.38461538461538464 0.01201923076923077 0.040865384615384616