0 0.5733173076923077 0.4579326923076923 0.007211538461538462 0.01201923076923077
2 0.375 0.3233173076923077 0.016826923076923076 0.04567307692307692
2 0.24639423076923078 0.3401442307692308 0.021634615384615384 0.052884615384615384
2 0.3425480769230769 0.3125 0.016826923076923076 0.04326923076923077
2 0.25961538461538464 0.3233173076923077 0.016826923076923076 0.04807692307692308
2 0.48197115384615385 0.40384615384615385 0.02403846153846154 0.057692307692307696
2 0.6081730769230769 0.39302884615384615 0.02403846153846154 0.052884615384615384
2 0.4423076923076923 0.34134615384615385 0.019230769230769232 0.052884615384615384
2 0.5612980769230769 0.43149038461538464 0.02403846153846154 0.05048076923076923
2 0.39663461538461536 0.40024038461538464 0.021634615384615384 0.052884615384615384
2 0.34134615384615385 0.41225961538461536 0.026442307692307692 0.057692307692307696
2 0.8173076923076923 0.4567307692307692 0.02403846153846154 0.0625
2 0.19951923076923078 0.3798076923076923 0.016826923076923076 0.06009615384615385
2 0.421875 0.36538461538461536 0.021634615384615384 0.057692307692307696
2 0.45072115384615385 0.5949519230769231 0.028846153846153848 0.07211538461538461
2 0.20432692307692307 0.4206730769230769 0.026442307692307692 0.0673076923076923
2 0.31009615384615385 0.3798076923076923 0.021634615384615384 0.057692307692307696
3 0.5216346153846154 0.4254807692307692 0.03125 0.055288461538461536
2 0.8341346153846154 0.5985576923076923 0.036057692307692304 0.07692307692307693
2 0.6105769230769231 0.5901442307692307 0.038461538461538464 0.07211538461538461
2 0.9110576923076923 0.5709134615384616 0.03365384615384615 0.07211538461538461
2 0.23317307692307693 0.5120192307692307 0.03365384615384615 0.0673076923076923
3 0.33653846153846156 0.27163461538461536 0.016826923076923076 0.040865384615384616