3 0.12139423076923077 0.3545673076923077 0.009615384615384616 0.038461538461538464
2 0.328125 0.35697115384615385 0.014423076923076924 0.036057692307692304
2 0.3401442307692308 0.3581730769230769 0.01201923076923077 0.040865384615384616
2 0.7584134615384616 0.33533653846153844 0.009615384615384616 0.040865384615384616
2 0.7139423076923077 0.35096153846153844 0.01201923076923077 0.040865384615384616
2 0.24278846153846154 0.38341346153846156 0.009615384615384616 0.040865384615384616
2 0.3605769230769231 0.38100961538461536 0.014423076923076924 0.04326923076923077
1 0.921875 0.38341346153846156 0.01201923076923077 0.05048076923076923
2 0.7283653846153846 0.3581730769230769 0.009615384615384616 0.04567307692307692
2 0.3449519230769231 0.4254807692307692 0.009615384615384616 0.04807692307692308
3 0.5973557692307693 0.3701923076923077 0.01201923076923077 0.04567307692307692
2 0.5709134615384616 0.3629807692307692 0.009615384615384616 0.04326923076923077
2 0.5360576923076923 0.3942307692307692 0.01201923076923077 0.040865384615384616
2 0.625 0.40384615384615385 0.01201923076923077 0.04807692307692308
2 0.5805288461538461 0.40625 0.009615384615384616 0.05048076923076923
2 0.8137019230769231 0.4375 0.014423076923076924 0.052884615384615384
2 0.7956730769230769 0.46274038461538464 0.016826923076923076 0.05048076923076923
2 0.1141826923076923 0.44350961538461536 0.014423076923076924 0.057692307692307696
2 0.4483173076923077 0.45552884615384615 0.009615384615384616 0.052884615384615384
2 0.1622596153846154 0.5673076923076923 0.019230769230769232 0.07211538461538461
2 0.13581730769230768 0.515625 0.01201923076923077 0.06490384615384616
2 0.3858173076923077 0.5841346153846154 0.021634615384615384 0.06490384615384616