2 0.375 0.5 0.016826923076923076 0.040865384615384616
2 0.4795673076923077 0.3713942307692308 0.01201923076923077 0.03125
2 0.38221153846153844 0.5240384615384616 0.021634615384615384 0.04567307692307692
2 0.46634615384615385 0.3870192307692308 0.01201923076923077 0.03365384615384615
2 0.2848557692307692 0.46033653846153844 0.01201923076923077 0.040865384615384616
2 0.2980769230769231 0.38100961538461536 0.009615384615384616 0.038461538461538464
2 0.20072115384615385 0.39663461538461536 0.014423076923076924 0.040865384615384616
2 0.140625 0.47716346153846156 0.016826923076923076 0.05048076923076923
0 0.7331730769230769 0.7764423076923077 0.007211538461538462 0.01201923076923077
2 0.3004807692307692 0.6177884615384616 0.02403846153846154 0.052884615384615384
2 0.30288461538461536 0.4495192307692308 0.016826923076923076 0.04326923076923077
2 0.9254807692307693 0.5925480769230769 0.02403846153846154 0.052884615384615384
2 0.4567307692307692 0.43028846153846156 0.01201923076923077 0.040865384615384616
2 0.6298076923076923 0.41225961538461536 0.01201923076923077 0.040865384615384616
2 0.7427884615384616 0.7379807692307693 0.036057692307692304 0.0673076923076923
1 0.859375 0.46634615384615385 0.016826923076923076 0.04567307692307692
2 0.6911057692307693 0.703125 0.02403846153846154 0.0625
2 0.5973557692307693 0.4879807692307692 0.014423076923076924 0.05048076923076923
2 0.5817307692307693 0.4723557692307692 0.014423076923076924 0.04326923076923077
2 0.0889423076923077 0.5060096153846154 0.02403846153846154 0.05048076923076923
2 0.7824519230769231 0.5625 0.026442307692307692 0.06009615384615385
2 0.2956730769230769 0.5961538461538461 0.028846153846153848 0.04326923076923077
3 0.17307692307692307 0.3449519230769231 0.01201923076923077 0.03365384615384615
2 0.14182692307692307 0.46033653846153844 0.019230769230769232 0.055288461538461536