2 0.27884615384615385 0.3762019230769231 0.01201923076923077 0.026442307692307692
0 0.08052884615384616 0.4483173076923077 0.007211538461538462 0.009615384615384616
2 0.2848557692307692 0.4098557692307692 0.016826923076923076 0.040865384615384616
2 0.6237980769230769 0.3701923076923077 0.014423076923076924 0.040865384615384616
2 0.49399038461538464 0.41586538461538464 0.014423076923076924 0.038461538461538464
2 0.3125 0.37259615384615385 0.01201923076923077 0.04326923076923077
2 0.31971153846153844 0.421875 0.016826923076923076 0.052884615384615384
2 0.6081730769230769 0.3713942307692308 0.01201923076923077 0.04567307692307692
2 0.6682692307692307 0.44350961538461536 0.016826923076923076 0.055288461538461536
2 0.5348557692307693 0.39903846153846156 0.01201923076923077 0.04567307692307692
2 0.6814903846153846 0.453125 0.01201923076923077 0.055288461538461536
2 0.5721153846153846 0.3942307692307692 0.016826923076923076 0.052884615384615384
2 0.6334134615384616 0.38221153846153844 0.014423076923076924 0.05048076923076923
2 0.9002403846153846 0.375 0.014423076923076924 0.055288461538461536
2 0.3918269230769231 0.44711538461538464 0.021634615384615384 0.057692307692307696
2 0.04447115384615385 0.4362980769230769 0.014423076923076924 0.052884615384615384
2 0.3641826923076923 0.5420673076923077 0.016826923076923076 0.06490384615384616
2 0.2800480769230769 0.5012019230769231 0.021634615384615384 0.057692307692307696
3 0.17668269230769232 0.8822115384615384 0.026442307692307692 0.10336538461538461
3 0.5204326923076923 0.45072115384615385 0.016826923076923076 0.055288461538461536
2 0.27163461538461536 0.5997596153846154 0.02403846153846154 0.0673076923076923
3 0.5456730769230769 0.296875 0.009615384615384616 0.038461538461538464
2 0.5504807692307693 0.3389423076923077 0.016826923076923076 0.04567307692307692
2 0.6682692307692307 0.4230769230769231 0.016826923076923076 0.055288461538461536
2 0.4951923076923077 0.4026442307692308 0.014423076923076924 0.04807692307692308