0 0.44350961538461536 0.4014423076923077 0.007211538461538462 0.01201923076923077
2 0.6875 0.3401442307692308 0.021634615384615384 0.04807692307692308
2 0.8112980769230769 0.40384615384615385 0.026442307692307692 0.055288461538461536
2 0.7247596153846154 0.34134615384615385 0.021634615384615384 0.04807692307692308
2 0.8028846153846154 0.38100961538461536 0.021634615384615384 0.05048076923076923
2 0.5540865384615384 0.38221153846153844 0.03125 0.0625
2 0.43149038461538464 0.32572115384615385 0.03125 0.055288461538461536
2 0.6153846153846154 0.33413461538461536 0.02403846153846154 0.055288461538461536
2 0.4651442307692308 0.3798076923076923 0.03125 0.052884615384615384
2 0.640625 0.4074519230769231 0.026442307692307692 0.057692307692307696
2 0.6899038461538461 0.4411057692307692 0.03365384615384615 0.0625
2 0.20192307692307693 0.3125 0.03125 0.0673076923076923
2 0.8425480769230769 0.45913461538461536 0.026442307692307692 0.0625
2 0.6262019230769231 0.36658653846153844 0.028846153846153848 0.06009615384615385
2 0.5144230769230769 0.5817307692307693 0.038461538461538464 0.07692307692307693
2 0.8233173076923077 0.4987980769230769 0.03365384615384615 0.07211538461538461
2 0.7331730769230769 0.4206730769230769 0.028846153846153848 0.06009615384615385
3 0.5084134615384616 0.38822115384615385 0.038461538461538464 0.06009615384615385
2 0.1346153846153846 0.44711538461538464 0.04326923076923077 0.08173076923076923
2 0.359375 0.5204326923076923 0.04567307692307692 0.07692307692307693
2 0.06850961538461539 0.39302884615384615 0.04326923076923077 0.07692307692307693
2 0.7596153846153846 0.578125 0.04326923076923077 0.07211538461538461
3 0.7451923076923077 0.30408653846153844 0.021634615384615384 0.04567307692307692