2 0.42788461538461536 0.4338942307692308 0.014423076923076924 0.036057692307692304
2 0.734375 0.47716346153846156 0.01201923076923077 0.04326923076923077
2 0.4026442307692308 0.44711538461538464 0.009615384615384616 0.040865384615384616
2 0.2800480769230769 0.5288461538461539 0.014423076923076924 0.05048076923076923
2 0.8629807692307693 0.6346153846153846 0.014423076923076924 0.0625
2 0.8689903846153846 0.6057692307692307 0.014423076923076924 0.0625
2 0.1201923076923077 0.6069711538461539 0.016826923076923076 0.05048076923076923
2 0.36538461538461536 0.46033653846153844 0.009615384615384616 0.04567307692307692
2 0.0673076923076923 0.6370192307692307 0.021634615384615384 0.0625
2 0.5 0.49399038461538464 0.009615384615384616 0.04567307692307692
2 0.6574519230769231 0.6033653846153846 0.01201923076923077 0.0625
2 0.29086538461538464 0.6045673076923077 0.014423076923076924 0.057692307692307696
2 0.6646634615384616 0.46634615384615385 0.007211538461538462 0.04326923076923077
2 0.19591346153846154 0.6682692307692307 0.016826923076923076 0.06009615384615385
3 0.4266826923076923 0.5324519230769231 0.014423076923076924 0.05048076923076923
2 0.8389423076923077 0.6526442307692307 0.014423076923076924 0.06490384615384616
2 0.3870192307692308 0.6213942307692307 0.01201923076923077 0.0625
3 0.8942307692307693 0.8786057692307693 0.026442307692307692 0.09134615384615384
2 0.6430288461538461 0.6165865384615384 0.021634615384615384 0.057692307692307696
2 0.40024038461538464 0.6754807692307693 0.021634615384615384 0.0625
2 0.21875 0.6670673076923077 0.014423076923076924 0.0625
2 0.44711538461538464 0.7055288461538461 0.019230769230769232 0.07211538461538461
1 0.24759615384615385 0.42788461538461536 0.01201923076923077 0.04326923076923077
0 0.07572115384615384 0.6177884615384616 0.007211538461538462 0.01201923076923077
3 0.5216346153846154 0.3581730769230769 0.009615384615384616 0.03125