2 0.5853365384615384 0.2848557692307692 0.014423076923076924 0.03365384615384615
2 0.39783653846153844 0.3329326923076923 0.014423076923076924 0.04567307692307692
2 0.6682692307692307 0.3112980769230769 0.016826923076923076 0.040865384615384616
2 0.41346153846153844 0.3485576923076923 0.014423076923076924 0.04807692307692308
2 0.4170673076923077 0.390625 0.014423076923076924 0.04807692307692308
2 0.45913461538461536 0.40024038461538464 0.02403846153846154 0.057692307692307696
2 0.45552884615384615 0.44591346153846156 0.02403846153846154 0.06009615384615385
2 0.33052884615384615 0.47596153846153844 0.019230769230769232 0.057692307692307696
2 0.6911057692307693 0.3473557692307692 0.019230769230769232 0.04807692307692308
2 0.4026442307692308 0.4254807692307692 0.026442307692307692 0.06009615384615385
3 0.4891826923076923 0.42427884615384615 0.016826923076923076 0.057692307692307696
1 0.9098557692307693 0.3389423076923077 0.019230769230769232 0.05048076923076923
1 0.05889423076923077 0.4230769230769231 0.021634615384615384 0.06009615384615385
2 0.625 0.46634615384615385 0.019230769230769232 0.06009615384615385
3 0.9110576923076923 0.7752403846153846 0.040865384615384616 0.10817307692307693
2 0.8389423076923077 0.5096153846153846 0.021634615384615384 0.07211538461538461
0 0.9050480769230769 0.3557692307692308 0.007211538461538462 0.01201923076923077
2 0.6646634615384616 0.2920673076923077 0.014423076923076924 0.038461538461538464
2 0.38100961538461536 0.38221153846153844 0.016826923076923076 0.05048076923076923
2 0.3581730769230769 0.3786057692307692 0.016826923076923076 0.040865384615384616
2 0.37259615384615385 0.3786057692307692 0.016826923076923076 0.05048076923076923
2 0.3641826923076923 0.36177884615384615 0.014423076923076924 0.04567307692307692
2 0.36177884615384615 0.42427884615384615 0.019230769230769232 0.052884615384615384
2 0.35216346153846156 0.41466346153846156 0.014423076923076924 0.04567307692307692
2 0.3473557692307692 0.3954326923076923 0.014423076923076924 0.04326923076923077
3 0.41586538461538464 0.28125 0.009615384615384616 0.03125