2 0.2692307692307692 0.4110576923076923 0.010817307692307692 0.037259615384615384
3 0.33052884615384615 0.4074519230769231 0.010817307692307692 0.03245192307692308
2 0.7668269230769231 0.45072115384615385 0.013221153846153846 0.03485576923076923
2 0.15504807692307693 0.48677884615384615 0.01201923076923077 0.04326923076923077
2 0.7019230769230769 0.41225961538461536 0.016826923076923076 0.037259615384615384
2 0.16105769230769232 0.5108173076923077 0.010817307692307692 0.042067307692307696
2 0.31971153846153844 0.42427884615384615 0.010817307692307692 0.037259615384615384
2 0.42908653846153844 0.41586538461538464 0.008413461538461538 0.036057692307692304
2 0.2283653846153846 0.43990384615384615 0.008413461538461538 0.04326923076923077
2 0.3798076923076923 0.46153846153846156 0.010817307692307692 0.040865384615384616
2 0.5192307692307693 0.45552884615384615 0.007211538461538462 0.038461538461538464
2 0.5480769230769231 0.43990384615384615 0.013221153846153846 0.042067307692307696
2 0.2824519230769231 0.4831730769230769 0.013221153846153846 0.04567307692307692
2 0.6983173076923077 0.46274038461538464 0.015625 0.042067307692307696
2 0.3641826923076923 0.5625 0.015625 0.052884615384615384
2 0.8125 0.49278846153846156 0.014423076923076924 0.05048076923076923
2 0.7896634615384616 0.5276442307692307 0.018028846153846152 0.055288461538461536
1 0.07572115384615384 0.42427884615384615 0.010817307692307692 0.036057692307692304
2 0.7680288461538461 0.41346153846153844 0.010817307692307692 0.038461538461538464
3 0.7548076923076923 0.36177884615384615 0.009615384615384616 0.030048076923076924
2 0.6862980769230769 0.40384615384615385 0.013221153846153846 0.038461538461538464
2 0.2283653846153846 0.41947115384615385 0.009615384615384616 0.03485576923076923
0 0.2692307692307692 0.4254807692307692 0.004807692307692308 0.008413461538461538
2 0.6754807692307693 0.40024038461538464 0.01201923076923077 0.037259615384615384