2 0.5769230769230769 0.3713942307692308 0.019230769230769232 0.040865384615384616
2 0.6983173076923077 0.4423076923076923 0.016826923076923076 0.040865384615384616
2 0.7043269230769231 0.4651442307692308 0.016826923076923076 0.038461538461538464
2 0.7367788461538461 0.4423076923076923 0.016826923076923076 0.04567307692307692
2 0.5757211538461539 0.40625 0.016826923076923076 0.04567307692307692
2 0.3425480769230769 0.36177884615384615 0.016826923076923076 0.040865384615384616
3 0.12139423076923077 0.3161057692307692 0.016826923076923076 0.040865384615384616
2 0.6983173076923077 0.38461538461538464 0.014423076923076924 0.040865384615384616
1 0.8774038461538461 0.4543269230769231 0.016826923076923076 0.04567307692307692
2 0.1622596153846154 0.41225961538461536 0.014423076923076924 0.04807692307692308
2 0.78125 0.48677884615384615 0.016826923076923076 0.05048076923076923
2 0.7620192307692307 0.47475961538461536 0.016826923076923076 0.05048076923076923
2 0.40384615384615385 0.3581730769230769 0.014423076923076924 0.040865384615384616
2 0.11298076923076923 0.40024038461538464 0.028846153846153848 0.06009615384615385
2 0.44471153846153844 0.4266826923076923 0.019230769230769232 0.05048076923076923
3 0.5384615384615384 0.39663461538461536 0.019230769230769232 0.04567307692307692
2 0.8461538461538461 0.5300480769230769 0.021634615384615384 0.0625
2 0.6490384615384616 0.39663461538461536 0.016826923076923076 0.04567307692307692
2 0.36899038461538464 0.44350961538461536 0.021634615384615384 0.05048076923076923
2 0.16346153846153846 0.44591346153846156 0.021634615384615384 0.055288461538461536
2 0.4387019230769231 0.5769230769230769 0.036057692307692304 0.06490384615384616
2 0.7163461538461539 0.49399038461538464 0.02403846153846154 0.052884615384615384
2 0.5817307692307693 0.3557692307692308 0.014423076923076924 0.036057692307692304