2 0.7211538461538461 0.4987980769230769 0.021634615384615384 0.040865384615384616
2 0.5733173076923077 0.4170673076923077 0.014423076923076924 0.03365384615384615
2 0.7403846153846154 0.5120192307692307 0.016826923076923076 0.040865384615384616
3 0.6009615384615384 0.5012019230769231 0.014423076923076924 0.04326923076923077
2 0.8149038461538461 0.5324519230769231 0.014423076923076924 0.040865384615384616
2 0.5877403846153846 0.42908653846153844 0.016826923076923076 0.036057692307692304
2 0.5961538461538461 0.5192307692307693 0.016826923076923076 0.04567307692307692
2 0.8990384615384616 0.6069711538461539 0.016826923076923076 0.04807692307692308
2 0.3737980769230769 0.41466346153846156 0.01201923076923077 0.040865384615384616
2 0.8737980769230769 0.5817307692307693 0.019230769230769232 0.05048076923076923
2 0.4074519230769231 0.4170673076923077 0.014423076923076924 0.038461538461538464
2 0.09375 0.5961538461538461 0.019230769230769232 0.06971153846153846
2 0.7608173076923077 0.5997596153846154 0.019230769230769232 0.052884615384615384
2 0.09254807692307693 0.484375 0.021634615384615384 0.055288461538461536
2 0.40865384615384615 0.5180288461538461 0.016826923076923076 0.052884615384615384
2 0.546875 0.6069711538461539 0.021634615384615384 0.06009615384615385
2 0.07091346153846154 0.6021634615384616 0.021634615384615384 0.06971153846153846
2 0.5733173076923077 0.6081730769230769 0.02403846153846154 0.055288461538461536
2 0.4230769230769231 0.5288461538461539 0.016826923076923076 0.05048076923076923
3 0.013221153846153846 0.7752403846153846 0.026442307692307692 0.09134615384615384
2 0.7271634615384616 0.48677884615384615 0.014423076923076924 0.040865384615384616
1 0.6706730769230769 0.43990384615384615 0.019230769230769232 0.036057692307692304
2 0.578125 0.4266826923076923 0.014423076923076924 0.038461538461538464
3 0.4987980769230769 0.33653846153846156 0.01201923076923077 0.028846153846153848