2 0.4387019230769231 0.3269230769230769 0.014423076923076924 0.040865384615384616
2 0.78125 0.33413461538461536 0.014423076923076924 0.055288461538461536
2 0.6622596153846154 0.31850961538461536 0.014423076923076924 0.04326923076923077
2 0.39903846153846156 0.31971153846153844 0.016826923076923076 0.04567307692307692
2 0.4326923076923077 0.37259615384615385 0.016826923076923076 0.04807692307692308
2 0.2439903846153846 0.34975961538461536 0.016826923076923076 0.04807692307692308
2 0.7175480769230769 0.36177884615384615 0.016826923076923076 0.052884615384615384
2 0.71875 0.4074519230769231 0.019230769230769232 0.052884615384615384
2 0.4543269230769231 0.37740384615384615 0.016826923076923076 0.052884615384615384
1 0.11899038461538461 0.38221153846153844 0.019230769230769232 0.05048076923076923
2 0.6466346153846154 0.3605769230769231 0.019230769230769232 0.055288461538461536
2 0.8798076923076923 0.3762019230769231 0.021634615384615384 0.0625
2 0.5144230769230769 0.35336538461538464 0.014423076923076924 0.05048076923076923
3 0.5516826923076923 0.39903846153846156 0.016826923076923076 0.06009615384615385
2 0.16706730769230768 0.484375 0.016826923076923076 0.06490384615384616
2 0.9206730769230769 0.43509615384615385 0.021634615384615384 0.07211538461538461
2 0.8641826923076923 0.4891826923076923 0.02403846153846154 0.0673076923076923
2 0.3581730769230769 0.4375 0.021634615384615384 0.0625
2 0.8810096153846154 0.453125 0.026442307692307692 0.07451923076923077
2 0.6923076923076923 0.46274038461538464 0.019230769230769232 0.06490384615384616
2 0.5288461538461539 0.5012019230769231 0.026442307692307692 0.06490384615384616
2 0.3701923076923077 0.5528846153846154 0.021634615384615384 0.07211538461538461
0 0.25 0.3701923076923077 0.007211538461538462 0.01201923076923077
3 0.8713942307692307 0.2800480769230769 0.016826923076923076 0.04807692307692308