0 0.5673076923076923 0.4483173076923077 0.006009615384615385 0.009615384615384616
2 0.3557692307692308 0.3389423076923077 0.010817307692307692 0.04447115384615385
2 0.23076923076923078 0.3713942307692308 0.014423076923076924 0.05048076923076923
2 0.32211538461538464 0.3329326923076923 0.010817307692307692 0.04326923076923077
2 0.24158653846153846 0.35216346153846156 0.010817307692307692 0.046875
2 0.4699519230769231 0.40625 0.016826923076923076 0.055288461538461536
2 0.59375 0.38100961538461536 0.018028846153846152 0.05048076923076923
2 0.4230769230769231 0.34975961538461536 0.013221153846153846 0.05048076923076923
2 0.5528846153846154 0.4230769230769231 0.019230769230769232 0.046875
2 0.3858173076923077 0.41225961538461536 0.014423076923076924 0.051682692307692304
2 0.3329326923076923 0.43149038461538464 0.019230769230769232 0.055288461538461536
2 0.8088942307692307 0.4170673076923077 0.016826923076923076 0.06009615384615385
2 0.18990384615384615 0.41586538461538464 0.010817307692307692 0.057692307692307696
2 0.40625 0.3762019230769231 0.015625 0.055288461538461536
2 0.46274038461538464 0.5985576923076923 0.021634615384615384 0.06971153846153846
2 0.19831730769230768 0.45552884615384615 0.018028846153846152 0.06490384615384616
2 0.2980769230769231 0.4026442307692308 0.015625 0.055288461538461536
3 0.5120192307692307 0.421875 0.025240384615384616 0.051682692307692304
2 0.8425480769230769 0.5552884615384616 0.026442307692307692 0.07211538461538461
2 0.6189903846153846 0.5745192307692307 0.030048076923076924 0.06850961538461539
2 0.9134615384615384 0.5192307692307693 0.026442307692307692 0.0673076923076923
2 0.23918269230769232 0.5420673076923077 0.026442307692307692 0.06490384615384616
3 0.3112980769230769 0.2932692307692308 0.010817307692307692 0.039663461538461536