1 0.03125 0.546875 0.028846153846153848 0.052884615384615384
2 0.5444711538461539 0.4074519230769231 0.021634615384615384 0.040865384615384616
2 0.6995192307692307 0.40024038461538464 0.02403846153846154 0.05048076923076923
2 0.5564903846153846 0.4411057692307692 0.019230769230769232 0.04807692307692308
2 0.8245192307692307 0.36538461538461536 0.02403846153846154 0.04567307692307692
2 0.4098557692307692 0.43028846153846156 0.019230769230769232 0.04326923076923077
2 0.4254807692307692 0.4651442307692308 0.019230769230769232 0.04807692307692308
2 0.5372596153846154 0.5588942307692307 0.02403846153846154 0.06009615384615385
2 0.3112980769230769 0.5024038461538461 0.026442307692307692 0.057692307692307696
2 0.828125 0.43509615384615385 0.03125 0.057692307692307696
2 0.8137019230769231 0.41346153846153844 0.021634615384615384 0.052884615384615384
2 0.5973557692307693 0.4651442307692308 0.026442307692307692 0.04807692307692308
2 0.4074519230769231 0.5072115384615384 0.019230769230769232 0.05048076923076923
2 0.3701923076923077 0.49759615384615385 0.021634615384615384 0.04807692307692308
2 0.546875 0.6081730769230769 0.03365384615384615 0.0625
2 0.2860576923076923 0.5264423076923077 0.021634615384615384 0.055288461538461536
2 0.8954326923076923 0.47716346153846156 0.03125 0.0673076923076923
2 0.24158653846153846 0.640625 0.02403846153846154 0.0625
2 0.9579326923076923 0.43509615384615385 0.028846153846153848 0.0625
3 0.3798076923076923 0.5552884615384616 0.026442307692307692 0.0625
2 0.21634615384615385 0.7355769230769231 0.038461538461538464 0.07692307692307693
0 0.5805288461538461 0.4375 0.007211538461538462 0.01201923076923077
2 0.30288461538461536 0.4855769230769231 0.019230769230769232 0.05048076923076923
3 0.3894230769230769 0.36899038461538464 0.016826923076923076 0.038461538461538464