2 0.7247596153846154 0.34375 0.014423076923076924 0.040865384615384616
2 0.30528846153846156 0.390625 0.009615384615384616 0.04326923076923077
2 0.18870192307692307 0.4074519230769231 0.01201923076923077 0.04326923076923077
2 0.3125 0.39663461538461536 0.009615384615384616 0.040865384615384616
1 0.8942307692307693 0.38100961538461536 0.01201923076923077 0.04326923076923077
2 0.6490384615384616 0.4206730769230769 0.009615384615384616 0.04326923076923077
2 0.7584134615384616 0.37740384615384615 0.009615384615384616 0.038461538461538464
2 0.7920673076923077 0.3713942307692308 0.009615384615384616 0.04326923076923077
2 0.140625 0.5168269230769231 0.014423076923076924 0.0625
2 0.5697115384615384 0.5540865384615384 0.016826923076923076 0.052884615384615384
2 0.8473557692307693 0.4543269230769231 0.009615384615384616 0.04807692307692308
3 0.6947115384615384 0.3713942307692308 0.009615384615384616 0.040865384615384616
2 0.8653846153846154 0.4254807692307692 0.014423076923076924 0.05048076923076923
2 0.7379807692307693 0.4266826923076923 0.009615384615384616 0.04567307692307692
2 0.29086538461538464 0.38822115384615385 0.007211538461538462 0.040865384615384616
2 0.328125 0.45552884615384615 0.01201923076923077 0.05048076923076923
2 0.5336538461538461 0.41947115384615385 0.01201923076923077 0.05048076923076923
2 0.16706730769230768 0.4519230769230769 0.014423076923076924 0.052884615384615384
2 0.5985576923076923 0.3918269230769231 0.009615384615384616 0.040865384615384616
2 0.5096153846153846 0.4543269230769231 0.009615384615384616 0.05048076923076923
2 0.15264423076923078 0.5588942307692307 0.019230769230769232 0.06490384615384616
3 0.16826923076923078 0.3545673076923077 0.009615384615384616 0.03365384615384615
2 0.7944711538461539 0.3485576923076923 0.009615384615384616 0.036057692307692304
0 0.7992788461538461 0.3581730769230769 0.004807692307692308 0.007211538461538462