2 0.6550480769230769 0.3713942307692308 0.019230769230769232 0.036057692307692304
2 0.4579326923076923 0.35216346153846156 0.021634615384615384 0.04807692307692308
2 0.7259615384615384 0.4266826923076923 0.021634615384615384 0.04326923076923077
2 0.46875 0.37259615384615385 0.021634615384615384 0.05048076923076923
2 0.4567307692307692 0.41346153846153844 0.019230769230769232 0.05048076923076923
2 0.49278846153846156 0.4375 0.03365384615384615 0.06009615384615385
2 0.4735576923076923 0.4807692307692308 0.03125 0.0625
2 0.3425480769230769 0.4651442307692308 0.028846153846153848 0.06009615384615385
2 0.734375 0.4675480769230769 0.026442307692307692 0.05048076923076923
2 0.43149038461538464 0.44350961538461536 0.036057692307692304 0.0625
3 0.5144230769230769 0.47115384615384615 0.026442307692307692 0.06009615384615385
1 0.9495192307692307 0.5372596153846154 0.026442307692307692 0.052884615384615384
1 0.09975961538461539 0.31971153846153844 0.028846153846153848 0.06009615384615385
2 0.6298076923076923 0.5612980769230769 0.026442307692307692 0.0625
3 0.7956730769230769 0.9495192307692307 0.057692307692307696 0.10096153846153846
2 0.8209134615384616 0.6766826923076923 0.03365384615384615 0.07451923076923077
0 0.9387019230769231 0.5528846153846154 0.009615384615384616 0.01201923076923077
2 0.7295673076923077 0.40625 0.019230769230769232 0.040865384615384616
2 0.4254807692307692 0.39302884615384615 0.026442307692307692 0.052884615384615384
2 0.40384615384615385 0.38221153846153844 0.021634615384615384 0.04326923076923077
2 0.4182692307692308 0.3870192307692308 0.021634615384615384 0.05048076923076923
2 0.41466346153846156 0.36899038461538464 0.021634615384615384 0.04807692307692308
2 0.390625 0.4266826923076923 0.026442307692307692 0.052884615384615384
2 0.38461538461538464 0.41586538461538464 0.021634615384615384 0.04807692307692308
2 0.38822115384615385 0.3954326923076923 0.019230769230769232 0.04326923076923077
3 0.49278846153846156 0.31009615384615385 0.014423076923076924 0.03365384615384615