2 0.625 0.5132211538461539 0.019230769230769232 0.04326923076923077
2 0.5072115384615384 0.38822115384615385 0.014423076923076924 0.03365384615384615
2 0.6189903846153846 0.5384615384615384 0.02403846153846154 0.04567307692307692
2 0.5228365384615384 0.4026442307692308 0.014423076923076924 0.03365384615384615
2 0.7139423076923077 0.46634615384615385 0.016826923076923076 0.04326923076923077
2 0.6947115384615384 0.38461538461538464 0.014423076923076924 0.040865384615384616
2 0.796875 0.39302884615384615 0.016826923076923076 0.04326923076923077
2 0.8653846153846154 0.4723557692307692 0.021634615384615384 0.055288461538461536
0 0.27283653846153844 0.8257211538461539 0.007211538461538462 0.014423076923076924
2 0.7091346153846154 0.6298076923076923 0.028846153846153848 0.055288461538461536
2 0.6947115384615384 0.45552884615384615 0.019230769230769232 0.04807692307692308
2 0.0625 0.6478365384615384 0.028846153846153848 0.055288461538461536
2 0.5348557692307693 0.44591346153846156 0.014423076923076924 0.04326923076923077
2 0.3545673076923077 0.43990384615384615 0.016826923076923076 0.04326923076923077
2 0.2608173076923077 0.7872596153846154 0.040865384615384616 0.07211538461538461
1 0.12139423076923077 0.5120192307692307 0.019230769230769232 0.04807692307692308
2 0.3112980769230769 0.7463942307692307 0.028846153846153848 0.06490384615384616
2 0.3942307692307692 0.5168269230769231 0.016826923076923076 0.052884615384615384
2 0.4074519230769231 0.5 0.016826923076923076 0.04567307692307692
2 0.9206730769230769 0.4987980769230769 0.028846153846153848 0.055288461538461536
2 0.20673076923076922 0.6069711538461539 0.03125 0.0625
2 0.7115384615384616 0.6069711538461539 0.03365384615384615 0.04567307692307692
3 0.8209134615384616 0.3389423076923077 0.014423076923076924 0.036057692307692304
2 0.8641826923076923 0.45552884615384615 0.02403846153846154 0.057692307692307696