2 0.6262019230769231 0.49278846153846156 0.019230769230769232 0.04326923076923077
2 0.5348557692307693 0.33413461538461536 0.01201923076923077 0.03365384615384615
2 0.6129807692307693 0.5180288461538461 0.02403846153846154 0.05048076923076923
2 0.5480769230769231 0.35336538461538464 0.01201923076923077 0.036057692307692304
2 0.7307692307692307 0.46875 0.014423076923076924 0.04567307692307692
2 0.7319711538461539 0.3786057692307692 0.01201923076923077 0.04326923076923077
2 0.8341346153846154 0.41466346153846156 0.016826923076923076 0.04567307692307692
2 0.8846153846153846 0.5132211538461539 0.019230769230769232 0.057692307692307696
0 0.18269230769230768 0.7271634615384616 0.007211538461538462 0.014423076923076924
2 0.6838942307692307 0.6370192307692307 0.028846153846153848 0.057692307692307696
2 0.7127403846153846 0.4519230769230769 0.016826923076923076 0.04807692307692308
2 0.009615384615384616 0.48677884615384615 0.019230769230769232 0.06009615384615385
2 0.5504807692307693 0.4014423076923077 0.01201923076923077 0.04567307692307692
2 0.3641826923076923 0.34975961538461536 0.014423076923076924 0.04567307692307692
2 0.1778846153846154 0.6838942307692307 0.040865384615384616 0.07451923076923077
1 0.1045673076923077 0.3641826923076923 0.016826923076923076 0.05048076923076923
2 0.24158653846153846 0.6550480769230769 0.026442307692307692 0.06971153846153846
2 0.3858173076923077 0.4387019230769231 0.014423076923076924 0.055288461538461536
2 0.40384615384615385 0.42427884615384615 0.014423076923076924 0.04807692307692308
2 0.9350961538461539 0.5552884615384616 0.026442307692307692 0.057692307692307696
2 0.16826923076923078 0.484375 0.028846153846153848 0.06490384615384616
2 0.6911057692307693 0.6129807692307693 0.03365384615384615 0.04567307692307692
3 0.875 0.3641826923076923 0.01201923076923077 0.038461538461538464
2 0.8870192307692307 0.4963942307692308 0.021634615384615384 0.06009615384615385