0 0.4483173076923077 0.43990384615384615 0.007211538461538462 0.01201923076923077
2 0.6790865384615384 0.37259615384615385 0.019230769230769232 0.04807692307692308
2 0.7992788461538461 0.42908653846153844 0.02403846153846154 0.052884615384615384
2 0.7139423076923077 0.37259615384615385 0.019230769230769232 0.04567307692307692
2 0.7908653846153846 0.4074519230769231 0.019230769230769232 0.04807692307692308
2 0.5528846153846154 0.4170673076923077 0.026442307692307692 0.057692307692307696
2 0.4338942307692308 0.36658653846153844 0.028846153846153848 0.052884615384615384
2 0.609375 0.36899038461538464 0.021634615384615384 0.052884615384615384
2 0.4675480769230769 0.4182692307692308 0.028846153846153848 0.05048076923076923
2 0.6370192307692307 0.43990384615384615 0.02403846153846154 0.055288461538461536
2 0.6862980769230769 0.4699519230769231 0.028846153846153848 0.06009615384615385
2 0.2127403846153846 0.3629807692307692 0.028846153846153848 0.0625
2 0.8305288461538461 0.4807692307692308 0.021634615384615384 0.06009615384615385
2 0.6213942307692307 0.39903846153846156 0.026442307692307692 0.057692307692307696
2 0.5216346153846154 0.609375 0.03365384615384615 0.07451923076923077
2 0.8149038461538461 0.5192307692307693 0.03125 0.0673076923076923
2 0.7259615384615384 0.44711538461538464 0.026442307692307692 0.057692307692307696
3 0.5084134615384616 0.42427884615384615 0.036057692307692304 0.057692307692307696
2 0.15384615384615385 0.49399038461538464 0.040865384615384616 0.07692307692307693
2 0.3713942307692308 0.5552884615384616 0.04326923076923077 0.07451923076923077
2 0.0889423076923077 0.44350961538461536 0.038461538461538464 0.07211538461538461
2 0.7560096153846154 0.5973557692307693 0.038461538461538464 0.06971153846153846
3 0.7331730769230769 0.33533653846153844 0.019230769230769232 0.04326923076923077