2 0.4675480769230769 0.4735576923076923 0.016826923076923076 0.03365384615384615
2 0.4411057692307692 0.5084134615384616 0.019230769230769232 0.040865384615384616
2 0.6466346153846154 0.484375 0.016826923076923076 0.038461538461538464
2 0.7560096153846154 0.44711538461538464 0.016826923076923076 0.040865384615384616
1 0.17067307692307693 0.5925480769230769 0.016826923076923076 0.04567307692307692
2 0.16947115384615385 0.6514423076923077 0.019230769230769232 0.040865384615384616
2 0.671875 0.53125 0.019230769230769232 0.04567307692307692
2 0.4831730769230769 0.5372596153846154 0.019230769230769232 0.04326923076923077
2 0.3137019230769231 0.515625 0.014423076923076924 0.038461538461538464
2 0.7992788461538461 0.5276442307692307 0.02403846153846154 0.05048076923076923
2 0.4074519230769231 0.5877403846153846 0.021634615384615384 0.04567307692307692
3 0.5288461538461539 0.49759615384615385 0.016826923076923076 0.038461538461538464
2 0.7139423076923077 0.5084134615384616 0.016826923076923076 0.04326923076923077
2 0.3389423076923077 0.7451923076923077 0.021634615384615384 0.057692307692307696
2 0.3629807692307692 0.6574519230769231 0.019230769230769232 0.052884615384615384
2 0.7764423076923077 0.6201923076923077 0.021634615384615384 0.057692307692307696
2 0.6454326923076923 0.6959134615384616 0.026442307692307692 0.0625
2 0.8966346153846154 0.5420673076923077 0.02403846153846154 0.057692307692307696
3 0.9375 0.7091346153846154 0.03365384615384615 0.07451923076923077
0 0.18629807692307693 0.6682692307692307 0.01201923076923077 0.014423076923076924
3 0.3641826923076923 0.42427884615384615 0.01201923076923077 0.02403846153846154
2 0.47596153846153844 0.4326923076923077 0.016826923076923076 0.03365384615384615
2 0.5348557692307693 0.4423076923076923 0.016826923076923076 0.038461538461538464
2 0.6983173076923077 0.40625 0.014423076923076924 0.03365384615384615
2 0.6947115384615384 0.41346153846153844 0.014423076923076924 0.03365384615384615