2 0.515625 0.375 0.014423076923076924 0.04807692307692308
2 0.390625 0.36177884615384615 0.014423076923076924 0.04326923076923077
3 0.7608173076923077 0.3473557692307692 0.01201923076923077 0.04567307692307692
2 0.40384615384615385 0.3894230769230769 0.01201923076923077 0.04567307692307692
2 0.36778846153846156 0.3870192307692308 0.014423076923076924 0.04567307692307692
2 0.4567307692307692 0.36658653846153844 0.01201923076923077 0.040865384615384616
2 0.6670673076923077 0.3798076923076923 0.01201923076923077 0.04567307692307692
2 0.48677884615384615 0.4014423076923077 0.016826923076923076 0.04326923076923077
3 0.3894230769230769 0.4387019230769231 0.01201923076923077 0.0625
2 0.23197115384615385 0.4074519230769231 0.014423076923076924 0.055288461538461536
2 0.2824519230769231 0.44711538461538464 0.014423076923076924 0.055288461538461536
2 0.16947115384615385 0.4855769230769231 0.016826923076923076 0.06490384615384616
2 0.6189903846153846 0.4182692307692308 0.014423076923076924 0.057692307692307696
2 0.25841346153846156 0.44711538461538464 0.014423076923076924 0.057692307692307696
2 0.5829326923076923 0.8233173076923077 0.02403846153846154 0.10096153846153846
2 0.11177884615384616 0.578125 0.021634615384615384 0.07451923076923077
2 0.5192307692307693 0.5036057692307693 0.016826923076923076 0.0625
2 0.8629807692307693 0.5661057692307693 0.016826923076923076 0.07692307692307693
2 0.14423076923076922 0.5757211538461539 0.03365384615384615 0.08173076923076923
2 0.20072115384615385 0.7884615384615384 0.019230769230769232 0.09375
2 0.7860576923076923 0.4375 0.01201923076923077 0.06490384615384616
2 0.34615384615384615 0.5733173076923077 0.02403846153846154 0.07211538461538461
0 0.4170673076923077 0.39663461538461536 0.007211538461538462 0.01201923076923077