3 0.8209134615384616 0.24639423076923078 0.014423076923076924 0.038461538461538464
2 0.6189903846153846 0.28125 0.019230769230769232 0.036057692307692304
2 0.6069711538461539 0.28365384615384615 0.016826923076923076 0.040865384615384616
2 0.18990384615384615 0.32572115384615385 0.014423076923076924 0.040865384615384616
2 0.23557692307692307 0.3329326923076923 0.016826923076923076 0.040865384615384616
2 0.7067307692307693 0.2920673076923077 0.014423076923076924 0.040865384615384616
2 0.5877403846153846 0.3076923076923077 0.019230769230769232 0.04567307692307692
1 0.03485576923076923 0.39903846153846156 0.019230769230769232 0.05048076923076923
2 0.22355769230769232 0.34375 0.014423076923076924 0.04567307692307692
2 0.6129807692307693 0.35096153846153844 0.016826923076923076 0.04807692307692308
3 0.35336538461538464 0.33533653846153844 0.019230769230769232 0.04807692307692308
2 0.3786057692307692 0.3245192307692308 0.014423076923076924 0.04326923076923077
2 0.4182692307692308 0.34975961538461536 0.016826923076923076 0.04326923076923077
2 0.3317307692307692 0.37259615384615385 0.019230769230769232 0.04807692307692308
2 0.3762019230769231 0.36778846153846156 0.016826923076923076 0.05048076923076923
2 0.1502403846153846 0.4362980769230769 0.021634615384615384 0.055288461538461536
2 0.17067307692307693 0.4579326923076923 0.021634615384615384 0.052884615384615384
2 0.8425480769230769 0.33052884615384615 0.021634615384615384 0.057692307692307696
2 0.5144230769230769 0.3954326923076923 0.016826923076923076 0.052884615384615384
2 0.8149038461538461 0.46153846153846156 0.028846153846153848 0.07451923076923077
2 0.8317307692307693 0.4074519230769231 0.021634615384615384 0.06490384615384616
2 0.5961538461538461 0.5132211538461539 0.028846153846153848 0.06490384615384616