2 0.6201923076923077 0.5096153846153846 0.01201923076923077 0.038461538461538464
2 0.5276442307692307 0.375 0.007211538461538462 0.030048076923076924
2 0.6105769230769231 0.5336538461538461 0.016826923076923076 0.042067307692307696
2 0.5396634615384616 0.3918269230769231 0.007211538461538462 0.03125
2 0.7115384615384616 0.4795673076923077 0.009615384615384616 0.040865384615384616
2 0.7055288461538461 0.40024038461538464 0.007211538461538462 0.038461538461538464
2 0.7992788461538461 0.42427884615384615 0.010817307692307692 0.039663461538461536
2 0.8521634615384616 0.5072115384615384 0.013221153846153846 0.05048076923076923
0 0.24278846153846154 0.7524038461538461 0.006009615384615385 0.01201923076923077
2 0.6826923076923077 0.6334134615384616 0.020432692307692308 0.05048076923076923
2 0.6947115384615384 0.4675480769230769 0.010817307692307692 0.04326923076923077
2 0.06971153846153846 0.5540865384615384 0.020432692307692308 0.05048076923076923
2 0.5456730769230769 0.4338942307692308 0.007211538461538462 0.040865384615384616
2 0.3762019230769231 0.4026442307692308 0.008413461538461538 0.040865384615384616
2 0.23557692307692307 0.7139423076923077 0.030048076923076924 0.06490384615384616
1 0.14543269230769232 0.43509615384615385 0.01201923076923077 0.04447115384615385
2 0.29086538461538464 0.6838942307692307 0.019230769230769232 0.06009615384615385
2 0.4026442307692308 0.4795673076923077 0.009615384615384616 0.04927884615384615
2 0.4170673076923077 0.4651442307692308 0.009615384615384616 0.04326923076923077
2 0.9002403846153846 0.5408653846153846 0.020432692307692308 0.04927884615384615
2 0.2127403846153846 0.5372596153846154 0.021634615384615384 0.057692307692307696
2 0.6875 0.6117788461538461 0.025240384615384616 0.039663461538461536
3 0.8317307692307693 0.375 0.008413461538461538 0.03365384615384615
2 0.8533653846153846 0.49278846153846156 0.013221153846153846 0.052884615384615384