2 0.30408653846153844 0.3737980769230769 0.010817307692307692 0.040865384615384616
2 0.49278846153846156 0.36658653846153844 0.006009615384615385 0.03365384615384615
2 0.6646634615384616 0.375 0.009615384615384616 0.04326923076923077
2 0.13581730769230768 0.45913461538461536 0.010817307692307692 0.052884615384615384
2 0.20673076923076922 0.39903846153846156 0.01201923076923077 0.038461538461538464
2 0.27283653846153844 0.43149038461538464 0.010817307692307692 0.04326923076923077
2 0.4735576923076923 0.3870192307692308 0.008413461538461538 0.038461538461538464
2 0.3173076923076923 0.41346153846153844 0.008413461538461538 0.04567307692307692
2 0.8377403846153846 0.5096153846153846 0.013221153846153846 0.057692307692307696
2 0.5733173076923077 0.421875 0.010817307692307692 0.04807692307692308
2 0.13341346153846154 0.4951923076923077 0.013221153846153846 0.057692307692307696
2 0.1875 0.5600961538461539 0.014423076923076924 0.057692307692307696
1 0.8581730769230769 0.40625 0.010817307692307692 0.046875
2 0.30649038461538464 0.53125 0.010817307692307692 0.054086538461538464
2 0.5997596153846154 0.40625 0.008413461538461538 0.042067307692307696
2 0.2848557692307692 0.4807692307692308 0.014423076923076924 0.05048076923076923
2 0.11658653846153846 0.5072115384615384 0.013221153846153846 0.057692307692307696
2 0.47596153846153844 0.5576923076923077 0.014423076923076924 0.057692307692307696
3 0.40024038461538464 0.45913461538461536 0.010817307692307692 0.046875
2 0.6454326923076923 0.47475961538461536 0.010817307692307692 0.055288461538461536
2 0.6838942307692307 0.6526442307692307 0.019230769230769232 0.07211538461538461
3 0.14543269230769232 0.359375 0.010817307692307692 0.040865384615384616
2 0.53125 0.3485576923076923 0.01201923076923077 0.038461538461538464
0 0.8233173076923077 0.5348557692307693 0.007211538461538462 0.013221153846153846