3 0.12620192307692307 0.3161057692307692 0.009615384615384616 0.038461538461538464
2 0.3269230769230769 0.31850961538461536 0.014423076923076924 0.036057692307692304
2 0.3389423076923077 0.32091346153846156 0.01201923076923077 0.038461538461538464
2 0.7451923076923077 0.2980769230769231 0.009615384615384616 0.038461538461538464
2 0.703125 0.3125 0.009615384615384616 0.040865384615384616
2 0.24639423076923078 0.3449519230769231 0.009615384615384616 0.040865384615384616
2 0.3605769230769231 0.34134615384615385 0.014423076923076924 0.04326923076923077
1 0.90625 0.34375 0.01201923076923077 0.04807692307692308
2 0.7163461538461539 0.31971153846153844 0.009615384615384616 0.04567307692307692
2 0.3449519230769231 0.3858173076923077 0.009615384615384616 0.04567307692307692
3 0.5901442307692307 0.3317307692307692 0.01201923076923077 0.04567307692307692
2 0.5637019230769231 0.3245192307692308 0.007211538461538462 0.040865384615384616
2 0.53125 0.35697115384615385 0.01201923076923077 0.040865384615384616
2 0.6165865384615384 0.36538461538461536 0.01201923076923077 0.04567307692307692
2 0.5733173076923077 0.36658653846153844 0.009615384615384616 0.05048076923076923
2 0.8016826923076923 0.39783653846153844 0.014423076923076924 0.052884615384615384
2 0.7836538461538461 0.421875 0.016826923076923076 0.05048076923076923
2 0.1201923076923077 0.4026442307692308 0.014423076923076924 0.055288461538461536
2 0.44591346153846156 0.41466346153846156 0.009615384615384616 0.052884615384615384
2 0.1658653846153846 0.5240384615384616 0.019230769230769232 0.06971153846153846
2 0.14182692307692307 0.4735576923076923 0.01201923076923077 0.0625
2 0.38461538461538464 0.5396634615384616 0.019230769230769232 0.0625