2 0.5721153846153846 0.38461538461538464 0.021634615384615384 0.038461538461538464
2 0.7788461538461539 0.2920673076923077 0.019230769230769232 0.038461538461538464
2 0.7391826923076923 0.4326923076923077 0.02403846153846154 0.04567307692307692
2 0.7956730769230769 0.30288461538461536 0.019230769230769232 0.038461538461538464
2 0.7331730769230769 0.3942307692307692 0.021634615384615384 0.04326923076923077
2 0.5144230769230769 0.421875 0.021634615384615384 0.04807692307692308
3 0.671875 0.390625 0.02403846153846154 0.05048076923076923
2 0.7548076923076923 0.4639423076923077 0.026442307692307692 0.0625
2 0.5060096153846154 0.4735576923076923 0.028846153846153848 0.04807692307692308
2 0.5276442307692307 0.47115384615384615 0.02403846153846154 0.05048076923076923
2 0.27884615384615385 0.5709134615384616 0.02403846153846154 0.052884615384615384
1 0.15745192307692307 0.53125 0.02403846153846154 0.05048076923076923
2 0.8882211538461539 0.43990384615384615 0.026442307692307692 0.06009615384615385
2 0.8317307692307693 0.35216346153846156 0.021634615384615384 0.04807692307692308
2 0.9495192307692307 0.4651442307692308 0.036057692307692304 0.06971153846153846
2 0.7752403846153846 0.6286057692307693 0.03365384615384615 0.06971153846153846
2 0.9074519230769231 0.5324519230769231 0.03365384615384615 0.06971153846153846
2 0.3545673076923077 0.45552884615384615 0.019230769230769232 0.04567307692307692
2 0.5228365384615384 0.5733173076923077 0.03125 0.0625
2 0.45913461538461536 0.7019230769230769 0.040865384615384616 0.07211538461538461
0 0.33774038461538464 0.5276442307692307 0.009615384615384616 0.014423076923076924
3 0.4110576923076923 0.33413461538461536 0.016826923076923076 0.03365384615384615
2 0.5480769230769231 0.328125 0.019230769230769232 0.038461538461538464
2 0.6177884615384616 0.3473557692307692 0.021634615384615384 0.04326923076923077