0 0.6057692307692307 0.49278846153846156 0.007211538461538462 0.01201923076923077
2 0.4050480769230769 0.3389423076923077 0.019230769230769232 0.04807692307692308
2 0.2668269230769231 0.34975961538461536 0.02403846153846154 0.055288461538461536
2 0.3713942307692308 0.32572115384615385 0.019230769230769232 0.04567307692307692
2 0.28125 0.3317307692307692 0.019230769230769232 0.05048076923076923
2 0.5120192307692307 0.43028846153846156 0.028846153846153848 0.06009615384615385
2 0.6466346153846154 0.4266826923076923 0.028846153846153848 0.055288461538461536
2 0.47475961538461536 0.3629807692307692 0.021634615384615384 0.055288461538461536
2 0.5961538461538461 0.46274038461538464 0.028846153846153848 0.052884615384615384
2 0.421875 0.421875 0.02403846153846154 0.057692307692307696
2 0.3629807692307692 0.43149038461538464 0.03125 0.0625
2 0.8653846153846154 0.5060096153846154 0.028846153846153848 0.06490384615384616
2 0.21514423076923078 0.3894230769230769 0.021634615384615384 0.0625
2 0.4519230769230769 0.38822115384615385 0.026442307692307692 0.06009615384615385
2 0.4699519230769231 0.6310096153846154 0.036057692307692304 0.07692307692307693
2 0.21754807692307693 0.4326923076923077 0.03125 0.07211538461538461
2 0.3317307692307692 0.3954326923076923 0.026442307692307692 0.06009615384615385
3 0.5528846153846154 0.45552884615384615 0.036057692307692304 0.06009615384615385
2 0.875 0.65625 0.040865384615384616 0.08173076923076923
2 0.6370192307692307 0.6358173076923077 0.04326923076923077 0.07692307692307693
2 0.9579326923076923 0.6322115384615384 0.040865384615384616 0.07692307692307693
2 0.2439903846153846 0.53125 0.038461538461538464 0.07451923076923077
3 0.36658653846153844 0.28365384615384615 0.019230769230769232 0.04567307692307692