2 0.5072115384615384 0.40024038461538464 0.01201923076923077 0.03125
2 0.2127403846153846 0.47596153846153844 0.014423076923076924 0.03365384615384615
2 0.49759615384615385 0.41346153846153844 0.009615384615384616 0.028846153846153848
2 0.6286057692307693 0.41586538461538464 0.016826923076923076 0.038461538461538464
2 0.1201923076923077 0.5456730769230769 0.016826923076923076 0.038461538461538464
2 0.46634615384615385 0.48677884615384615 0.01201923076923077 0.038461538461538464
2 0.5973557692307693 0.5072115384615384 0.016826923076923076 0.04567307692307692
2 0.1466346153846154 0.5396634615384616 0.014423076923076924 0.040865384615384616
2 0.27524038461538464 0.5348557692307693 0.014423076923076924 0.040865384615384616
2 0.0625 0.7043269230769231 0.028846153846153848 0.055288461538461536
2 0.6009615384615384 0.7199519230769231 0.02403846153846154 0.06971153846153846
3 0.30649038461538464 0.5685096153846154 0.02403846153846154 0.05048076923076923
2 0.5841346153846154 0.5276442307692307 0.016826923076923076 0.04807692307692308
2 0.3173076923076923 0.6009615384615384 0.026442307692307692 0.05048076923076923
2 0.2512019230769231 0.5360576923076923 0.021634615384615384 0.04807692307692308
1 0.8653846153846154 0.41466346153846156 0.016826923076923076 0.038461538461538464
2 0.8269230769230769 0.5420673076923077 0.019230769230769232 0.057692307692307696
2 0.8942307692307693 0.5612980769230769 0.026442307692307692 0.057692307692307696
3 0.9495192307692307 0.6634615384615384 0.026442307692307692 0.06971153846153846
2 0.7512019230769231 0.6634615384615384 0.02403846153846154 0.06490384615384616
2 0.10576923076923077 0.7596153846153846 0.036057692307692304 0.0625
2 0.3389423076923077 0.4423076923076923 0.014423076923076924 0.036057692307692304