0 0.4483173076923077 0.4326923076923077 0.009615384615384616 0.01201923076923077
2 0.6382211538461539 0.25961538461538464 0.02403846153846154 0.05048076923076923
2 0.7800480769230769 0.25841346153846156 0.028846153846153848 0.055288461538461536
2 0.6730769230769231 0.2439903846153846 0.02403846153846154 0.04807692307692308
2 0.7620192307692307 0.2403846153846154 0.02403846153846154 0.052884615384615384
2 0.5372596153846154 0.36177884615384615 0.03365384615384615 0.0625
2 0.40024038461538464 0.3701923076923077 0.03365384615384615 0.057692307692307696
2 0.5709134615384616 0.28966346153846156 0.028846153846153848 0.055288461538461536
2 0.4567307692307692 0.4026442307692308 0.03365384615384615 0.055288461538461536
2 0.6286057692307693 0.34375 0.028846153846153848 0.057692307692307696
2 0.6899038461538461 0.34975961538461536 0.036057692307692304 0.0625
2 0.18629807692307693 0.46875 0.036057692307692304 0.0673076923076923
2 0.8353365384615384 0.2932692307692308 0.028846153846153848 0.06490384615384616
2 0.5949519230769231 0.3125 0.03125 0.06009615384615385
2 0.5985576923076923 0.5612980769230769 0.040865384615384616 0.07932692307692307
2 0.8365384615384616 0.33774038461538464 0.036057692307692304 0.07451923076923077
2 0.7175480769230769 0.31009615384615385 0.03125 0.06009615384615385
3 0.4987980769230769 0.3894230769230769 0.040865384615384616 0.0625
2 0.19110576923076922 0.6225961538461539 0.04807692307692308 0.08173076923076923
2 0.42908653846153844 0.5793269230769231 0.05048076923076923 0.07932692307692307
2 0.1045673076923077 0.6045673076923077 0.04567307692307692 0.07932692307692307
2 0.8173076923076923 0.43990384615384615 0.04567307692307692 0.07692307692307693
3 0.671875 0.19831730769230768 0.021634615384615384 0.04567307692307692