2 0.5564903846153846 0.4230769230769231 0.016826923076923076 0.038461538461538464
2 0.24158653846153846 0.4230769230769231 0.016826923076923076 0.04326923076923077
2 0.5805288461538461 0.43990384615384615 0.014423076923076924 0.04326923076923077
2 0.6923076923076923 0.5396634615384616 0.021634615384615384 0.052884615384615384
2 0.09134615384615384 0.5637019230769231 0.021634615384615384 0.0625
2 0.08774038461538461 0.5336538461538461 0.02403846153846154 0.06490384615384616
2 0.8413461538461539 0.6394230769230769 0.02403846153846154 0.052884615384615384
2 0.6153846153846154 0.4579326923076923 0.014423076923076924 0.04567307692307692
2 0.890625 0.6790865384615384 0.028846153846153848 0.06490384615384616
2 0.47596153846153844 0.4723557692307692 0.014423076923076924 0.04567307692307692
2 0.30288461538461536 0.5612980769230769 0.019230769230769232 0.0625
2 0.6706730769230769 0.6141826923076923 0.021634615384615384 0.057692307692307696
2 0.31490384615384615 0.421875 0.01201923076923077 0.04326923076923077
2 0.7572115384615384 0.6911057692307693 0.02403846153846154 0.0625
3 0.5444711538461539 0.5228365384615384 0.021634615384615384 0.052884615384615384
2 0.11298076923076923 0.5841346153846154 0.021634615384615384 0.0673076923076923
2 0.5721153846153846 0.6177884615384616 0.019230769230769232 0.0625
3 0.02283653846153846 0.8040865384615384 0.036057692307692304 0.09375
2 0.3137019230769231 0.5757211538461539 0.028846153846153848 0.06009615384615385
2 0.5492788461538461 0.6694711538461539 0.028846153846153848 0.06490384615384616
2 0.7355769230769231 0.6875 0.021634615384615384 0.0625
2 0.5 0.6935096153846154 0.026442307692307692 0.07451923076923077
1 0.7391826923076923 0.44350961538461536 0.016826923076923076 0.04567307692307692
0 0.8846153846153846 0.6574519230769231 0.007211538461538462 0.01201923076923077
3 0.4735576923076923 0.3329326923076923 0.01201923076923077 0.03125