2 0.3112980769230769 0.4411057692307692 0.006009615384615385 0.030048076923076924
2 0.5697115384615384 0.4375 0.006009615384615385 0.030048076923076924
2 0.5697115384615384 0.47596153846153844 0.007211538461538462 0.03485576923076923
2 0.47115384615384615 0.44471153846153844 0.006009615384615385 0.03125
2 0.25721153846153844 0.5492788461538461 0.013221153846153846 0.040865384615384616
2 0.7043269230769231 0.4723557692307692 0.008413461538461538 0.03485576923076923
2 0.22716346153846154 0.4807692307692308 0.008413461538461538 0.038461538461538464
2 0.8930288461538461 0.5588942307692307 0.008413461538461538 0.04326923076923077
2 0.625 0.49278846153846156 0.007211538461538462 0.038461538461538464
2 0.38221153846153844 0.5192307692307693 0.008413461538461538 0.040865384615384616
3 0.05048076923076923 0.7848557692307693 0.025240384615384616 0.06971153846153846
2 0.7836538461538461 0.6021634615384616 0.009615384615384616 0.042067307692307696
3 0.5841346153846154 0.5192307692307693 0.01201923076923077 0.038461538461538464
2 0.0733173076923077 0.6177884615384616 0.010817307692307692 0.054086538461538464
1 0.8725961538461539 0.5300480769230769 0.013221153846153846 0.037259615384615384
2 0.5276442307692307 0.5084134615384616 0.007211538461538462 0.038461538461538464
2 0.6021634615384616 0.5805288461538461 0.007211538461538462 0.046875
2 0.1310096153846154 0.6105769230769231 0.020432692307692308 0.05048076923076923
2 0.3449519230769231 0.5612980769230769 0.009615384615384616 0.04567307692307692
2 0.38221153846153844 0.7163461538461539 0.018028846153846152 0.056490384615384616
2 0.7824519230769231 0.6887019230769231 0.01201923076923077 0.056490384615384616
2 0.24158653846153846 0.6911057692307693 0.014423076923076924 0.0625
2 0.296875 0.4411057692307692 0.007211538461538462 0.03245192307692308
0 0.8725961538461539 0.53125 0.004807692307692308 0.010817307692307692