2 0.3954326923076923 0.3449519230769231 0.019230769230769232 0.040865384615384616
2 0.2692307692307692 0.41947115384615385 0.016826923076923076 0.04326923076923077
2 0.265625 0.44350961538461536 0.016826923076923076 0.040865384615384616
2 0.23317307692307693 0.4206730769230769 0.016826923076923076 0.04567307692307692
2 0.3942307692307692 0.38221153846153844 0.019230769230769232 0.04807692307692308
2 0.6322115384615384 0.33052884615384615 0.016826923076923076 0.040865384615384616
3 0.8557692307692307 0.28125 0.019230769230769232 0.04326923076923077
2 0.2704326923076923 0.36177884615384615 0.014423076923076924 0.040865384615384616
1 0.08653846153846154 0.4362980769230769 0.016826923076923076 0.04567307692307692
2 0.8173076923076923 0.38100961538461536 0.016826923076923076 0.05048076923076923
2 0.18629807692307693 0.46634615384615385 0.019230769230769232 0.052884615384615384
2 0.20552884615384615 0.45552884615384615 0.019230769230769232 0.052884615384615384
2 0.5709134615384616 0.3293269230769231 0.014423076923076924 0.04326923076923077
2 0.8677884615384616 0.36778846153846156 0.028846153846153848 0.0625
2 0.5276442307692307 0.40024038461538464 0.021634615384615384 0.052884615384615384
3 0.43149038461538464 0.3701923076923077 0.021634615384615384 0.04567307692307692
2 0.12139423076923077 0.5132211538461539 0.021634615384615384 0.06490384615384616
2 0.31971153846153844 0.3737980769230769 0.016826923076923076 0.04567307692307692
2 0.6057692307692307 0.41586538461538464 0.02403846153846154 0.052884615384615384
2 0.8173076923076923 0.41466346153846156 0.021634615384615384 0.057692307692307696
2 0.5396634615384616 0.5540865384615384 0.038461538461538464 0.0673076923076923
2 0.25240384615384615 0.4735576923076923 0.026442307692307692 0.052884615384615384
2 0.38822115384615385 0.33052884615384615 0.014423076923076924 0.036057692307692304