2 0.5396634615384616 0.38341346153846156 0.01201923076923077 0.028846153846153848
1 0.1622596153846154 0.40625 0.01201923076923077 0.040865384615384616
2 0.4050480769230769 0.35216346153846156 0.014423076923076924 0.03365384615384615
2 0.5120192307692307 0.3954326923076923 0.01201923076923077 0.03365384615384615
2 0.18990384615384615 0.4699519230769231 0.014423076923076924 0.05048076923076923
2 0.43990384615384615 0.4254807692307692 0.014423076923076924 0.036057692307692304
2 0.3245192307692308 0.39302884615384615 0.016826923076923076 0.04326923076923077
2 0.28365384615384615 0.45072115384615385 0.014423076923076924 0.04326923076923077
2 0.6754807692307693 0.3870192307692308 0.016826923076923076 0.036057692307692304
2 0.4831730769230769 0.43028846153846156 0.014423076923076924 0.04807692307692308
2 0.8485576923076923 0.47596153846153844 0.014423076923076924 0.052884615384615384
2 0.16466346153846154 0.49399038461538464 0.019230769230769232 0.04807692307692308
2 0.2800480769230769 0.5396634615384616 0.019230769230769232 0.052884615384615384
2 0.8401442307692307 0.49759615384615385 0.014423076923076924 0.06009615384615385
2 0.6742788461538461 0.5612980769230769 0.026442307692307692 0.06009615384615385
2 0.5036057692307693 0.5913461538461539 0.019230769230769232 0.057692307692307696
2 0.8413461538461539 0.4074519230769231 0.019230769230769232 0.040865384615384616
3 0.9399038461538461 0.8076923076923077 0.03365384615384615 0.10096153846153846
3 0.39302884615384615 0.31009615384615385 0.009615384615384616 0.036057692307692304
2 0.28725961538461536 0.4026442307692308 0.014423076923076924 0.04567307692307692
2 0.2920673076923077 0.39302884615384615 0.014423076923076924 0.04807692307692308
0 0.6189903846153846 0.4170673076923077 0.007211538461538462 0.01201923076923077
2 0.6802884615384616 0.3798076923076923 0.01201923076923077 0.038461538461538464