2 0.7223557692307693 0.4567307692307692 0.019230769230769232 0.040865384615384616
2 0.5576923076923077 0.40865384615384615 0.01201923076923077 0.03365384615384615
2 0.7439903846153846 0.4651442307692308 0.016826923076923076 0.040865384615384616
3 0.6021634615384616 0.48677884615384615 0.01201923076923077 0.04326923076923077
2 0.8233173076923077 0.4675480769230769 0.01201923076923077 0.04326923076923077
2 0.5745192307692307 0.4170673076923077 0.014423076923076924 0.038461538461538464
2 0.6033653846153846 0.5060096153846154 0.014423076923076924 0.04567307692307692
2 0.9242788461538461 0.5228365384615384 0.016826923076923076 0.04807692307692308
2 0.35697115384615385 0.453125 0.009615384615384616 0.040865384615384616
2 0.8942307692307693 0.5036057692307693 0.016826923076923076 0.05048076923076923
2 0.3918269230769231 0.44711538461538464 0.01201923076923077 0.038461538461538464
2 0.1201923076923077 0.6971153846153846 0.016826923076923076 0.07211538461538461
2 0.7848557692307693 0.546875 0.016826923076923076 0.055288461538461536
2 0.09375 0.5865384615384616 0.019230769230769232 0.055288461538461536
2 0.41586538461538464 0.5456730769230769 0.014423076923076924 0.055288461538461536
2 0.5745192307692307 0.6045673076923077 0.019230769230769232 0.06009615384615385
2 0.09975961538461539 0.7091346153846154 0.019230769230769232 0.06971153846153846
2 0.6021634615384616 0.5997596153846154 0.021634615384615384 0.055288461538461536
2 0.4326923076923077 0.5552884615384616 0.016826923076923076 0.052884615384615384
3 0.08173076923076923 0.8942307692307693 0.021634615384615384 0.09375
2 0.7271634615384616 0.44350961538461536 0.01201923076923077 0.040865384615384616
1 0.6598557692307693 0.4098557692307692 0.019230769230769232 0.036057692307692304
2 0.5649038461538461 0.4182692307692308 0.01201923076923077 0.038461538461538464
3 0.4639423076923077 0.3449519230769231 0.009615384615384616 0.028846153846153848