2 0.2860576923076923 0.36538461538461536 0.009615384615384616 0.025240384615384616
0 0.08413461538461539 0.4266826923076923 0.006009615384615385 0.009615384615384616
2 0.28966346153846156 0.39903846153846156 0.015625 0.040865384615384616
2 0.6298076923076923 0.37740384615384615 0.01201923076923077 0.039663461538461536
2 0.4987980769230769 0.41586538461538464 0.01201923076923077 0.037259615384615384
2 0.31971153846153844 0.3629807692307692 0.009615384615384616 0.04326923076923077
2 0.3245192307692308 0.41225961538461536 0.014423076923076924 0.051682692307692304
2 0.6141826923076923 0.37740384615384615 0.010817307692307692 0.04567307692307692
2 0.6706730769230769 0.4519230769230769 0.014423076923076924 0.054086538461538464
2 0.5396634615384616 0.4014423076923077 0.009615384615384616 0.04567307692307692
2 0.6838942307692307 0.46274038461538464 0.009615384615384616 0.054086538461538464
2 0.578125 0.39783653846153844 0.013221153846153846 0.051682692307692304
2 0.6394230769230769 0.3894230769230769 0.010817307692307692 0.05048076923076923
2 0.90625 0.39663461538461536 0.010817307692307692 0.054086538461538464
2 0.3942307692307692 0.4411057692307692 0.018028846153846152 0.056490384615384616
2 0.04807692307692308 0.41225961538461536 0.01201923076923077 0.051682692307692304
2 0.36177884615384615 0.5348557692307693 0.014423076923076924 0.06370192307692307
2 0.2800480769230769 0.4891826923076923 0.019230769230769232 0.057692307692307696
3 0.15745192307692307 0.8641826923076923 0.020432692307692308 0.10216346153846154
3 0.5228365384615384 0.4519230769230769 0.013221153846153846 0.055288461538461536
2 0.2668269230769231 0.5877403846153846 0.021634615384615384 0.06610576923076923
3 0.5564903846153846 0.29927884615384615 0.008413461538461538 0.038461538461538464
2 0.5588942307692307 0.34134615384615385 0.015625 0.04447115384615385
2 0.671875 0.43149038461538464 0.014423076923076924 0.054086538461538464
2 0.5 0.4026442307692308 0.01201923076923077 0.04807692307692308