2 0.44350961538461536 0.40384615384615385 0.016826923076923076 0.036057692307692304
2 0.6538461538461539 0.484375 0.021634615384615384 0.038461538461538464
2 0.6730769230769231 0.4879807692307692 0.021634615384615384 0.038461538461538464
2 0.4050480769230769 0.39783653846153844 0.016826923076923076 0.036057692307692304
2 0.359375 0.43990384615384615 0.019230769230769232 0.040865384615384616
2 0.4795673076923077 0.4651442307692308 0.021634615384615384 0.04567307692307692
2 0.14182692307692307 0.4723557692307692 0.028846153846153848 0.04567307692307692
3 0.4206730769230769 0.4795673076923077 0.021634615384615384 0.04567307692307692
2 0.6177884615384616 0.5901442307692307 0.026442307692307692 0.055288461538461536
2 0.8257211538461539 0.6502403846153846 0.026442307692307692 0.057692307692307696
2 0.4050480769230769 0.5348557692307693 0.02403846153846154 0.052884615384615384
2 0.6033653846153846 0.5925480769230769 0.028846153846153848 0.052884615384615384
2 0.8209134615384616 0.7235576923076923 0.028846153846153848 0.0625
2 0.8125 0.7103365384615384 0.03125 0.0673076923076923
3 0.7956730769230769 0.9122596153846154 0.036057692307692304 0.08653846153846154
2 0.2848557692307692 0.4807692307692308 0.021634615384615384 0.04807692307692308
2 0.4050480769230769 0.6153846153846154 0.03125 0.06490384615384616
2 0.36778846153846156 0.5901442307692307 0.03125 0.057692307692307696
2 0.1935096153846154 0.5348557692307693 0.03365384615384615 0.06009615384615385
3 0.5552884615384616 0.3581730769230769 0.01201923076923077 0.02403846153846154
2 0.06850961538461539 0.4362980769230769 0.02403846153846154 0.04807692307692308
2 0.056490384615384616 0.4411057692307692 0.02403846153846154 0.038461538461538464
0 0.04447115384615385 0.4567307692307692 0.007211538461538462 0.007211538461538462
1 0.34975961538461536 0.37259615384615385 0.021634615384615384 0.04326923076923077