2 0.2860576923076923 0.484375 0.01201923076923077 0.03125
2 0.5492788461538461 0.42908653846153844 0.01201923076923077 0.03125
2 0.5552884615384616 0.4699519230769231 0.014423076923076924 0.036057692307692304
2 0.4495192307692308 0.4567307692307692 0.01201923076923077 0.03365384615384615
2 0.2536057692307692 0.6045673076923077 0.021634615384615384 0.04326923076923077
2 0.6911057692307693 0.43990384615384615 0.014423076923076924 0.036057692307692304
2 0.2091346153846154 0.5408653846153846 0.016826923076923076 0.040865384615384616
2 0.8990384615384616 0.4891826923076923 0.016826923076923076 0.04567307692307692
2 0.6153846153846154 0.4735576923076923 0.016826923076923076 0.040865384615384616
2 0.3737980769230769 0.5492788461538461 0.016826923076923076 0.04326923076923077
3 0.09134615384615384 0.8834134615384616 0.040865384615384616 0.07692307692307693
2 0.796875 0.5540865384615384 0.016826923076923076 0.04567307692307692
3 0.5793269230769231 0.5108173076923077 0.019230769230769232 0.04326923076923077
2 0.08052884615384616 0.7115384615384616 0.021634615384615384 0.055288461538461536
1 0.8725961538461539 0.4639423076923077 0.021634615384615384 0.040865384615384616
2 0.5192307692307693 0.5108173076923077 0.016826923076923076 0.040865384615384616
2 0.609375 0.5685096153846154 0.016826923076923076 0.05048076923076923
2 0.13701923076923078 0.6923076923076923 0.028846153846153848 0.055288461538461536
2 0.34375 0.5985576923076923 0.019230769230769232 0.04807692307692308
2 0.41346153846153844 0.7487980769230769 0.03125 0.0625
2 0.8125 0.6418269230769231 0.02403846153846154 0.06009615384615385
2 0.265625 0.7524038461538461 0.026442307692307692 0.0673076923076923
2 0.27163461538461536 0.48677884615384615 0.014423076923076924 0.03365384615384615
0 0.8737980769230769 0.4651442307692308 0.007211538461538462 0.01201923076923077