2 0.43028846153846156 0.42908653846153844 0.009615384615384616 0.025240384615384616
1 0.7764423076923077 0.43028846153846156 0.009615384615384616 0.037259615384615384
2 0.5504807692307693 0.39302884615384615 0.010817307692307692 0.030048076923076924
2 0.45552884615384615 0.4387019230769231 0.008413461538461538 0.030048076923076924
2 0.7536057692307693 0.49038461538461536 0.009615384615384616 0.04567307692307692
2 0.5228365384615384 0.46033653846153844 0.010817307692307692 0.03245192307692308
2 0.6274038461538461 0.4254807692307692 0.013221153846153846 0.038461538461538464
2 0.6670673076923077 0.47716346153846156 0.010817307692307692 0.039663461538461536
2 0.30528846153846156 0.4375 0.013221153846153846 0.03245192307692308
2 0.4855769230769231 0.46875 0.009615384615384616 0.042067307692307696
2 0.15144230769230768 0.5276442307692307 0.010817307692307692 0.04807692307692308
2 0.7788461538461539 0.5108173076923077 0.015625 0.04326923076923077
2 0.6742788461538461 0.5576923076923077 0.015625 0.04927884615384615
2 0.16105769230769232 0.5480769230769231 0.010817307692307692 0.055288461538461536
2 0.31490384615384615 0.5985576923076923 0.02283653846153846 0.055288461538461536
2 0.4735576923076923 0.6165865384615384 0.014423076923076924 0.051682692307692304
2 0.15625 0.4639423076923077 0.015625 0.038461538461538464
2 0.9435096153846154 0.6033653846153846 0.013221153846153846 0.052884615384615384
3 0.08533653846153846 0.8353365384615384 0.025240384615384616 0.09134615384615384
3 0.5612980769230769 0.3545673076923077 0.007211538461538462 0.03125
2 0.6634615384615384 0.4338942307692308 0.010817307692307692 0.042067307692307696
2 0.6574519230769231 0.42427884615384615 0.009615384615384616 0.04326923076923077
0 0.359375 0.46274038461538464 0.004807692307692308 0.010817307692307692
2 0.3016826923076923 0.43149038461538464 0.008413461538461538 0.03365384615384615