2 0.45552884615384615 0.45913461538461536 0.010817307692307692 0.03365384615384615
2 0.25240384615384615 0.4266826923076923 0.007211538461538462 0.03485576923076923
2 0.32091346153846156 0.5396634615384616 0.01201923076923077 0.039663461538461536
2 0.2403846153846154 0.43990384615384615 0.008413461538461538 0.03485576923076923
2 0.3173076923076923 0.5048076923076923 0.008413461538461538 0.038461538461538464
2 0.5144230769230769 0.47716346153846156 0.009615384615384616 0.042067307692307696
3 0.36899038461538464 0.48677884615384615 0.010817307692307692 0.04326923076923077
2 0.31490384615384615 0.5709134615384616 0.009615384615384616 0.055288461538461536
2 0.5336538461538461 0.5204326923076923 0.015625 0.039663461538461536
2 0.515625 0.5252403846153846 0.010817307692307692 0.04326923076923077
2 0.7548076923076923 0.5528846153846154 0.009615384615384616 0.04807692307692308
1 0.8521634615384616 0.4891826923076923 0.010817307692307692 0.04447115384615385
2 0.19230769230769232 0.5817307692307693 0.010817307692307692 0.054086538461538464
2 0.22115384615384615 0.49158653846153844 0.008413461538461538 0.04326923076923077
2 0.14423076923076922 0.6177884615384616 0.016826923076923076 0.06129807692307692
2 0.33533653846153844 0.7199519230769231 0.014423076923076924 0.0625
2 0.1971153846153846 0.6670673076923077 0.014423076923076924 0.0625
2 0.6622596153846154 0.4699519230769231 0.007211538461538462 0.042067307692307696
2 0.5420673076923077 0.6117788461538461 0.014423076923076924 0.055288461538461536
2 0.6274038461538461 0.7103365384615384 0.020432692307692308 0.0625
3 0.06009615384615385 0.8257211538461539 0.02283653846153846 0.0829326923076923
0 0.6935096153846154 0.5288461538461539 0.007211538461538462 0.01201923076923077
3 0.5841346153846154 0.3762019230769231 0.008413461538461538 0.028846153846153848
2 0.46274038461538464 0.40384615384615385 0.008413461538461538 0.03365384615384615
2 0.4074519230769231 0.4375 0.009615384615384616 0.038461538461538464