2 0.5240384615384616 0.43990384615384615 0.014423076923076924 0.038461538461538464
2 0.7439903846153846 0.38341346153846156 0.01201923076923077 0.038461538461538464
2 0.6814903846153846 0.515625 0.016826923076923076 0.04567307692307692
2 0.7584134615384616 0.39783653846153844 0.01201923076923077 0.038461538461538464
2 0.6802884615384616 0.47716346153846156 0.014423076923076924 0.04326923076923077
2 0.46153846153846156 0.46634615384615385 0.014423076923076924 0.04807692307692308
3 0.6225961538461539 0.46274038461538464 0.016826923076923076 0.04807692307692308
2 0.6899038461538461 0.5492788461538461 0.016826923076923076 0.0625
2 0.44350961538461536 0.5144230769230769 0.021634615384615384 0.04567307692307692
2 0.4651442307692308 0.5180288461538461 0.016826923076923076 0.04807692307692308
2 0.203125 0.5721153846153846 0.014423076923076924 0.052884615384615384
1 0.09134615384615384 0.5120192307692307 0.016826923076923076 0.05048076923076923
2 0.8257211538461539 0.5492788461538461 0.016826923076923076 0.06009615384615385
2 0.7860576923076923 0.453125 0.014423076923076924 0.04807692307692308
2 0.8810096153846154 0.5853365384615384 0.02403846153846154 0.06971153846153846
2 0.6814903846153846 0.7163461538461539 0.021634615384615384 0.06971153846153846
2 0.828125 0.6442307692307693 0.021634615384615384 0.06971153846153846
2 0.2980769230769231 0.4723557692307692 0.01201923076923077 0.04567307692307692
2 0.44350961538461536 0.6153846153846154 0.021634615384615384 0.0625
2 0.3581730769230769 0.7331730769230769 0.028846153846153848 0.07211538461538461
3 0.9891826923076923 0.8040865384615384 0.021634615384615384 0.09375
0 0.2692307692307692 0.5396634615384616 0.007211538461538462 0.014423076923076924
3 0.37259615384615385 0.3605769230769231 0.01201923076923077 0.03365384615384615
2 0.5108173076923077 0.3786057692307692 0.01201923076923077 0.038461538461538464
2 0.5745192307692307 0.4110576923076923 0.014423076923076924 0.04326923076923077