2 0.5324519230769231 0.4074519230769231 0.019230769230769232 0.038461538461538464
2 0.2091346153846154 0.4026442307692308 0.019230769230769232 0.04567307692307692
2 0.5564903846153846 0.42427884615384615 0.014423076923076924 0.04326923076923077
2 0.6706730769230769 0.5300480769230769 0.021634615384615384 0.052884615384615384
2 0.05048076923076923 0.5432692307692307 0.02403846153846154 0.0673076923076923
2 0.04927884615384615 0.5132211538461539 0.02403846153846154 0.06490384615384616
2 0.8221153846153846 0.6358173076923077 0.02403846153846154 0.052884615384615384
2 0.5925480769230769 0.44350961538461536 0.016826923076923076 0.04807692307692308
2 0.8725961538461539 0.6766826923076923 0.03125 0.0673076923076923
2 0.4483173076923077 0.4579326923076923 0.016826923076923076 0.04807692307692308
2 0.26802884615384615 0.5444711538461539 0.021634615384615384 0.06490384615384616
2 0.6478365384615384 0.6069711538461539 0.02403846153846154 0.06009615384615385
2 0.2848557692307692 0.4014423076923077 0.014423076923076924 0.04567307692307692
2 0.734375 0.6875 0.02403846153846154 0.0625
3 0.5192307692307693 0.5096153846153846 0.021634615384615384 0.055288461538461536
2 0.0733173076923077 0.5661057692307693 0.02403846153846154 0.06971153846153846
2 0.5444711538461539 0.6081730769230769 0.021634615384615384 0.06490384615384616
2 0.2800480769230769 0.5600961538461539 0.028846153846153848 0.06490384615384616
2 0.5216346153846154 0.6610576923076923 0.03125 0.0673076923076923
2 0.7127403846153846 0.6826923076923077 0.02403846153846154 0.06490384615384616
2 0.46875 0.6850961538461539 0.028846153846153848 0.07692307692307693
1 0.7211538461538461 0.43149038461538464 0.019230769230769232 0.04807692307692308
0 0.8665865384615384 0.6550480769230769 0.007211538461538462 0.01201923076923077
3 0.4483173076923077 0.3137019230769231 0.01201923076923077 0.03125