2 0.484375 0.34375 0.01201923076923077 0.042067307692307696
2 0.5985576923076923 0.3293269230769231 0.01201923076923077 0.038461538461538464
3 0.2608173076923077 0.32211538461538464 0.009615384615384616 0.040865384615384616
2 0.5853365384615384 0.3557692307692308 0.009615384615384616 0.042067307692307696
2 0.6189903846153846 0.35216346153846156 0.01201923076923077 0.040865384615384616
2 0.5372596153846154 0.33413461538461536 0.010817307692307692 0.037259615384615384
2 0.3473557692307692 0.34975961538461536 0.010817307692307692 0.040865384615384616
2 0.5120192307692307 0.36778846153846156 0.014423076923076924 0.039663461538461536
3 0.5997596153846154 0.39903846153846156 0.010817307692307692 0.057692307692307696
2 0.7427884615384616 0.36778846153846156 0.013221153846153846 0.05048076923076923
2 0.6971153846153846 0.4050480769230769 0.013221153846153846 0.05048076923076923
2 0.8016826923076923 0.4387019230769231 0.014423076923076924 0.05889423076923077
2 0.390625 0.38461538461538464 0.01201923076923077 0.052884615384615384
2 0.71875 0.40625 0.013221153846153846 0.052884615384615384
2 0.43149038461538464 0.7536057692307693 0.020432692307692308 0.09014423076923077
2 0.8545673076923077 0.5216346153846154 0.018028846153846152 0.0673076923076923
2 0.4831730769230769 0.46033653846153844 0.014423076923076924 0.057692307692307696
2 0.17067307692307693 0.5228365384615384 0.014423076923076924 0.06971153846153846
2 0.8245192307692307 0.5204326923076923 0.027644230769230768 0.0733173076923077
2 0.7776442307692307 0.7151442307692307 0.015625 0.08653846153846154
2 0.23798076923076922 0.4050480769230769 0.010817307692307692 0.057692307692307696
2 0.640625 0.5216346153846154 0.020432692307692308 0.06490384615384616
0 0.5733173076923077 0.36177884615384615 0.004807692307692308 0.010817307692307692