2 0.42427884615384615 0.3641826923076923 0.014423076923076924 0.028846153846153848
2 0.2704326923076923 0.44711538461538464 0.01201923076923077 0.04326923076923077
2 0.18990384615384615 0.4579326923076923 0.01201923076923077 0.04326923076923077
2 0.4951923076923077 0.41225961538461536 0.01201923076923077 0.036057692307692304
2 0.5600961538461539 0.4098557692307692 0.01201923076923077 0.038461538461538464
2 0.055288461538461536 0.5420673076923077 0.014423076923076924 0.052884615384615384
2 0.640625 0.49399038461538464 0.016826923076923076 0.04807692307692308
2 0.8954326923076923 0.5204326923076923 0.01201923076923077 0.05048076923076923
2 0.17908653846153846 0.4855769230769231 0.01201923076923077 0.04567307692307692
3 0.39302884615384615 0.46274038461538464 0.019230769230769232 0.04567307692307692
2 0.4375 0.453125 0.01201923076923077 0.040865384615384616
2 0.671875 0.48197115384615385 0.01201923076923077 0.04567307692307692
2 0.8425480769230769 0.5853365384615384 0.016826923076923076 0.06490384615384616
2 0.41947115384615385 0.6045673076923077 0.021634615384615384 0.057692307692307696
2 0.2512019230769231 0.5348557692307693 0.016826923076923076 0.055288461538461536
2 0.8665865384615384 0.5877403846153846 0.016826923076923076 0.06009615384615385
2 0.5144230769230769 0.59375 0.02403846153846154 0.06009615384615385
1 0.9050480769230769 0.8473557692307693 0.026442307692307692 0.09134615384615384
3 0.47596153846153844 0.31850961538461536 0.007211538461538462 0.028846153846153848
2 0.3629807692307692 0.39783653846153844 0.014423076923076924 0.038461538461538464
2 0.35336538461538464 0.39302884615384615 0.014423076923076924 0.03365384615384615
2 0.3112980769230769 0.40024038461538464 0.014423076923076924 0.038461538461538464
2 0.2956730769230769 0.40024038461538464 0.014423076923076924 0.038461538461538464
1 0.26802884615384615 0.38822115384615385 0.009615384615384616 0.040865384615384616