2 0.5612980769230769 0.3581730769230769 0.014423076923076924 0.038461538461538464
2 0.6899038461538461 0.41225961538461536 0.01201923076923077 0.040865384615384616
2 0.6983173076923077 0.43509615384615385 0.01201923076923077 0.038461538461538464
2 0.7271634615384616 0.40865384615384615 0.009615384615384616 0.04326923076923077
2 0.5673076923076923 0.3918269230769231 0.01201923076923077 0.04567307692307692
2 0.3317307692307692 0.3762019230769231 0.01201923076923077 0.040865384615384616
3 0.109375 0.3581730769230769 0.01201923076923077 0.040865384615384616
2 0.6826923076923077 0.3557692307692308 0.009615384615384616 0.040865384615384616
1 0.8677884615384616 0.40384615384615385 0.009615384615384616 0.04567307692307692
2 0.16105769230769232 0.4483173076923077 0.009615384615384616 0.04807692307692308
2 0.7764423076923077 0.44711538461538464 0.01201923076923077 0.05048076923076923
2 0.7572115384615384 0.4375 0.01201923076923077 0.05048076923076923
2 0.390625 0.36538461538461536 0.009615384615384616 0.040865384615384616
2 0.11177884615384616 0.4423076923076923 0.019230769230769232 0.057692307692307696
2 0.43990384615384615 0.42788461538461536 0.014423076923076924 0.05048076923076923
3 0.5288461538461539 0.3858173076923077 0.014423076923076924 0.04326923076923077
2 0.8461538461538461 0.48197115384615385 0.014423076923076924 0.06009615384615385
2 0.6358173076923077 0.375 0.01201923076923077 0.04326923076923077
2 0.36899038461538464 0.4543269230769231 0.014423076923076924 0.05048076923076923
2 0.1658653846153846 0.4807692307692308 0.014423076923076924 0.052884615384615384
2 0.45072115384615385 0.5769230769230769 0.028846153846153848 0.0625
2 0.7151442307692307 0.46153846153846156 0.019230769230769232 0.05048076923076923
2 0.5649038461538461 0.3425480769230769 0.009615384615384616 0.036057692307692304