2 0.4951923076923077 0.3713942307692308 0.016826923076923076 0.04807692307692308
2 0.36658653846153844 0.36538461538461536 0.016826923076923076 0.04326923076923077
3 0.7403846153846154 0.3269230769230769 0.014423076923076924 0.04567307692307692
2 0.38341346153846156 0.3942307692307692 0.014423076923076924 0.04807692307692308
2 0.3473557692307692 0.3942307692307692 0.016826923076923076 0.04567307692307692
2 0.43509615384615385 0.36538461538461536 0.014423076923076924 0.040865384615384616
2 0.6478365384615384 0.36538461538461536 0.016826923076923076 0.04567307692307692
2 0.4675480769230769 0.40024038461538464 0.019230769230769232 0.04567307692307692
3 0.37259615384615385 0.44350961538461536 0.016826923076923076 0.06490384615384616
2 0.21033653846153846 0.42427884615384615 0.019230769230769232 0.057692307692307696
2 0.2644230769230769 0.46033653846153844 0.019230769230769232 0.055288461538461536
2 0.15144230769230768 0.5060096153846154 0.021634615384615384 0.0673076923076923
2 0.6033653846153846 0.4074519230769231 0.019230769230769232 0.06009615384615385
2 0.2403846153846154 0.4639423076923077 0.021634615384615384 0.06009615384615385
2 0.59375 0.8197115384615384 0.03125 0.10336538461538461
2 0.10096153846153846 0.6045673076923077 0.026442307692307692 0.07692307692307693
2 0.5072115384615384 0.5 0.021634615384615384 0.06490384615384616
2 0.859375 0.5384615384615384 0.021634615384615384 0.07932692307692307
2 0.13341346153846154 0.5997596153846154 0.038461538461538464 0.08413461538461539
2 0.20673076923076922 0.8112980769230769 0.02403846153846154 0.09615384615384616
2 0.7728365384615384 0.41586538461538464 0.016826923076923076 0.06490384615384616
2 0.3389423076923077 0.5829326923076923 0.028846153846153848 0.07451923076923077
0 0.39663461538461536 0.40024038461538464 0.007211538461538462 0.01201923076923077