2 0.5661057692307693 0.3137019230769231 0.016826923076923076 0.040865384615384616
2 0.703125 0.34975961538461536 0.016826923076923076 0.04326923076923077
2 0.7139423076923077 0.3713942307692308 0.014423076923076924 0.038461538461538464
2 0.7391826923076923 0.3425480769230769 0.014423076923076924 0.04567307692307692
2 0.5757211538461539 0.3473557692307692 0.016826923076923076 0.04567307692307692
2 0.33653846153846156 0.36538461538461536 0.016826923076923076 0.040865384615384616
3 0.11057692307692307 0.3798076923076923 0.016826923076923076 0.04326923076923077
2 0.6875 0.2956730769230769 0.014423076923076924 0.040865384615384616
1 0.8810096153846154 0.3173076923076923 0.014423076923076924 0.04567307692307692
2 0.17548076923076922 0.46274038461538464 0.014423076923076924 0.04807692307692308
2 0.7956730769230769 0.37259615384615385 0.016826923076923076 0.05048076923076923
2 0.7740384615384616 0.36658653846153844 0.016826923076923076 0.05048076923076923
2 0.3954326923076923 0.3473557692307692 0.014423076923076924 0.04326923076923077
2 0.125 0.4639423076923077 0.026442307692307692 0.06009615384615385
2 0.4543269230769231 0.4026442307692308 0.019230769230769232 0.05048076923076923
3 0.5372596153846154 0.3473557692307692 0.019230769230769232 0.04567307692307692
2 0.8701923076923077 0.39903846153846156 0.021634615384615384 0.0625
2 0.6442307692307693 0.32091346153846156 0.016826923076923076 0.04567307692307692
2 0.38461538461538464 0.4375 0.019230769230769232 0.05048076923076923
2 0.18509615384615385 0.49399038461538464 0.019230769230769232 0.055288461538461536
2 0.4855769230769231 0.5504807692307693 0.036057692307692304 0.06490384615384616
2 0.734375 0.39783653846153844 0.02403846153846154 0.052884615384615384
2 0.5685096153846154 0.2980769230769231 0.014423076923076924 0.036057692307692304