2 0.28125 0.4675480769230769 0.016826923076923076 0.038461538461538464
2 0.43990384615384615 0.4074519230769231 0.009615384615384616 0.03245192307692308
2 0.2608173076923077 0.47836538461538464 0.01201923076923077 0.038461538461538464
3 0.40024038461538464 0.48677884615384615 0.008413461538461538 0.04326923076923077
2 0.18509615384615385 0.4879807692307692 0.008413461538461538 0.040865384615384616
2 0.4230769230769231 0.4170673076923077 0.010817307692307692 0.036057692307692304
2 0.4026442307692308 0.5060096153846154 0.009615384615384616 0.04447115384615385
2 0.09014423076923077 0.5504807692307693 0.010817307692307692 0.046875
2 0.6370192307692307 0.4326923076923077 0.007211538461538462 0.039663461538461536
2 0.11899038461538461 0.5288461538461539 0.01201923076923077 0.04927884615384615
2 0.6033653846153846 0.43028846153846156 0.008413461538461538 0.038461538461538464
2 0.8894230769230769 0.6514423076923077 0.010817307692307692 0.06971153846153846
2 0.2283653846153846 0.5625 0.01201923076923077 0.052884615384615384
2 0.90625 0.5408653846153846 0.013221153846153846 0.052884615384615384
2 0.5877403846153846 0.5300480769230769 0.009615384615384616 0.052884615384615384
2 0.4387019230769231 0.5997596153846154 0.013221153846153846 0.057692307692307696
2 0.9110576923076923 0.6610576923076923 0.013221153846153846 0.06850961538461539
2 0.41225961538461536 0.5973557692307693 0.016826923076923076 0.052884615384615384
2 0.5721153846153846 0.5396634615384616 0.010817307692307692 0.05048076923076923
3 0.9435096153846154 0.8401442307692307 0.014423076923076924 0.09134615384615384
2 0.2764423076923077 0.45552884615384615 0.008413461538461538 0.039663461538461536
1 0.3389423076923077 0.4170673076923077 0.015625 0.03365384615384615
2 0.43149038461538464 0.4170673076923077 0.008413461538461538 0.037259615384615384
3 0.5252403846153846 0.33774038461538464 0.007211538461538462 0.028846153846153848