2 0.5997596153846154 0.4074519230769231 0.019230769230769232 0.036057692307692304
2 0.40384615384615385 0.3918269230769231 0.021634615384615384 0.04567307692307692
2 0.6706730769230769 0.45913461538461536 0.021634615384615384 0.04326923076923077
2 0.41466346153846156 0.4098557692307692 0.019230769230769232 0.04807692307692308
2 0.40384615384615385 0.4519230769230769 0.019230769230769232 0.05048076923076923
2 0.43990384615384615 0.47475961538461536 0.03125 0.057692307692307696
2 0.421875 0.5180288461538461 0.028846153846153848 0.06009615384615385
2 0.2932692307692308 0.5048076923076923 0.026442307692307692 0.06009615384615385
2 0.6802884615384616 0.5012019230769231 0.02403846153846154 0.05048076923076923
2 0.3786057692307692 0.4807692307692308 0.03365384615384615 0.06009615384615385
3 0.46274038461538464 0.5072115384615384 0.02403846153846154 0.06009615384615385
1 0.8918269230769231 0.5661057692307693 0.02403846153846154 0.052884615384615384
1 0.05048076923076923 0.36538461538461536 0.028846153846153848 0.06009615384615385
2 0.5769230769230769 0.5925480769230769 0.026442307692307692 0.0625
3 0.7487980769230769 0.9627403846153846 0.055288461538461536 0.07451923076923077
2 0.7680288461538461 0.7055288461538461 0.03125 0.07451923076923077
0 0.8822115384615384 0.5793269230769231 0.007211538461538462 0.01201923076923077
2 0.6730769230769231 0.4387019230769231 0.019230769230769232 0.040865384615384616
2 0.37259615384615385 0.4326923076923077 0.02403846153846154 0.052884615384615384
2 0.35216346153846156 0.421875 0.021634615384615384 0.04326923076923077
2 0.36538461538461536 0.4254807692307692 0.021634615384615384 0.05048076923076923
2 0.36177884615384615 0.4074519230769231 0.019230769230769232 0.04567307692307692
2 0.3389423076923077 0.46634615384615385 0.026442307692307692 0.052884615384615384
2 0.3329326923076923 0.45552884615384615 0.021634615384615384 0.04807692307692308
2 0.33653846153846156 0.43509615384615385 0.019230769230769232 0.04326923076923077
3 0.4375 0.3473557692307692 0.014423076923076924 0.03365384615384615