2 0.5841346153846154 0.34975961538461536 0.019230769230769232 0.036057692307692304
2 0.3942307692307692 0.33533653846153844 0.019230769230769232 0.04326923076923077
2 0.6538461538461539 0.4014423076923077 0.019230769230769232 0.040865384615384616
2 0.4050480769230769 0.35336538461538464 0.019230769230769232 0.04807692307692308
2 0.3954326923076923 0.39302884615384615 0.019230769230769232 0.04807692307692308
2 0.43028846153846156 0.41586538461538464 0.03125 0.057692307692307696
2 0.41225961538461536 0.4579326923076923 0.028846153846153848 0.06009615384615385
2 0.28725961538461536 0.44591346153846156 0.026442307692307692 0.057692307692307696
2 0.6622596153846154 0.4411057692307692 0.02403846153846154 0.04807692307692308
2 0.3701923076923077 0.421875 0.03365384615384615 0.06009615384615385
3 0.4519230769230769 0.4483173076923077 0.02403846153846154 0.057692307692307696
1 0.8689903846153846 0.5036057692307693 0.021634615384615384 0.05048076923076923
1 0.05048076923076923 0.3088942307692308 0.028846153846153848 0.057692307692307696
2 0.5625 0.53125 0.02403846153846154 0.06009615384615385
3 0.7307692307692307 0.9086538461538461 0.052884615384615384 0.10817307692307693
2 0.7487980769230769 0.640625 0.028846153846153848 0.07211538461538461
0 0.859375 0.5180288461538461 0.007211538461538462 0.01201923076923077
2 0.65625 0.38100961538461536 0.016826923076923076 0.038461538461538464
2 0.3641826923076923 0.3737980769230769 0.021634615384615384 0.05048076923076923
2 0.34375 0.3641826923076923 0.019230769230769232 0.04326923076923077
2 0.35697115384615385 0.36778846153846156 0.021634615384615384 0.04807692307692308
2 0.3545673076923077 0.35096153846153844 0.019230769230769232 0.04567307692307692
2 0.3317307692307692 0.40625 0.02403846153846154 0.05048076923076923
2 0.3269230769230769 0.39663461538461536 0.021634615384615384 0.04567307692307692
2 0.328125 0.3762019230769231 0.019230769230769232 0.04326923076923077
3 0.4266826923076923 0.2920673076923077 0.014423076923076924 0.03125