2 0.6033653846153846 0.421875 0.016826923076923076 0.038461538461538464
2 0.8305288461538461 0.4170673076923077 0.014423076923076924 0.038461538461538464
2 0.7391826923076923 0.5300480769230769 0.019230769230769232 0.04567307692307692
2 0.84375 0.4326923076923077 0.014423076923076924 0.038461538461538464
2 0.7475961538461539 0.49278846153846156 0.014423076923076924 0.04326923076923077
2 0.5360576923076923 0.4326923076923077 0.016826923076923076 0.04807692307692308
3 0.6947115384615384 0.4651442307692308 0.019230769230769232 0.05048076923076923
2 0.7415865384615384 0.5673076923076923 0.019230769230769232 0.0625
2 0.5072115384615384 0.47716346153846156 0.02403846153846154 0.04567307692307692
2 0.5276442307692307 0.484375 0.019230769230769232 0.05048076923076923
2 0.25961538461538464 0.47836538461538464 0.019230769230769232 0.052884615384615384
1 0.1622596153846154 0.39302884615384615 0.019230769230769232 0.05048076923076923
2 0.8737980769230769 0.5961538461538461 0.019230769230769232 0.06009615384615385
2 0.8557692307692307 0.49399038461538464 0.016826923076923076 0.04807692307692308
2 0.9206730769230769 0.6442307692307693 0.028846153846153848 0.06971153846153846
2 0.6947115384615384 0.7259615384615384 0.02403846153846154 0.06971153846153846
2 0.8545673076923077 0.6899038461538461 0.02403846153846154 0.06971153846153846
2 0.3737980769230769 0.4014423076923077 0.014423076923076924 0.04807692307692308
2 0.484375 0.5769230769230769 0.02403846153846154 0.0625
2 0.3737980769230769 0.6706730769230769 0.03125 0.07211538461538461
0 0.33052884615384615 0.46153846153846156 0.009615384615384616 0.014423076923076924
3 0.4735576923076923 0.31009615384615385 0.014423076923076924 0.03365384615384615
2 0.6033653846153846 0.359375 0.014423076923076924 0.038461538461538464
2 0.6586538461538461 0.40625 0.016826923076923076 0.04326923076923077