2 0.47836538461538464 0.47596153846153844 0.014423076923076924 0.03365384615384615
2 0.43990384615384615 0.5012019230769231 0.016826923076923076 0.04326923076923077
2 0.6502403846153846 0.5516826923076923 0.014423076923076924 0.040865384615384616
2 0.7740384615384616 0.5540865384615384 0.014423076923076924 0.04326923076923077
1 0.14182692307692307 0.48677884615384615 0.014423076923076924 0.04807692307692308
2 0.1201923076923077 0.5444711538461539 0.016826923076923076 0.040865384615384616
2 0.6574519230769231 0.6069711538461539 0.016826923076923076 0.04807692307692308
2 0.47115384615384615 0.5444711538461539 0.014423076923076924 0.04326923076923077
2 0.3125 0.4639423076923077 0.014423076923076924 0.038461538461538464
2 0.7860576923076923 0.6490384615384616 0.021634615384615384 0.052884615384615384
2 0.3786057692307692 0.5685096153846154 0.021634615384615384 0.04807692307692308
3 0.53125 0.5228365384615384 0.014423076923076924 0.040865384615384616
2 0.7091346153846154 0.5997596153846154 0.014423076923076924 0.04567307692307692
2 0.25240384615384615 0.6983173076923077 0.019230769230769232 0.0625
2 0.3088942307692308 0.6201923076923077 0.016826923076923076 0.055288461538461536
2 0.7307692307692307 0.7331730769230769 0.019230769230769232 0.0625
2 0.5721153846153846 0.7608173076923077 0.02403846153846154 0.06490384615384616
2 0.8762019230769231 0.6983173076923077 0.019230769230769232 0.06009615384615385
3 0.8569711538461539 0.8786057692307693 0.028846153846153848 0.07692307692307693
0 0.1310096153846154 0.5685096153846154 0.009615384615384616 0.014423076923076924
3 0.3942307692307692 0.390625 0.009615384615384616 0.026442307692307692
2 0.5012019230769231 0.43990384615384615 0.014423076923076924 0.03365384615384615
2 0.5552884615384616 0.4699519230769231 0.014423076923076924 0.038461538461538464
2 0.7307692307692307 0.49399038461538464 0.014423076923076924 0.036057692307692304
2 0.7235576923076923 0.4987980769230769 0.01201923076923077 0.03365384615384615