2 0.5564903846153846 0.4170673076923077 0.01201923076923077 0.03365384615384615
2 0.2668269230769231 0.453125 0.010817307692307692 0.039663461538461536
2 0.5805288461538461 0.42908653846153844 0.008413461538461538 0.038461538461538464
2 0.6947115384615384 0.5084134615384616 0.013221153846153846 0.046875
2 0.14423076923076922 0.5985576923076923 0.01201923076923077 0.057692307692307696
2 0.13822115384615385 0.5721153846153846 0.014423076923076924 0.057692307692307696
2 0.84375 0.5841346153846154 0.015625 0.046875
2 0.6153846153846154 0.4423076923076923 0.008413461538461538 0.042067307692307696
2 0.8930288461538461 0.6129807692307693 0.019230769230769232 0.057692307692307696
2 0.4879807692307692 0.47115384615384615 0.008413461538461538 0.042067307692307696
2 0.33774038461538464 0.5733173076923077 0.010817307692307692 0.057692307692307696
2 0.6838942307692307 0.5793269230769231 0.014423076923076924 0.052884615384615384
2 0.33413461538461536 0.44350961538461536 0.006009615384615385 0.040865384615384616
2 0.7716346153846154 0.640625 0.015625 0.055288461538461536
3 0.5576923076923077 0.5096153846153846 0.013221153846153846 0.04807692307692308
2 0.16706730769230768 0.6153846153846154 0.013221153846153846 0.06009615384615385
2 0.5925480769230769 0.59375 0.010817307692307692 0.057692307692307696
3 0.109375 0.8269230769230769 0.02283653846153846 0.08533653846153846
2 0.35096153846153844 0.5841346153846154 0.020432692307692308 0.055288461538461536
2 0.578125 0.6442307692307693 0.019230769230769232 0.057692307692307696
2 0.7512019230769231 0.6394230769230769 0.01201923076923077 0.057692307692307696
2 0.5348557692307693 0.671875 0.016826923076923076 0.06850961538461539
1 0.7271634615384616 0.41466346153846156 0.010817307692307692 0.040865384615384616
0 0.8858173076923077 0.5949519230769231 0.006009615384615385 0.009615384615384616
3 0.46875 0.34375 0.007211538461538462 0.028846153846153848