3 0.36538461538461536 0.28846153846153844 0.008413461538461538 0.04326923076923077
2 0.6814903846153846 0.3293269230769231 0.008413461538461538 0.042067307692307696
2 0.7620192307692307 0.3473557692307692 0.009615384615384616 0.05048076923076923
2 0.6117788461538461 0.3713942307692308 0.013221153846153846 0.055288461538461536
2 0.5829326923076923 0.36538461538461536 0.015625 0.04807692307692308
2 0.7560096153846154 0.453125 0.015625 0.0625
2 0.453125 0.3137019230769231 0.015625 0.040865384615384616
2 0.4206730769230769 0.40865384615384615 0.010817307692307692 0.052884615384615384
2 0.6634615384615384 0.3954326923076923 0.010817307692307692 0.054086538461538464
3 0.7139423076923077 0.4170673076923077 0.010817307692307692 0.06370192307692307
2 0.7415865384615384 0.4699519230769231 0.013221153846153846 0.06971153846153846
2 0.4651442307692308 0.47596153846153844 0.019230769230769232 0.0733173076923077
2 0.203125 0.5276442307692307 0.015625 0.07692307692307693
2 0.8954326923076923 0.5192307692307693 0.018028846153846152 0.07932692307692307
2 0.3233173076923077 0.41225961538461536 0.020432692307692308 0.0625
2 0.41947115384615385 0.7548076923076923 0.018028846153846152 0.09975961538461539
2 0.49399038461538464 0.4807692307692308 0.013221153846153846 0.0673076923076923
2 0.8329326923076923 0.41586538461538464 0.016826923076923076 0.06610576923076923
2 0.9158653846153846 0.49399038461538464 0.018028846153846152 0.07451923076923077
2 0.8629807692307693 0.6382211538461539 0.02283653846153846 0.08653846153846154
2 0.7043269230769231 0.6189903846153846 0.015625 0.08774038461538461
2 0.9278846153846154 0.5949519230769231 0.019230769230769232 0.08413461538461539
0 0.421875 0.38100961538461536 0.004807692307692308 0.010817307692307692