2 0.5360576923076923 0.46033653846153844 0.010817307692307692 0.03125
2 0.5673076923076923 0.4879807692307692 0.010817307692307692 0.038461538461538464
2 0.36778846153846156 0.5072115384615384 0.008413461538461538 0.038461538461538464
2 0.25600961538461536 0.49278846153846156 0.009615384615384616 0.039663461538461536
1 0.84375 0.5132211538461539 0.008413461538461538 0.04326923076923077
2 0.8569711538461539 0.5685096153846154 0.010817307692307692 0.038461538461538464
2 0.3557692307692308 0.5564903846153846 0.009615384615384616 0.04447115384615385
2 0.5348557692307693 0.5240384615384616 0.008413461538461538 0.040865384615384616
2 0.6899038461538461 0.4699519230769231 0.007211538461538462 0.036057692307692304
2 0.23076923076923078 0.578125 0.013221153846153846 0.046875
2 0.6153846153846154 0.5564903846153846 0.013221153846153846 0.04326923076923077
3 0.4831730769230769 0.4951923076923077 0.008413461538461538 0.038461538461538464
2 0.3076923076923077 0.5432692307692307 0.007211538461538462 0.042067307692307696
2 0.7151442307692307 0.6935096153846154 0.008413461538461538 0.056490384615384616
2 0.6730769230769231 0.6141826923076923 0.008413461538461538 0.05048076923076923
2 0.27283653846153844 0.6622596153846154 0.010817307692307692 0.056490384615384616
2 0.41225961538461536 0.7091346153846154 0.013221153846153846 0.05889423076923077
2 0.14182692307692307 0.6129807692307693 0.010817307692307692 0.055288461538461536
3 0.13701923076923078 0.7800480769230769 0.016826923076923076 0.06971153846153846
0 0.84375 0.5889423076923077 0.007211538461538462 0.013221153846153846
3 0.625 0.3918269230769231 0.007211538461538462 0.02403846153846154
2 0.5204326923076923 0.4230769230769231 0.009615384615384616 0.03125
2 0.4675480769230769 0.44471153846153844 0.008413461538461538 0.03485576923076923
2 0.30288461538461536 0.44350961538461536 0.008413461538461538 0.03365384615384615
2 0.3088942307692308 0.4495192307692308 0.007211538461538462 0.03125