3 0.8461538461538461 0.3293269230769231 0.008413461538461538 0.036057692307692304
2 0.6514423076923077 0.33533653846153844 0.013221153846153846 0.03365384615384615
2 0.640625 0.33774038461538464 0.009615384615384616 0.037259615384615384
2 0.24639423076923078 0.32211538461538464 0.007211538461538462 0.037259615384615384
2 0.28725961538461536 0.33533653846153844 0.009615384615384616 0.038461538461538464
2 0.7319711538461539 0.359375 0.009615384615384616 0.038461538461538464
2 0.6201923076923077 0.3581730769230769 0.013221153846153846 0.040865384615384616
1 0.09134615384615384 0.36899038461538464 0.010817307692307692 0.046875
2 0.27403846153846156 0.3425480769230769 0.007211538461538462 0.042067307692307696
2 0.6370192307692307 0.40024038461538464 0.009615384615384616 0.04447115384615385
3 0.39663461538461536 0.35096153846153844 0.010817307692307692 0.04326923076923077
2 0.421875 0.3449519230769231 0.007211538461538462 0.039663461538461536
2 0.45552884615384615 0.3737980769230769 0.010817307692307692 0.038461538461538464
2 0.37259615384615385 0.38461538461538464 0.010817307692307692 0.04447115384615385
2 0.41346153846153844 0.3858173076923077 0.009615384615384616 0.046875
2 0.19471153846153846 0.41947115384615385 0.014423076923076924 0.05048076923076923
2 0.21153846153846154 0.4423076923076923 0.015625 0.046875
2 0.8545673076923077 0.41225961538461536 0.01201923076923077 0.052884615384615384
2 0.5396634615384616 0.43028846153846156 0.007211538461538462 0.05048076923076923
2 0.8112980769230769 0.53125 0.016826923076923076 0.0673076923076923
2 0.8341346153846154 0.48197115384615385 0.010817307692307692 0.06129807692307692
2 0.6009615384615384 0.5492788461538461 0.019230769230769232 0.06009615384615385