2 0.3581730769230769 0.3762019230769231 0.01201923076923077 0.038461538461538464
2 0.6045673076923077 0.3762019230769231 0.016826923076923076 0.040865384615384616
2 0.625 0.3713942307692308 0.016826923076923076 0.040865384615384616
2 0.3161057692307692 0.38341346153846156 0.01201923076923077 0.040865384615384616
2 0.2848557692307692 0.44591346153846156 0.014423076923076924 0.04326923076923077
2 0.4182692307692308 0.42427884615384615 0.016826923076923076 0.04807692307692308
2 0.07451923076923077 0.5649038461538461 0.02403846153846154 0.05048076923076923
3 0.3641826923076923 0.4639423076923077 0.014423076923076924 0.05048076923076923
2 0.609375 0.49759615384615385 0.019230769230769232 0.057692307692307696
2 0.8461538461538461 0.4795673076923077 0.019230769230769232 0.0625
2 0.36899038461538464 0.5252403846153846 0.016826923076923076 0.055288461538461536
2 0.5961538461538461 0.5072115384615384 0.021634615384615384 0.057692307692307696
2 0.8701923076923077 0.5552884615384616 0.021634615384615384 0.0673076923076923
2 0.8557692307692307 0.5456730769230769 0.02403846153846154 0.07451923076923077
3 0.9194711538461539 0.7608173076923077 0.026442307692307692 0.09615384615384616
2 0.22355769230769232 0.5180288461538461 0.016826923076923076 0.052884615384615384
2 0.4026442307692308 0.6081730769230769 0.021634615384615384 0.07211538461538461
2 0.35336538461538464 0.5973557692307693 0.026442307692307692 0.06009615384615385
2 0.15264423076923078 0.609375 0.028846153846153848 0.06490384615384616
3 0.4543269230769231 0.2860576923076923 0.009615384615384616 0.026442307692307692
1 0.25 0.38100961538461536 0.016826923076923076 0.04567307692307692