2 0.3605769230769231 0.36177884615384615 0.019230769230769232 0.03125
2 0.22235576923076922 0.484375 0.019230769230769232 0.04567307692307692
2 0.14302884615384615 0.5132211538461539 0.019230769230769232 0.04807692307692308
2 0.44350961538461536 0.3942307692307692 0.019230769230769232 0.038461538461538464
2 0.5108173076923077 0.3762019230769231 0.019230769230769232 0.040865384615384616
2 0.02403846153846154 0.6322115384615384 0.02403846153846154 0.057692307692307696
2 0.6141826923076923 0.44350961538461536 0.02403846153846154 0.05048076923076923
2 0.8810096153846154 0.4110576923076923 0.021634615384615384 0.055288461538461536
2 0.13822115384615385 0.5432692307692307 0.019230769230769232 0.04807692307692308
3 0.35216346153846156 0.4699519230769231 0.026442307692307692 0.05048076923076923
2 0.39663461538461536 0.45072115384615385 0.016826923076923076 0.04326923076923077
2 0.6418269230769231 0.4230769230769231 0.021634615384615384 0.04807692307692308
2 0.8401442307692307 0.4891826923076923 0.028846153846153848 0.0673076923076923
2 0.41346153846153844 0.6081730769230769 0.03125 0.0625
2 0.22355769230769232 0.5769230769230769 0.026442307692307692 0.057692307692307696
2 0.8665865384615384 0.4855769230769231 0.026442307692307692 0.0625
2 0.5072115384615384 0.5757211538461539 0.03365384615384615 0.0673076923076923
1 0.96875 0.7427884615384616 0.040865384615384616 0.0985576923076923
3 0.4026442307692308 0.30288461538461536 0.014423076923076924 0.028846153846153848
2 0.30649038461538464 0.4098557692307692 0.021634615384615384 0.040865384615384616
2 0.29447115384615385 0.4074519230769231 0.021634615384615384 0.036057692307692304
2 0.2536057692307692 0.4266826923076923 0.021634615384615384 0.040865384615384616
2 0.23798076923076922 0.43028846153846156 0.021634615384615384 0.040865384615384616
1 0.20552884615384615 0.4230769230769231 0.016826923076923076 0.04326923076923077