2 0.4495192307692308 0.4110576923076923 0.009615384615384616 0.028846153846153848
2 0.7331730769230769 0.42427884615384615 0.01201923076923077 0.03125
2 0.45913461538461536 0.421875 0.009615384615384616 0.026442307692307692
2 0.34134615384615385 0.4495192307692308 0.014423076923076924 0.038461538461538464
2 0.8329326923076923 0.4699519230769231 0.014423076923076924 0.038461538461538464
2 0.5024038461538461 0.4831730769230769 0.01201923076923077 0.036057692307692304
2 0.3870192307692308 0.5276442307692307 0.014423076923076924 0.04326923076923077
2 0.8076923076923077 0.4699519230769231 0.01201923076923077 0.038461538461538464
2 0.6887019230769231 0.49038461538461536 0.01201923076923077 0.038461538461538464
2 0.9170673076923077 0.6045673076923077 0.02403846153846154 0.052884615384615384
2 0.4266826923076923 0.7235576923076923 0.021634615384615384 0.06490384615384616
3 0.6682692307692307 0.5276442307692307 0.021634615384615384 0.04807692307692308
2 0.40384615384615385 0.5432692307692307 0.014423076923076924 0.04326923076923077
2 0.6622596153846154 0.5588942307692307 0.02403846153846154 0.04807692307692308
2 0.9603365384615384 0.5360576923076923 0.026442307692307692 0.04807692307692308
2 0.7115384615384616 0.4879807692307692 0.019230769230769232 0.04326923076923077
1 0.12259615384615384 0.4951923076923077 0.014423076923076924 0.036057692307692304
2 0.18269230769230768 0.6033653846153846 0.016826923076923076 0.052884615384615384
2 0.125 0.6358173076923077 0.021634615384615384 0.052884615384615384
3 0.09254807692307693 0.7403846153846154 0.02403846153846154 0.06490384615384616
2 0.2764423076923077 0.7007211538461539 0.021634615384615384 0.06009615384615385
2 0.8870192307692307 0.6622596153846154 0.03125 0.057692307692307696
2 0.6117788461538461 0.4182692307692308 0.014423076923076924 0.03365384615384615
0 0.9555288461538461 0.5336538461538461 0.007211538461538462 0.01201923076923077