2 0.2644230769230769 0.3449519230769231 0.014423076923076924 0.04326923076923077
2 0.7103365384615384 0.4026442307692308 0.009615384615384616 0.04567307692307692
2 0.8341346153846154 0.4230769230769231 0.014423076923076924 0.04567307692307692
2 0.703125 0.40865384615384615 0.01201923076923077 0.04326923076923077
1 0.08413461538461539 0.38221153846153844 0.014423076923076924 0.04567307692307692
2 0.3449519230769231 0.42788461538461536 0.01201923076923077 0.04567307692307692
2 0.22716346153846154 0.3798076923076923 0.009615384615384616 0.040865384615384616
2 0.1935096153846154 0.3737980769230769 0.01201923076923077 0.04567307692307692
2 0.8834134615384616 0.5396634615384616 0.016826923076923076 0.0673076923076923
2 0.4266826923076923 0.5721153846153846 0.019230769230769232 0.055288461538461536
2 0.13341346153846154 0.46033653846153844 0.01201923076923077 0.05048076923076923
3 0.296875 0.375 0.01201923076923077 0.04326923076923077
2 0.1141826923076923 0.42908653846153844 0.016826923076923076 0.052884615384615384
2 0.25 0.4338942307692308 0.01201923076923077 0.04807692307692308
2 0.7247596153846154 0.40024038461538464 0.009615384615384616 0.04326923076923077
2 0.6838942307692307 0.4723557692307692 0.014423076923076924 0.055288461538461536
2 0.4675480769230769 0.42788461538461536 0.014423076923076924 0.052884615384615384
2 0.8557692307692307 0.4699519230769231 0.016826923076923076 0.055288461538461536
2 0.39783653846153844 0.39783653846153844 0.009615384615384616 0.04326923076923077
2 0.49158653846153844 0.46634615384615385 0.01201923076923077 0.052884615384615384
2 0.8713942307692307 0.5841346153846154 0.021634615384615384 0.06971153846153846
3 0.8581730769230769 0.36658653846153844 0.01201923076923077 0.036057692307692304
2 0.19110576923076922 0.3485576923076923 0.01201923076923077 0.038461538461538464
0 0.18509615384615385 0.359375 0.004807692307692308 0.009615384615384616