2 0.5805288461538461 0.33413461538461536 0.009615384615384616 0.038461538461538464
2 0.23677884615384615 0.37740384615384615 0.009615384615384616 0.052884615384615384
2 0.3557692307692308 0.3485576923076923 0.009615384615384616 0.04326923076923077
2 0.6189903846153846 0.32211538461538464 0.014423076923076924 0.04567307692307692
2 0.5913461538461539 0.3798076923076923 0.009615384615384616 0.04807692307692308
2 0.7776442307692307 0.33533653846153844 0.009615384615384616 0.04807692307692308
2 0.30528846153846156 0.39783653846153844 0.009615384615384616 0.052884615384615384
2 0.3088942307692308 0.44350961538461536 0.014423076923076924 0.052884615384615384
2 0.5685096153846154 0.3870192307692308 0.009615384615384616 0.052884615384615384
1 0.90625 0.3545673076923077 0.014423076923076924 0.04807692307692308
2 0.3737980769230769 0.38822115384615385 0.014423076923076924 0.052884615384615384
2 0.14423076923076922 0.43028846153846156 0.014423076923076924 0.06009615384615385
2 0.5072115384615384 0.36778846153846156 0.009615384615384616 0.04807692307692308
3 0.47475961538461536 0.4170673076923077 0.009615384615384616 0.057692307692307696
2 0.8677884615384616 0.46274038461538464 0.009615384615384616 0.06490384615384616
2 0.10817307692307693 0.49278846153846156 0.014423076923076924 0.07211538461538461
2 0.171875 0.5420673076923077 0.019230769230769232 0.0673076923076923
2 0.6730769230769231 0.43509615384615385 0.014423076923076924 0.0625
2 0.1502403846153846 0.5060096153846154 0.019230769230769232 0.07211538461538461
2 0.34134615384615385 0.4963942307692308 0.01201923076923077 0.06490384615384616
2 0.5072115384615384 0.5180288461538461 0.019230769230769232 0.0625
2 0.671875 0.5528846153846154 0.014423076923076924 0.07211538461538461
0 0.7752403846153846 0.35697115384615385 0.004807692307692308 0.009615384615384616
3 0.14182692307692307 0.3317307692307692 0.009615384615384616 0.04807692307692308