1 0.04447115384615385 0.3870192307692308 0.021634615384615384 0.05048076923076923
2 0.5612980769230769 0.421875 0.016826923076923076 0.040865384615384616
2 0.7079326923076923 0.4651442307692308 0.019230769230769232 0.05048076923076923
2 0.5625 0.4567307692307692 0.016826923076923076 0.04567307692307692
2 0.8329326923076923 0.4735576923076923 0.019230769230769232 0.04326923076923077
2 0.43149038461538464 0.4014423076923077 0.014423076923076924 0.04326923076923077
2 0.4326923076923077 0.4375 0.014423076923076924 0.04807692307692308
2 0.5060096153846154 0.5588942307692307 0.019230769230769232 0.057692307692307696
2 0.3161057692307692 0.43509615384615385 0.021634615384615384 0.055288461538461536
2 0.8137019230769231 0.5372596153846154 0.02403846153846154 0.055288461538461536
2 0.8076923076923077 0.5132211538461539 0.019230769230769232 0.05048076923076923
2 0.5925480769230769 0.49038461538461536 0.021634615384615384 0.04567307692307692
2 0.4026442307692308 0.4699519230769231 0.014423076923076924 0.05048076923076923
2 0.37259615384615385 0.45072115384615385 0.016826923076923076 0.04807692307692308
2 0.4987980769230769 0.6081730769230769 0.026442307692307692 0.06009615384615385
2 0.2860576923076923 0.4495192307692308 0.019230769230769232 0.052884615384615384
2 0.8629807692307693 0.5985576923076923 0.02403846153846154 0.06490384615384616
2 0.20793269230769232 0.5420673076923077 0.019230769230769232 0.06009615384615385
2 0.9350961538461539 0.5793269230769231 0.021634615384615384 0.06009615384615385
3 0.3641826923076923 0.5060096153846154 0.019230769230769232 0.057692307692307696
2 0.15504807692307693 0.6213942307692307 0.03365384615384615 0.07451923076923077
0 0.5841346153846154 0.46153846153846156 0.007211538461538462 0.01201923076923077
2 0.3137019230769231 0.4170673076923077 0.014423076923076924 0.04807692307692308
3 0.43149038461538464 0.33653846153846156 0.014423076923076924 0.036057692307692304