2 0.5492788461538461 0.35216346153846156 0.010817307692307692 0.038461538461538464
2 0.22596153846153846 0.39302884615384615 0.007211538461538462 0.05048076923076923
2 0.33774038461538464 0.36538461538461536 0.009615384615384616 0.040865384615384616
2 0.5853365384615384 0.3401442307692308 0.013221153846153846 0.04326923076923077
2 0.5600961538461539 0.3954326923076923 0.010817307692307692 0.04447115384615385
2 0.7355769230769231 0.35336538461538464 0.009615384615384616 0.04447115384615385
2 0.28966346153846156 0.41346153846153844 0.010817307692307692 0.04927884615384615
2 0.2932692307692308 0.45552884615384615 0.013221153846153846 0.04927884615384615
2 0.5384615384615384 0.4014423076923077 0.009615384615384616 0.04927884615384615
1 0.8557692307692307 0.3713942307692308 0.013221153846153846 0.046875
2 0.3545673076923077 0.40384615384615385 0.013221153846153846 0.05048076923076923
2 0.13822115384615385 0.4423076923076923 0.015625 0.056490384615384616
2 0.4807692307692308 0.38461538461538464 0.008413461538461538 0.046875
3 0.4495192307692308 0.43028846153846156 0.009615384615384616 0.055288461538461536
2 0.8197115384615384 0.4735576923076923 0.009615384615384616 0.06129807692307692
2 0.1045673076923077 0.5024038461538461 0.013221153846153846 0.0673076923076923
2 0.16466346153846154 0.5480769230769231 0.016826923076923076 0.0625
2 0.6370192307692307 0.44711538461538464 0.014423076923076924 0.05889423076923077
2 0.14302884615384615 0.5144230769230769 0.016826923076923076 0.06850961538461539
2 0.3233173076923077 0.5060096153846154 0.010817307692307692 0.06129807692307692
2 0.4807692307692308 0.5252403846153846 0.018028846153846152 0.06009615384615385
2 0.6358173076923077 0.5576923076923077 0.013221153846153846 0.0673076923076923
0 0.7319711538461539 0.3737980769230769 0.006009615384615385 0.009615384615384616
3 0.13581730769230768 0.34975961538461536 0.009615384615384616 0.04447115384615385