2 0.640625 0.40625 0.02403846153846154 0.04807692307692308
2 0.6298076923076923 0.43149038461538464 0.019230769230769232 0.052884615384615384
2 0.7463942307692307 0.3473557692307692 0.016826923076923076 0.04326923076923077
2 0.46634615384615385 0.40625 0.016826923076923076 0.04326923076923077
2 0.49158653846153844 0.46153846153846156 0.03125 0.052884615384615384
3 0.4254807692307692 0.4375 0.021634615384615384 0.05048076923076923
2 0.8088942307692307 0.3425480769230769 0.019230769230769232 0.04326923076923077
2 0.4050480769230769 0.4951923076923077 0.03125 0.052884615384615384
2 0.7079326923076923 0.34615384615384615 0.016826923076923076 0.040865384615384616
2 0.6754807692307693 0.3545673076923077 0.01201923076923077 0.040865384615384616
2 0.17908653846153846 0.5889423076923077 0.028846153846153848 0.0673076923076923
2 0.7632211538461539 0.4050480769230769 0.02403846153846154 0.04807692307692308
2 0.3076923076923077 0.6466346153846154 0.03125 0.0673076923076923
2 0.7980769230769231 0.37259615384615385 0.026442307692307692 0.05048076923076923
2 0.5709134615384616 0.5925480769230769 0.04326923076923077 0.06971153846153846
2 0.21634615384615385 0.59375 0.038461538461538464 0.0625
2 0.1502403846153846 0.5637019230769231 0.021634615384615384 0.0625
2 0.27283653846153844 0.4807692307692308 0.019230769230769232 0.052884615384615384
2 0.8413461538461539 0.45552884615384615 0.019230769230769232 0.06009615384615385
2 0.8713942307692307 0.4110576923076923 0.02403846153846154 0.055288461538461536
0 0.39302884615384615 0.5228365384615384 0.007211538461538462 0.009615384615384616
2 0.49759615384615385 0.45913461538461536 0.021634615384615384 0.05048076923076923
3 0.7620192307692307 0.2920673076923077 0.014423076923076924 0.040865384615384616