2 0.421875 0.4182692307692308 0.007211538461538462 0.03485576923076923
2 0.6418269230769231 0.4423076923076923 0.010817307692307692 0.037259615384615384
2 0.6622596153846154 0.43990384615384615 0.01201923076923077 0.036057692307692304
2 0.38341346153846156 0.421875 0.007211538461538462 0.036057692307692304
2 0.34975961538461536 0.47475961538461536 0.009615384615384616 0.038461538461538464
2 0.4723557692307692 0.4675480769230769 0.010817307692307692 0.04326923076923077
2 0.1502403846153846 0.5612980769230769 0.018028846153846152 0.04326923076923077
3 0.41947115384615385 0.49759615384615385 0.008413461538461538 0.04447115384615385
2 0.6358173076923077 0.5516826923076923 0.01201923076923077 0.051682692307692304
2 0.8485576923076923 0.5576923076923077 0.010817307692307692 0.056490384615384616
2 0.4170673076923077 0.5528846153846154 0.010817307692307692 0.05048076923076923
2 0.6225961538461539 0.5576923076923077 0.015625 0.05048076923076923
2 0.8629807692307693 0.6274038461538461 0.013221153846153846 0.06009615384615385
2 0.8509615384615384 0.6177884615384616 0.014423076923076924 0.06490384615384616
3 0.8870192307692307 0.8149038461538461 0.014423076923076924 0.08533653846153846
2 0.28846153846153844 0.5336538461538461 0.009615384615384616 0.04807692307692308
2 0.43990384615384615 0.6310096153846154 0.014423076923076924 0.0625
2 0.39663461538461536 0.6165865384615384 0.016826923076923076 0.054086538461538464
2 0.21634615384615385 0.6081730769230769 0.020432692307692308 0.057692307692307696
3 0.5168269230769231 0.3473557692307692 0.006009615384615385 0.02403846153846154
2 0.07211538461538461 0.5456730769230769 0.010817307692307692 0.04807692307692308
2 0.0625 0.5528846153846154 0.014423076923076924 0.03485576923076923
0 0.052884615384615384 0.5709134615384616 0.004807692307692308 0.007211538461538462
1 0.3245192307692308 0.41225961538461536 0.010817307692307692 0.040865384615384616