2 0.38341346153846156 0.39663461538461536 0.021634615384615384 0.04807692307692308
2 0.39302884615384615 0.421875 0.016826923076923076 0.05048076923076923
2 0.2800480769230769 0.34134615384615385 0.014423076923076924 0.040865384615384616
2 0.5516826923076923 0.3942307692307692 0.016826923076923076 0.040865384615384616
2 0.5276442307692307 0.44591346153846156 0.028846153846153848 0.05048076923076923
3 0.5901442307692307 0.4230769230769231 0.019230769230769232 0.04807692307692308
2 0.21875 0.33653846153846156 0.019230769230769232 0.04326923076923077
2 0.6129807692307693 0.47836538461538464 0.028846153846153848 0.05048076923076923
2 0.31850961538461536 0.3401442307692308 0.014423076923076924 0.038461538461538464
2 0.35096153846153844 0.34615384615384615 0.01201923076923077 0.040865384615384616
2 0.8317307692307693 0.5637019230769231 0.026442307692307692 0.06490384615384616
2 0.2644230769230769 0.39663461538461536 0.021634615384615384 0.04807692307692308
2 0.7067307692307693 0.6225961538461539 0.028846153846153848 0.06490384615384616
2 0.23197115384615385 0.36658653846153844 0.02403846153846154 0.05048076923076923
2 0.4543269230769231 0.5757211538461539 0.040865384615384616 0.06490384615384616
2 0.7956730769230769 0.5697115384615384 0.036057692307692304 0.06009615384615385
2 0.859375 0.5408653846153846 0.019230769230769232 0.057692307692307696
2 0.7391826923076923 0.46274038461538464 0.016826923076923076 0.04807692307692308
2 0.19110576923076922 0.44591346153846156 0.016826923076923076 0.057692307692307696
2 0.16105769230769232 0.4050480769230769 0.021634615384615384 0.052884615384615384
0 0.6225961538461539 0.5036057692307693 0.007211538461538462 0.009615384615384616
2 0.5216346153846154 0.44471153846153844 0.019230769230769232 0.05048076923076923
3 0.265625 0.28846153846153844 0.014423076923076924 0.038461538461538464