2 0.3798076923076923 0.5552884615384616 0.019230769230769232 0.04326923076923077
2 0.45552884615384615 0.39903846153846156 0.014423076923076924 0.03365384615384615
2 0.3942307692307692 0.5793269230769231 0.02403846153846154 0.04807692307692308
2 0.44591346153846156 0.4182692307692308 0.014423076923076924 0.03365384615384615
2 0.27884615384615385 0.5384615384615384 0.016826923076923076 0.04326923076923077
2 0.27283653846153844 0.4543269230769231 0.014423076923076924 0.040865384615384616
2 0.17668269230769232 0.4951923076923077 0.016826923076923076 0.04326923076923077
2 0.13581730769230768 0.5913461538461539 0.021634615384615384 0.055288461538461536
0 0.8149038461538461 0.7463942307692307 0.007211538461538462 0.014423076923076924
2 0.33533653846153844 0.6947115384615384 0.028846153846153848 0.055288461538461536
2 0.29447115384615385 0.5228365384615384 0.019230769230769232 0.04807692307692308
2 0.9639423076923077 0.5108173076923077 0.028846153846153848 0.057692307692307696
2 0.44591346153846156 0.4639423076923077 0.014423076923076924 0.04326923076923077
2 0.6177884615384616 0.4026442307692308 0.016826923076923076 0.04326923076923077
2 0.8161057692307693 0.7067307692307693 0.04326923076923077 0.07211538461538461
1 0.8653846153846154 0.39783653846153844 0.019230769230769232 0.04807692307692308
2 0.7548076923076923 0.6838942307692307 0.03125 0.0673076923076923
2 0.6045673076923077 0.4879807692307692 0.016826923076923076 0.052884615384615384
2 0.5853365384615384 0.47596153846153844 0.016826923076923076 0.04567307692307692
2 0.09134615384615384 0.6358173076923077 0.028846153846153848 0.055288461538461536
2 0.8112980769230769 0.5168269230769231 0.03125 0.06490384615384616
2 0.32572115384615385 0.6730769230769231 0.03365384615384615 0.04567307692307692
3 0.13701923076923078 0.4495192307692308 0.014423076923076924 0.036057692307692304
2 0.13221153846153846 0.5757211538461539 0.02403846153846154 0.057692307692307696