2 0.4254807692307692 0.38341346153846156 0.01201923076923077 0.026442307692307692
2 0.2800480769230769 0.46875 0.009615384615384616 0.039663461538461536
2 0.203125 0.48197115384615385 0.009615384615384616 0.042067307692307696
2 0.4951923076923077 0.42788461538461536 0.010817307692307692 0.03485576923076923
2 0.5576923076923077 0.4230769230769231 0.009615384615384616 0.036057692307692304
2 0.07572115384615384 0.5673076923076923 0.01201923076923077 0.05048076923076923
2 0.6382211538461539 0.5012019230769231 0.014423076923076924 0.04567307692307692
2 0.8846153846153846 0.5180288461538461 0.009615384615384616 0.04927884615384615
2 0.1935096153846154 0.5084134615384616 0.009615384615384616 0.042067307692307696
3 0.39903846153846156 0.4795673076923077 0.015625 0.04326923076923077
2 0.4423076923076923 0.46875 0.008413461538461538 0.039663461538461536
2 0.6670673076923077 0.4879807692307692 0.010817307692307692 0.04326923076923077
2 0.8353365384615384 0.5817307692307693 0.014423076923076924 0.06129807692307692
2 0.42908653846153844 0.6141826923076923 0.018028846153846152 0.055288461538461536
2 0.2644230769230769 0.5528846153846154 0.015625 0.051682692307692304
2 0.859375 0.5829326923076923 0.013221153846153846 0.056490384615384616
2 0.5204326923076923 0.6021634615384616 0.020432692307692308 0.057692307692307696
1 0.9050480769230769 0.8329326923076923 0.021634615384615384 0.08774038461538461
3 0.4735576923076923 0.33774038461538464 0.007211538461538462 0.026442307692307692
2 0.36778846153846156 0.4170673076923077 0.01201923076923077 0.037259615384615384
2 0.3581730769230769 0.41346153846153844 0.013221153846153846 0.03245192307692308
2 0.3173076923076923 0.4230769230769231 0.013221153846153846 0.036057692307692304
2 0.30288461538461536 0.4230769230769231 0.01201923076923077 0.037259615384615384
1 0.2764423076923077 0.4110576923076923 0.008413461538461538 0.038461538461538464