2 0.2439903846153846 0.40865384615384615 0.01201923076923077 0.040865384615384616
3 0.31009615384615385 0.40625 0.01201923076923077 0.036057692307692304
2 0.78125 0.46153846153846156 0.014423076923076924 0.038461538461538464
2 0.11899038461538461 0.4879807692307692 0.014423076923076924 0.04807692307692308
2 0.7103365384615384 0.41947115384615385 0.019230769230769232 0.040865384615384616
2 0.12620192307692307 0.515625 0.01201923076923077 0.04567307692307692
2 0.29927884615384615 0.42427884615384615 0.01201923076923077 0.040865384615384616
2 0.4170673076923077 0.4182692307692308 0.009615384615384616 0.038461538461538464
2 0.19951923076923078 0.4411057692307692 0.009615384615384616 0.04807692307692308
2 0.36177884615384615 0.4651442307692308 0.01201923076923077 0.04326923076923077
2 0.5144230769230769 0.46274038461538464 0.009615384615384616 0.040865384615384616
2 0.5456730769230769 0.44711538461538464 0.014423076923076924 0.04567307692307692
2 0.25721153846153844 0.48677884615384615 0.014423076923076924 0.05048076923076923
2 0.7055288461538461 0.4735576923076923 0.016826923076923076 0.04567307692307692
2 0.34375 0.5757211538461539 0.016826923076923076 0.057692307692307696
2 0.8293269230769231 0.5084134615384616 0.016826923076923076 0.055288461538461536
2 0.8028846153846154 0.5444711538461539 0.019230769230769232 0.06009615384615385
1 0.03485576923076923 0.41947115384615385 0.01201923076923077 0.038461538461538464
2 0.7824519230769231 0.421875 0.01201923076923077 0.04326923076923077
3 0.7692307692307693 0.36538461538461536 0.009615384615384616 0.03365384615384615
2 0.6935096153846154 0.4098557692307692 0.014423076923076924 0.040865384615384616
2 0.20072115384615385 0.4182692307692308 0.009615384615384616 0.038461538461538464
0 0.24278846153846154 0.42427884615384615 0.004807692307692308 0.009615384615384616
2 0.6826923076923077 0.40625 0.014423076923076924 0.040865384615384616