2 0.1045673076923077 0.5348557692307693 0.015625 0.042067307692307696
2 0.4411057692307692 0.4170673076923077 0.007211538461538462 0.036057692307692304
2 0.41346153846153844 0.4567307692307692 0.007211538461538462 0.036057692307692304
2 0.39783653846153844 0.49399038461538464 0.01201923076923077 0.042067307692307696
2 0.6153846153846154 0.43990384615384615 0.008413461538461538 0.03485576923076923
2 0.4543269230769231 0.4639423076923077 0.009615384615384616 0.038461538461538464
2 0.6310096153846154 0.4375 0.007211538461538462 0.038461538461538464
2 0.27403846153846156 0.5228365384615384 0.008413461538461538 0.04567307692307692
2 0.59375 0.5456730769230769 0.010817307692307692 0.04807692307692308
2 0.4182692307692308 0.5300480769230769 0.008413461538461538 0.046875
2 0.8810096153846154 0.5552884615384616 0.009615384615384616 0.054086538461538464
2 0.6105769230769231 0.5384615384615384 0.009615384615384616 0.04807692307692308
2 0.390625 0.5901442307692307 0.008413461538461538 0.05048076923076923
2 0.8641826923076923 0.6370192307692307 0.009615384615384616 0.06129807692307692
2 0.4026442307692308 0.5997596153846154 0.010817307692307692 0.056490384615384616
2 0.21153846153846154 0.5841346153846154 0.013221153846153846 0.05048076923076923
3 0.9050480769230769 0.8137019230769231 0.014423076923076924 0.0829326923076923
2 0.8473557692307693 0.6370192307692307 0.014423076923076924 0.0625
2 0.08173076923076923 0.5420673076923077 0.008413461538461538 0.04447115384615385
2 0.09134615384615384 0.5456730769230769 0.010817307692307692 0.04326923076923077
1 0.359375 0.4170673076923077 0.009615384615384616 0.036057692307692304
2 0.43149038461538464 0.421875 0.009615384615384616 0.036057692307692304