2 0.59375 0.3545673076923077 0.021634615384615384 0.038461538461538464
2 0.7055288461538461 0.4338942307692308 0.019230769230769232 0.040865384615384616
2 0.7091346153846154 0.4567307692307692 0.016826923076923076 0.038461538461538464
2 0.7415865384615384 0.4375 0.019230769230769232 0.04326923076923077
2 0.5913461538461539 0.3894230769230769 0.019230769230769232 0.04567307692307692
2 0.36899038461538464 0.32572115384615385 0.016826923076923076 0.038461538461538464
3 0.16105769230769232 0.2644230769230769 0.019230769230769232 0.040865384615384616
2 0.7103365384615384 0.3786057692307692 0.016826923076923076 0.038461538461538464
1 0.8774038461538461 0.46274038461538464 0.019230769230769232 0.04326923076923077
2 0.19110576923076922 0.3605769230769231 0.019230769230769232 0.04807692307692308
2 0.78125 0.484375 0.019230769230769232 0.04807692307692308
2 0.7644230769230769 0.47115384615384615 0.019230769230769232 0.04807692307692308
2 0.42908653846153844 0.328125 0.016826923076923076 0.040865384615384616
2 0.14423076923076922 0.3449519230769231 0.03125 0.06009615384615385
2 0.46274038461538464 0.39783653846153844 0.02403846153846154 0.05048076923076923
3 0.5552884615384616 0.3762019230769231 0.02403846153846154 0.04326923076923077
2 0.8401442307692307 0.53125 0.026442307692307692 0.06009615384615385
2 0.6622596153846154 0.3870192307692308 0.019230769230769232 0.04326923076923077
2 0.38822115384615385 0.4074519230769231 0.02403846153846154 0.05048076923076923
2 0.18870192307692307 0.39302884615384615 0.02403846153846154 0.052884615384615384
2 0.44350961538461536 0.5432692307692307 0.040865384615384616 0.06490384615384616
2 0.71875 0.48677884615384615 0.026442307692307692 0.052884615384615384
2 0.6009615384615384 0.3401442307692308 0.016826923076923076 0.03365384615384615