2 0.515625 0.34375 0.01201923076923077 0.042067307692307696
2 0.4026442307692308 0.3293269230769231 0.01201923076923077 0.038461538461538464
3 0.7403846153846154 0.32211538461538464 0.009615384615384616 0.040865384615384616
2 0.41466346153846156 0.3557692307692308 0.009615384615384616 0.042067307692307696
2 0.38221153846153844 0.35216346153846156 0.01201923076923077 0.040865384615384616
2 0.46274038461538464 0.33413461538461536 0.010817307692307692 0.037259615384615384
2 0.6538461538461539 0.34975961538461536 0.010817307692307692 0.040865384615384616
2 0.4891826923076923 0.36778846153846156 0.014423076923076924 0.039663461538461536
3 0.40024038461538464 0.39903846153846156 0.010817307692307692 0.057692307692307696
2 0.25721153846153844 0.36778846153846156 0.013221153846153846 0.05048076923076923
2 0.30288461538461536 0.4050480769230769 0.013221153846153846 0.05048076923076923
2 0.19831730769230768 0.4387019230769231 0.014423076923076924 0.05889423076923077
2 0.609375 0.38461538461538464 0.01201923076923077 0.052884615384615384
2 0.28125 0.40625 0.013221153846153846 0.052884615384615384
2 0.5697115384615384 0.7536057692307693 0.020432692307692308 0.09014423076923077
2 0.14543269230769232 0.5216346153846154 0.018028846153846152 0.0673076923076923
2 0.5168269230769231 0.46033653846153844 0.014423076923076924 0.057692307692307696
2 0.8293269230769231 0.5228365384615384 0.014423076923076924 0.06971153846153846
2 0.17548076923076922 0.5204326923076923 0.027644230769230768 0.0733173076923077
2 0.22355769230769232 0.7151442307692307 0.015625 0.08653846153846154
2 0.7620192307692307 0.4050480769230769 0.010817307692307692 0.057692307692307696
2 0.359375 0.5216346153846154 0.020432692307692308 0.06490384615384616
0 0.4266826923076923 0.36177884615384615 0.004807692307692308 0.010817307692307692