2 0.4206730769230769 0.4387019230769231 0.014423076923076924 0.036057692307692304
2 0.6514423076923077 0.421875 0.019230769230769232 0.040865384615384616
2 0.6706730769230769 0.41586538461538464 0.019230769230769232 0.038461538461538464
2 0.38341346153846156 0.4483173076923077 0.014423076923076924 0.038461538461538464
2 0.359375 0.5096153846153846 0.016826923076923076 0.040865384615384616
2 0.48197115384615385 0.47836538461538464 0.019230769230769232 0.04567307692307692
2 0.16947115384615385 0.6322115384615384 0.026442307692307692 0.04807692307692308
3 0.4338942307692308 0.5192307692307693 0.016826923076923076 0.04567307692307692
2 0.6634615384615384 0.5360576923076923 0.021634615384615384 0.055288461538461536
2 0.8822115384615384 0.5024038461538461 0.021634615384615384 0.06009615384615385
2 0.4411057692307692 0.5757211538461539 0.021634615384615384 0.052884615384615384
2 0.6514423076923077 0.5444711538461539 0.02403846153846154 0.052884615384615384
2 0.9110576923076923 0.5721153846153846 0.02403846153846154 0.06490384615384616
2 0.8966346153846154 0.5637019230769231 0.026442307692307692 0.06971153846153846
3 0.96875 0.7584134615384616 0.028846153846153848 0.0889423076923077
2 0.30649038461538464 0.5793269230769231 0.016826923076923076 0.05048076923076923
2 0.47836538461538464 0.6514423076923077 0.026442307692307692 0.0673076923076923
2 0.43149038461538464 0.6454326923076923 0.026442307692307692 0.057692307692307696
2 0.24519230769230768 0.6694711538461539 0.03125 0.0625
3 0.5060096153846154 0.3473557692307692 0.009615384615384616 0.02403846153846154
2 0.08774038461538461 0.6310096153846154 0.019230769230769232 0.05048076923076923
2 0.078125 0.640625 0.021634615384615384 0.038461538461538464
0 0.07211538461538461 0.6598557692307693 0.004807692307692308 0.007211538461538462
1 0.32091346153846156 0.4495192307692308 0.019230769230769232 0.04326923076923077