0 0.32091346153846156 0.38100961538461536 0.007211538461538462 0.01201923076923077
2 0.5204326923076923 0.22596153846153846 0.01201923076923077 0.04326923076923077
2 0.5793269230769231 0.19951923076923078 0.014423076923076924 0.040865384615384616
2 0.47115384615384615 0.22716346153846154 0.014423076923076924 0.04807692307692308
2 0.7548076923076923 0.21153846153846154 0.014423076923076924 0.04567307692307692
2 0.3173076923076923 0.2536057692307692 0.014423076923076924 0.04567307692307692
2 0.4891826923076923 0.23317307692307693 0.014423076923076924 0.04567307692307692
3 0.6358173076923077 0.2824519230769231 0.014423076923076924 0.052884615384615384
2 0.33653846153846156 0.24879807692307693 0.021634615384615384 0.052884615384615384
2 0.35336538461538464 0.33653846153846156 0.016826923076923076 0.055288461538461536
2 0.6105769230769231 0.32211538461538464 0.021634615384615384 0.06009615384615385
2 0.6862980769230769 0.23918269230769232 0.016826923076923076 0.052884615384615384
2 0.8341346153846154 0.27163461538461536 0.016826923076923076 0.06009615384615385
2 0.8197115384615384 0.27283653846153844 0.019230769230769232 0.057692307692307696
2 0.06850961538461539 0.45913461538461536 0.02403846153846154 0.07692307692307693
2 0.5372596153846154 0.3942307692307692 0.016826923076923076 0.0625
2 0.36899038461538464 0.4266826923076923 0.026442307692307692 0.07211538461538461
2 0.3088942307692308 0.35216346153846156 0.016826923076923076 0.06490384615384616
2 0.8088942307692307 0.45913461538461536 0.02403846153846154 0.08173076923076923
2 0.6838942307692307 0.7211538461538461 0.040865384615384616 0.11057692307692307
2 0.5516826923076923 0.3125 0.016826923076923076 0.055288461538461536
2 0.6694711538461539 0.4879807692307692 0.028846153846153848 0.08653846153846154
3 0.8245192307692307 0.1814903846153846 0.016826923076923076 0.04567307692307692