2 0.2692307692307692 0.23798076923076922 0.01201923076923077 0.04326923076923077
2 0.171875 0.2776442307692308 0.01201923076923077 0.04807692307692308
2 0.30528846153846156 0.25600961538461536 0.01201923076923077 0.04326923076923077
2 0.18629807692307693 0.30528846153846156 0.014423076923076924 0.052884615384615384
0 0.8786057692307693 0.5192307692307693 0.009615384615384616 0.01201923076923077
2 0.4362980769230769 0.2439903846153846 0.014423076923076924 0.04567307692307692
2 0.6274038461538461 0.25721153846153844 0.01201923076923077 0.04807692307692308
2 0.47716346153846156 0.23076923076923078 0.01201923076923077 0.04567307692307692
2 0.13581730769230768 0.3713942307692308 0.016826923076923076 0.0625
2 0.11658653846153846 0.6286057692307693 0.038461538461538464 0.08413461538461539
2 0.5925480769230769 0.23918269230769232 0.01201923076923077 0.052884615384615384
2 0.12139423076923077 0.35216346153846156 0.016826923076923076 0.0625
2 0.22956730769230768 0.41346153846153844 0.02403846153846154 0.06971153846153846
3 0.2764423076923077 0.36177884615384615 0.019230769230769232 0.06490384615384616
2 0.31490384615384615 0.5180288461538461 0.02403846153846154 0.08173076923076923
2 0.42908653846153844 0.36899038461538464 0.021634615384615384 0.06009615384615385
2 0.4411057692307692 0.4699519230769231 0.021634615384615384 0.0673076923076923
2 0.6225961538461539 0.40384615384615385 0.019230769230769232 0.06971153846153846
2 0.29447115384615385 0.8040865384615384 0.038461538461538464 0.11298076923076923
2 0.5264423076923077 0.4098557692307692 0.02403846153846154 0.06971153846153846
2 0.7139423076923077 0.4579326923076923 0.021634615384615384 0.07451923076923077
2 0.9471153846153846 0.47716346153846156 0.026442307692307692 0.08413461538461539