2 0.18509615384615385 0.25841346153846156 0.013221153846153846 0.046875
0 0.8197115384615384 0.5600961538461539 0.007211538461538462 0.01201923076923077
2 0.15144230769230768 0.3161057692307692 0.016826923076923076 0.052884615384615384
2 0.5372596153846154 0.7235576923076923 0.038461538461538464 0.10697115384615384
2 0.28365384615384615 0.33653846153846156 0.01201923076923077 0.06009615384615385
2 0.5865384615384616 0.25841346153846156 0.010817307692307692 0.04807692307692308
2 0.46153846153846156 0.36899038461538464 0.016826923076923076 0.057692307692307696
2 0.4411057692307692 0.3762019230769231 0.02403846153846154 0.0625
2 0.6814903846153846 0.35096153846153844 0.020432692307692308 0.06370192307692307
2 0.5 0.30528846153846156 0.014423076923076924 0.051682692307692304
2 0.7848557692307693 0.41346153846153844 0.015625 0.06971153846153846
3 0.25240384615384615 0.4338942307692308 0.015625 0.078125
2 0.5168269230769231 0.47716346153846156 0.018028846153846152 0.078125
2 0.12139423076923077 0.453125 0.015625 0.078125
2 0.27524038461538464 0.4050480769230769 0.021634615384615384 0.06850961538461539
2 0.15865384615384615 0.6634615384615384 0.02283653846153846 0.09975961538461539
2 0.421875 0.48197115384615385 0.020432692307692308 0.08173076923076923
2 0.03125 0.6021634615384616 0.02403846153846154 0.09735576923076923
2 0.5769230769230769 0.7451923076923077 0.036057692307692304 0.11057692307692307
2 0.8581730769230769 0.5324519230769231 0.016826923076923076 0.08653846153846154
2 0.07451923076923077 0.453125 0.027644230769230768 0.0829326923076923
2 0.38341346153846156 0.5973557692307693 0.03245192307692308 0.0889423076923077
3 0.12860576923076922 0.22596153846153846 0.010817307692307692 0.046875