2 0.6382211538461539 0.13942307692307693 0.014423076923076924 0.06490384615384616
2 0.6442307692307693 0.12139423076923077 0.014423076923076924 0.05048076923076923
2 0.6334134615384616 0.14783653846153846 0.014423076923076924 0.057692307692307696
2 0.6033653846153846 0.12379807692307693 0.019230769230769232 0.052884615384615384
3 0.15625 0.14302884615384615 0.016826923076923076 0.055288461538461536
2 0.4170673076923077 0.13822115384615385 0.016826923076923076 0.05048076923076923
2 0.453125 0.17067307692307693 0.016826923076923076 0.06490384615384616
2 0.5552884615384616 0.1622596153846154 0.019230769230769232 0.06490384615384616
2 0.484375 0.16706730769230768 0.019230769230769232 0.06009615384615385
2 0.25600961538461536 0.1778846153846154 0.026442307692307692 0.057692307692307696
2 0.765625 0.14903846153846154 0.019230769230769232 0.06490384615384616
2 0.27524038461538464 0.24158653846153846 0.016826923076923076 0.07211538461538461
2 0.5973557692307693 0.18509615384615385 0.021634615384615384 0.0625
2 0.8064903846153846 0.18870192307692307 0.016826923076923076 0.07451923076923077
2 0.23197115384615385 0.1778846153846154 0.016826923076923076 0.0673076923076923
2 0.8557692307692307 0.27524038461538464 0.016826923076923076 0.08413461538461539
2 0.7680288461538461 0.24158653846153846 0.019230769230769232 0.07451923076923077
2 0.16346153846153846 0.2536057692307692 0.028846153846153848 0.07451923076923077
2 0.4543269230769231 0.23918269230769232 0.026442307692307692 0.06490384615384616
3 0.5528846153846154 0.21634615384615385 0.021634615384615384 0.07692307692307693
2 0.22956730769230768 0.34375 0.026442307692307692 0.09134615384615384