2 0.6538461538461539 0.6682692307692307 0.040865384615384616 0.055288461538461536
2 0.21514423076923078 0.41947115384615385 0.02403846153846154 0.05048076923076923
2 0.2692307692307692 0.41586538461538464 0.019230769230769232 0.04567307692307692
2 0.4807692307692308 0.32211538461538464 0.019230769230769232 0.04326923076923077
2 0.3137019230769231 0.4675480769230769 0.02403846153846154 0.06009615384615385
2 0.41346153846153844 0.35216346153846156 0.016826923076923076 0.04567307692307692
2 0.5913461538461539 0.3701923076923077 0.021634615384615384 0.057692307692307696
2 0.203125 0.5192307692307693 0.02403846153846154 0.06490384615384616
1 0.9579326923076923 0.31850961538461536 0.02403846153846154 0.06009615384615385
2 0.18870192307692307 0.5120192307692307 0.026442307692307692 0.06490384615384616
3 0.30649038461538464 0.5084134615384616 0.026442307692307692 0.06490384615384616
2 0.7776442307692307 0.5132211538461539 0.03365384615384615 0.07932692307692307
2 0.7776442307692307 0.42427884615384615 0.03365384615384615 0.0625
2 0.7283653846153846 0.6153846153846154 0.04567307692307692 0.0889423076923077
2 0.15144230769230768 0.6959134615384616 0.038461538461538464 0.0889423076923077
2 0.8088942307692307 0.5913461538461539 0.03365384615384615 0.0673076923076923
2 0.5853365384615384 0.3870192307692308 0.02403846153846154 0.06009615384615385
2 0.9675480769230769 0.515625 0.040865384615384616 0.08653846153846154
2 0.8846153846153846 0.6189903846153846 0.038461538461538464 0.09375
2 0.33653846153846156 0.6947115384615384 0.040865384615384616 0.09375
2 0.19831730769230768 0.8137019230769231 0.04326923076923077 0.10096153846153846
0 0.7752403846153846 0.44711538461538464 0.009615384615384616 0.014423076923076924
2 0.2764423076923077 0.3581730769230769 0.021634615384615384 0.04326923076923077
3 0.17307692307692307 0.3449519230769231 0.016826923076923076 0.038461538461538464