2 0.5300480769230769 0.23557692307692307 0.007211538461538462 0.03125
2 0.3233173076923077 0.234375 0.007211538461538462 0.038461538461538464
2 0.33052884615384615 0.24759615384615385 0.009615384615384616 0.04567307692307692
2 0.6334134615384616 0.2512019230769231 0.019230769230769232 0.052884615384615384
2 0.6754807692307693 0.23918269230769232 0.009615384615384616 0.04326923076923077
2 0.5264423076923077 0.265625 0.009615384615384616 0.04567307692307692
2 0.4951923076923077 0.24278846153846154 0.009615384615384616 0.04326923076923077
2 0.5036057692307693 0.2439903846153846 0.009615384615384616 0.04567307692307692
1 0.921875 0.29927884615384615 0.009615384615384616 0.05048076923076923
3 0.39903846153846156 0.296875 0.009615384615384616 0.05048076923076923
2 0.5889423076923077 0.28725961538461536 0.02403846153846154 0.04567307692307692
2 0.15745192307692307 0.27884615384615385 0.014423076923076924 0.04807692307692308
2 0.14182692307692307 0.2764423076923077 0.01201923076923077 0.05048076923076923
2 0.296875 0.3137019230769231 0.019230769230769232 0.04807692307692308
2 0.21514423076923078 0.31971153846153844 0.014423076923076924 0.055288461538461536
2 0.40024038461538464 0.3798076923076923 0.01201923076923077 0.0625
2 0.2548076923076923 0.47836538461538464 0.016826923076923076 0.07692307692307693
2 0.7608173076923077 0.41586538461538464 0.021634615384615384 0.07211538461538461
2 0.5420673076923077 0.6382211538461539 0.026442307692307692 0.0985576923076923
2 0.59375 0.41586538461538464 0.014423076923076924 0.0673076923076923
2 0.17427884615384615 0.43149038461538464 0.02403846153846154 0.07211538461538461
0 0.6033653846153846 0.3088942307692308 0.007211538461538462 0.01201923076923077
2 0.5204326923076923 0.22115384615384615 0.01201923076923077 0.038461538461538464
3 0.14423076923076922 0.22716346153846154 0.009615384615384616 0.04807692307692308