3 0.25 0.18028846153846154 0.014423076923076924 0.04326923076923077
0 0.8221153846153846 0.34134615384615385 0.007211538461538462 0.01201923076923077
2 0.37740384615384615 0.21634615384615385 0.014423076923076924 0.040865384615384616
2 0.12259615384615384 0.4050480769230769 0.026442307692307692 0.07451923076923077
2 0.4375 0.25841346153846156 0.016826923076923076 0.04326923076923077
2 0.28725961538461536 0.24158653846153846 0.016826923076923076 0.04807692307692308
2 0.109375 0.4254807692307692 0.019230769230769232 0.06490384615384616
2 0.6658653846153846 0.26322115384615385 0.014423076923076924 0.04567307692307692
2 0.3004807692307692 0.28966346153846156 0.02403846153846154 0.052884615384615384
2 0.17668269230769232 0.2608173076923077 0.019230769230769232 0.055288461538461536
2 0.7163461538461539 0.2608173076923077 0.021634615384615384 0.04326923076923077
2 0.5853365384615384 0.3125 0.019230769230769232 0.05048076923076923
2 0.5432692307692307 0.40384615384615385 0.028846153846153848 0.06971153846153846
2 0.7127403846153846 0.3245192307692308 0.02403846153846154 0.04326923076923077
2 0.21754807692307693 0.3137019230769231 0.021634615384615384 0.0625
2 0.5192307692307693 0.46875 0.03125 0.06971153846153846
2 0.46274038461538464 0.38221153846153844 0.026442307692307692 0.06490384615384616
2 0.19110576923076922 0.35697115384615385 0.03125 0.0673076923076923
3 0.33533653846153844 0.3786057692307692 0.02403846153846154 0.07211538461538461
2 0.33533653846153844 0.7067307692307693 0.038461538461538464 0.11057692307692307
2 0.9375 0.38341346153846156 0.016826923076923076 0.06009615384615385
2 0.8846153846153846 0.5925480769230769 0.03365384615384615 0.09375