2 0.5348557692307693 0.24879807692307693 0.02403846153846154 0.057692307692307696
2 0.6370192307692307 0.25961538461538464 0.019230769230769232 0.052884615384615384
2 0.5925480769230769 0.265625 0.026442307692307692 0.057692307692307696
2 0.5420673076923077 0.265625 0.036057692307692304 0.06009615384615385
2 0.5180288461538461 0.23076923076923078 0.026442307692307692 0.052884615384615384
2 0.46153846153846156 0.22956730769230768 0.021634615384615384 0.057692307692307696
2 0.75 0.3016826923076923 0.02403846153846154 0.0625
2 0.6177884615384616 0.27163461538461536 0.019230769230769232 0.04807692307692308
2 0.7355769230769231 0.2980769230769231 0.02403846153846154 0.06009615384615385
2 0.9495192307692307 0.36538461538461536 0.021634615384615384 0.06009615384615385
1 0.16947115384615385 0.1935096153846154 0.03125 0.06971153846153846
2 0.4639423076923077 0.28846153846153844 0.028846153846153848 0.0625
2 0.39302884615384615 0.24879807692307693 0.026442307692307692 0.0625
2 0.30408653846153844 0.27403846153846156 0.028846153846153848 0.06490384615384616
3 0.7115384615384616 0.3161057692307692 0.028846153846153848 0.0625
2 0.9543269230769231 0.4483173076923077 0.038461538461538464 0.07451923076923077
2 0.6213942307692307 0.31009615384615385 0.03125 0.0673076923076923
2 0.9194711538461539 0.43990384615384615 0.03125 0.07692307692307693
2 0.546875 0.40625 0.04567307692307692 0.07692307692307693
0 0.5793269230769231 0.28365384615384615 0.007211538461538462 0.01201923076923077
2 0.6069711538461539 0.21875 0.019230769230769232 0.04326923076923077
2 0.59375 0.25 0.026442307692307692 0.055288461538461536