0 0.40625 0.6274038461538461 0.007211538461538462 0.01201923076923077
2 0.7115384615384616 0.31009615384615385 0.009615384615384616 0.038461538461538464
2 0.40384615384615385 0.3629807692307692 0.009615384615384616 0.04567307692307692
2 0.7644230769230769 0.38461538461538464 0.009615384615384616 0.05048076923076923
2 0.8088942307692307 0.40865384615384615 0.01201923076923077 0.05048076923076923
2 0.4375 0.5216346153846154 0.014423076923076924 0.0625
2 0.4026442307692308 0.42908653846153844 0.014423076923076924 0.05048076923076923
2 0.5348557692307693 0.3076923076923077 0.009615384615384616 0.040865384615384616
2 0.8954326923076923 0.5480769230769231 0.019230769230769232 0.07692307692307693
2 0.5949519230769231 0.3233173076923077 0.009615384615384616 0.040865384615384616
2 0.4254807692307692 0.3401442307692308 0.009615384615384616 0.04807692307692308
3 0.7307692307692307 0.44711538461538464 0.01201923076923077 0.06009615384615385
2 0.8233173076923077 0.43149038461538464 0.01201923076923077 0.06009615384615385
1 0.1045673076923077 0.39302884615384615 0.01201923076923077 0.055288461538461536
3 0.03125 0.6466346153846154 0.016826923076923076 0.07451923076923077
2 0.41586538461538464 0.5432692307692307 0.016826923076923076 0.06971153846153846
2 0.7247596153846154 0.6177884615384616 0.019230769230769232 0.07692307692307693
2 0.46634615384615385 0.6742788461538461 0.03125 0.07211538461538461
2 0.8413461538461539 0.6310096153846154 0.016826923076923076 0.08413461538461539
2 0.39903846153846156 0.6754807692307693 0.019230769230769232 0.08413461538461539
2 0.21514423076923078 0.5865384615384616 0.019230769230769232 0.07692307692307693
2 0.09134615384615384 0.6165865384615384 0.026442307692307692 0.08653846153846154
3 0.8161057692307693 0.2860576923076923 0.01201923076923077 0.036057692307692304
2 0.7668269230769231 0.3401442307692308 0.009615384615384616 0.040865384615384616
2 0.7740384615384616 0.33774038461538464 0.009615384615384616 0.040865384615384616