0 0.6526442307692307 0.3870192307692308 0.007211538461538462 0.01201923076923077
2 0.44471153846153844 0.25721153846153844 0.009615384615384616 0.040865384615384616
2 0.38461538461538464 0.23918269230769232 0.01201923076923077 0.038461538461538464
2 0.49278846153846156 0.2536057692307692 0.009615384615384616 0.04807692307692308
2 0.21875 0.26802884615384615 0.009615384615384616 0.04567307692307692
2 0.6454326923076923 0.26322115384615385 0.009615384615384616 0.04567307692307692
2 0.47716346153846156 0.2608173076923077 0.009615384615384616 0.04567307692307692
3 0.3389423076923077 0.3233173076923077 0.009615384615384616 0.05048076923076923
1 0.9711538461538461 0.3137019230769231 0.014423076923076924 0.055288461538461536
2 0.625 0.2608173076923077 0.016826923076923076 0.05048076923076923
2 0.6189903846153846 0.3473557692307692 0.01201923076923077 0.052884615384615384
2 0.36778846153846156 0.359375 0.016826923076923076 0.057692307692307696
2 0.28846153846153844 0.28725961538461536 0.01201923076923077 0.05048076923076923
2 0.14903846153846154 0.33413461538461536 0.01201923076923077 0.057692307692307696
2 0.1622596153846154 0.33413461538461536 0.01201923076923077 0.055288461538461536
2 0.9038461538461539 0.4362980769230769 0.019230769230769232 0.07451923076923077
2 0.44711538461538464 0.4206730769230769 0.01201923076923077 0.06009615384615385
2 0.6105769230769231 0.43509615384615385 0.021634615384615384 0.0673076923076923
2 0.6634615384615384 0.359375 0.01201923076923077 0.0625
2 0.19110576923076922 0.5120192307692307 0.019230769230769232 0.07932692307692307
2 0.3389423076923077 0.7512019230769231 0.03125 0.10576923076923077
2 0.4254807692307692 0.34375 0.01201923076923077 0.052884615384615384
2 0.328125 0.5240384615384616 0.021634615384615384 0.08173076923076923
3 0.14903846153846154 0.24639423076923078 0.01201923076923077 0.04567307692307692