2 0.34134615384615385 0.3088942307692308 0.014423076923076924 0.04567307692307692
2 0.4110576923076923 0.22596153846153846 0.01201923076923077 0.040865384615384616
2 0.6670673076923077 0.3605769230769231 0.016826923076923076 0.05048076923076923
2 0.14182692307692307 0.4254807692307692 0.016826923076923076 0.040865384615384616
2 0.3401442307692308 0.3401442307692308 0.014423076923076924 0.06009615384615385
2 0.3125 0.25961538461538464 0.01201923076923077 0.04567307692307692
2 0.5300480769230769 0.2920673076923077 0.016826923076923076 0.04326923076923077
2 0.13701923076923078 0.4723557692307692 0.021634615384615384 0.07932692307692307
2 0.46274038461538464 0.31490384615384615 0.014423076923076924 0.05048076923076923
2 0.7355769230769231 0.28125 0.01201923076923077 0.05048076923076923
2 0.44471153846153844 0.4254807692307692 0.019230769230769232 0.06971153846153846
2 0.6586538461538461 0.37740384615384615 0.016826923076923076 0.06009615384615385
2 0.859375 0.3942307692307692 0.014423076923076924 0.06490384615384616
2 0.21875 0.3545673076923077 0.021634615384615384 0.06490384615384616
2 0.19471153846153846 0.33653846153846156 0.016826923076923076 0.06490384615384616
2 0.49278846153846156 0.7223557692307693 0.026442307692307692 0.10336538461538461
2 0.17548076923076922 0.39302884615384615 0.02403846153846154 0.06971153846153846
2 0.5697115384615384 0.44711538461538464 0.019230769230769232 0.07692307692307693
3 0.34975961538461536 0.42427884615384615 0.019230769230769232 0.07451923076923077
2 0.4735576923076923 0.46153846153846156 0.02403846153846154 0.07211538461538461
2 0.8725961538461539 0.5925480769230769 0.026442307692307692 0.09375
3 0.2800480769230769 0.20192307692307693 0.014423076923076924 0.04326923076923077
0 0.6706730769230769 0.3786057692307692 0.009615384615384616 0.014423076923076924