0 0.36538461538461536 0.35216346153846156 0.007211538461538462 0.01201923076923077
2 0.5961538461538461 0.2548076923076923 0.014423076923076924 0.040865384615384616
2 0.6586538461538461 0.24519230769230768 0.019230769230769232 0.040865384615384616
2 0.5480769230769231 0.2439903846153846 0.016826923076923076 0.04807692307692308
2 0.8233173076923077 0.3004807692307692 0.016826923076923076 0.04567307692307692
2 0.3942307692307692 0.2283653846153846 0.016826923076923076 0.04567307692307692
2 0.5637019230769231 0.25240384615384615 0.016826923076923076 0.04567307692307692
3 0.6911057692307693 0.3389423076923077 0.019230769230769232 0.052884615384615384
1 0.056490384615384616 0.22596153846153846 0.02403846153846154 0.057692307692307696
2 0.41466346153846156 0.2283653846153846 0.02403846153846154 0.05048076923076923
2 0.4074519230769231 0.3173076923076923 0.021634615384615384 0.055288461538461536
2 0.6574519230769231 0.36899038461538464 0.026442307692307692 0.06009615384615385
2 0.75 0.31009615384615385 0.021634615384615384 0.052884615384615384
2 0.8822115384615384 0.3786057692307692 0.021634615384615384 0.06009615384615385
2 0.8689903846153846 0.3762019230769231 0.021634615384615384 0.057692307692307696
2 0.10336538461538461 0.36177884615384615 0.028846153846153848 0.07692307692307693
2 0.5685096153846154 0.41947115384615385 0.021634615384615384 0.06009615384615385
2 0.39903846153846156 0.4074519230769231 0.03365384615384615 0.07211538461538461
2 0.3605769230769231 0.32211538461538464 0.02403846153846154 0.06490384615384616
2 0.8125 0.5516826923076923 0.03125 0.08413461538461539
2 0.625 0.7692307692307693 0.05048076923076923 0.11298076923076923
2 0.6033653846153846 0.3449519230769231 0.021634615384615384 0.055288461538461536
2 0.6706730769230769 0.5420673076923077 0.036057692307692304 0.08653846153846154
3 0.8966346153846154 0.29086538461538464 0.021634615384615384 0.04807692307692308