2 0.6334134615384616 0.30288461538461536 0.016826923076923076 0.04567307692307692
2 0.5588942307692307 0.22716346153846154 0.014423076923076924 0.040865384615384616
2 0.31850961538461536 0.375 0.019230769230769232 0.05048076923076923
2 0.8365384615384616 0.4026442307692308 0.019230769230769232 0.040865384615384616
2 0.6358173076923077 0.3329326923076923 0.019230769230769232 0.06009615384615385
2 0.65625 0.2512019230769231 0.014423076923076924 0.04326923076923077
2 0.44591346153846156 0.3004807692307692 0.019230769230769232 0.04326923076923077
2 0.84375 0.4483173076923077 0.026442307692307692 0.07932692307692307
2 0.5144230769230769 0.3173076923076923 0.016826923076923076 0.04807692307692308
2 0.24639423076923078 0.30288461538461536 0.016826923076923076 0.04807692307692308
2 0.5396634615384616 0.4230769230769231 0.021634615384615384 0.0673076923076923
2 0.3269230769230769 0.390625 0.021634615384615384 0.06009615384615385
2 0.13341346153846154 0.4206730769230769 0.019230769230769232 0.0625
2 0.7548076923076923 0.3389423076923077 0.026442307692307692 0.06490384615384616
2 0.7788461538461539 0.31850961538461536 0.021634615384615384 0.06490384615384616
2 0.5132211538461539 0.7151442307692307 0.03365384615384615 0.10336538461538461
2 0.8004807692307693 0.37259615384615385 0.026442307692307692 0.06971153846153846
2 0.4206730769230769 0.453125 0.02403846153846154 0.07692307692307693
3 0.6310096153846154 0.41586538461538464 0.02403846153846154 0.07211538461538461
2 0.515625 0.46033653846153844 0.028846153846153848 0.07211538461538461
2 0.13341346153846154 0.6153846153846154 0.03365384615384615 0.09375
3 0.6862980769230769 0.1935096153846154 0.016826923076923076 0.04326923076923077
0 0.31490384615384615 0.39302884615384615 0.009615384615384616 0.014423076923076924