0 0.7091346153846154 0.42427884615384615 0.007211538461538462 0.01201923076923077
2 0.3088942307692308 0.18629807692307693 0.009615384615384616 0.04326923076923077
2 0.41586538461538464 0.30288461538461536 0.014423076923076924 0.06009615384615385
2 0.5504807692307693 0.2644230769230769 0.01201923076923077 0.052884615384615384
2 0.2512019230769231 0.25961538461538464 0.01201923076923077 0.052884615384615384
2 0.7127403846153846 0.22596153846153846 0.016826923076923076 0.052884615384615384
2 0.7536057692307693 0.453125 0.03365384615384615 0.07211538461538461
2 0.27524038461538464 0.36177884615384615 0.016826923076923076 0.07451923076923077
2 0.7247596153846154 0.39903846153846156 0.019230769230769232 0.0673076923076923
2 0.484375 0.38100961538461536 0.016826923076923076 0.06971153846153846
3 0.3473557692307692 0.4182692307692308 0.016826923076923076 0.07932692307692307
2 0.7848557692307693 0.3473557692307692 0.019230769230769232 0.0673076923076923
2 0.5264423076923077 0.32211538461538464 0.021634615384615384 0.0625
2 0.17067307692307693 0.3641826923076923 0.016826923076923076 0.07692307692307693
2 0.10817307692307693 0.5216346153846154 0.026442307692307692 0.0985576923076923
2 0.8112980769230769 0.46634615384615385 0.03365384615384615 0.08173076923076923
2 0.5420673076923077 0.5204326923076923 0.021634615384615384 0.09375
2 0.3233173076923077 0.6574519230769231 0.038461538461538464 0.11538461538461539
2 0.5084134615384616 0.7680288461538461 0.038461538461538464 0.125
2 0.16826923076923078 0.6778846153846154 0.036057692307692304 0.11057692307692307
2 0.6346153846153846 0.5372596153846154 0.03125 0.09375
3 0.2704326923076923 0.16826923076923078 0.01201923076923077 0.04807692307692308