2 0.6225961538461539 0.11057692307692307 0.03125 0.057692307692307696
2 0.6201923076923077 0.13581730769230768 0.028846153846153848 0.0673076923076923
2 0.6033653846153846 0.1310096153846154 0.03365384615384615 0.06971153846153846
2 0.6634615384615384 0.14783653846153846 0.03365384615384615 0.06009615384615385
2 0.6766826923076923 0.20072115384615385 0.040865384615384616 0.0889423076923077
2 0.35336538461538464 0.140625 0.02403846153846154 0.0625
2 0.7247596153846154 0.13581730769230768 0.028846153846153848 0.07692307692307693
2 0.109375 0.24519230769230768 0.028846153846153848 0.07451923076923077
2 0.21634615384615385 0.22355769230769232 0.03125 0.06971153846153846
2 0.4963942307692308 0.16346153846153846 0.036057692307692304 0.0625
2 0.21995192307692307 0.28725961538461536 0.03365384615384615 0.07451923076923077
2 0.33052884615384615 0.19831730769230768 0.03365384615384615 0.07451923076923077
2 0.7524038461538461 0.16826923076923078 0.03125 0.07932692307692307
2 0.4362980769230769 0.20552884615384615 0.038461538461538464 0.06490384615384616
2 0.5384615384615384 0.17427884615384615 0.036057692307692304 0.07692307692307693
3 0.3942307692307692 0.2536057692307692 0.038461538461538464 0.08653846153846154
2 0.4050480769230769 0.21153846153846154 0.03125 0.07211538461538461
2 0.1310096153846154 0.30288461538461536 0.03125 0.08173076923076923
2 0.34134615384615385 0.3557692307692308 0.04326923076923077 0.08413461538461539
2 0.828125 0.20673076923076922 0.036057692307692304 0.08413461538461539
3 0.07692307692307693 0.18269230769230768 0.03125 0.07211538461538461
2 0.6021634615384616 0.11057692307692307 0.036057692307692304 0.06971153846153846