2 0.4807692307692308 0.23677884615384615 0.01201923076923077 0.03125
2 0.2764423076923077 0.27884615384615385 0.014423076923076924 0.038461538461538464
2 0.2860576923076923 0.29086538461538464 0.019230769230769232 0.04807692307692308
2 0.5865384615384616 0.22956730769230768 0.026442307692307692 0.055288461538461536
2 0.6262019230769231 0.2091346153846154 0.016826923076923076 0.04326923076923077
2 0.4855769230769231 0.26802884615384615 0.016826923076923076 0.04567307692307692
2 0.4483173076923077 0.2512019230769231 0.016826923076923076 0.04326923076923077
2 0.4567307692307692 0.25 0.016826923076923076 0.04567307692307692
1 0.8822115384615384 0.21634615384615385 0.019230769230769232 0.05048076923076923
3 0.36538461538461536 0.3245192307692308 0.019230769230769232 0.05048076923076923
2 0.5504807692307693 0.2764423076923077 0.03125 0.04807692307692308
2 0.12139423076923077 0.35697115384615385 0.021634615384615384 0.05048076923076923
2 0.10576923076923077 0.35697115384615385 0.021634615384615384 0.052884615384615384
2 0.2668269230769231 0.3629807692307692 0.026442307692307692 0.05048076923076923
2 0.18629807692307693 0.3858173076923077 0.02403846153846154 0.055288461538461536
2 0.38341346153846156 0.4050480769230769 0.02403846153846154 0.06490384615384616
2 0.2608173076923077 0.5348557692307693 0.028846153846153848 0.07932692307692307
2 0.7487980769230769 0.36658653846153844 0.03365384615384615 0.07451923076923077
2 0.578125 0.6322115384615384 0.04326923076923077 0.10096153846153846
2 0.5829326923076923 0.40024038461538464 0.026442307692307692 0.06971153846153846
2 0.171875 0.5048076923076923 0.036057692307692304 0.07451923076923077
0 0.5685096153846154 0.29447115384615385 0.007211538461538462 0.01201923076923077
2 0.4699519230769231 0.2247596153846154 0.016826923076923076 0.038461538461538464
3 0.09735576923076923 0.3088942307692308 0.019230769230769232 0.04807692307692308