2 0.5709134615384616 0.2127403846153846 0.021634615384615384 0.052884615384615384
2 0.5889423076923077 0.19471153846153846 0.02403846153846154 0.055288461538461536
2 0.6430288461538461 0.22716346153846154 0.019230769230769232 0.04567307692307692
2 0.3581730769230769 0.16466346153846154 0.026442307692307692 0.0625
2 0.6189903846153846 0.2091346153846154 0.03125 0.06009615384615385
2 0.6766826923076923 0.23317307692307693 0.026442307692307692 0.0673076923076923
2 0.4675480769230769 0.16466346153846154 0.028846153846153848 0.057692307692307696
2 0.49759615384615385 0.20192307692307693 0.028846153846153848 0.057692307692307696
2 0.5072115384615384 0.20673076923076922 0.03125 0.06009615384615385
2 0.40384615384615385 0.18269230769230768 0.028846153846153848 0.0625
2 0.3545673076923077 0.21033653846153846 0.03125 0.07211538461538461
2 0.5612980769230769 0.25961538461538464 0.03365384615384615 0.07451923076923077
2 0.8137019230769231 0.3401442307692308 0.03365384615384615 0.07692307692307693
2 0.6418269230769231 0.265625 0.036057692307692304 0.07451923076923077
2 0.3161057692307692 0.21033653846153846 0.036057692307692304 0.07451923076923077
2 0.7307692307692307 0.34375 0.036057692307692304 0.07451923076923077
2 0.3112980769230769 0.2764423076923077 0.03365384615384615 0.08653846153846154
2 0.7848557692307693 0.28966346153846156 0.036057692307692304 0.06971153846153846
3 0.5072115384615384 0.28725961538461536 0.040865384615384616 0.08173076923076923
2 0.7704326923076923 0.4074519230769231 0.04567307692307692 0.0889423076923077
3 0.3125 0.09495192307692307 0.028846153846153848 0.06009615384615385
0 0.5649038461538461 0.040865384615384616 0.009615384615384616 0.014423076923076924