3 0.21754807692307693 0.09134615384615384 0.02403846153846154 0.057692307692307696
2 0.47115384615384615 0.14783653846153846 0.026442307692307692 0.05048076923076923
2 0.5913461538461539 0.1875 0.02403846153846154 0.04807692307692308
2 0.6622596153846154 0.18509615384615385 0.021634615384615384 0.052884615384615384
2 0.7415865384615384 0.2127403846153846 0.021634615384615384 0.055288461538461536
2 0.5733173076923077 0.203125 0.028846153846153848 0.055288461538461536
2 0.3088942307692308 0.13822115384615385 0.021634615384615384 0.057692307692307696
2 0.5084134615384616 0.18028846153846154 0.03125 0.06971153846153846
2 0.4951923076923077 0.18028846153846154 0.02403846153846154 0.0625
2 0.7079326923076923 0.21514423076923078 0.02403846153846154 0.04807692307692308
2 0.23677884615384615 0.12860576923076922 0.02403846153846154 0.06009615384615385
2 0.6875 0.1814903846153846 0.02403846153846154 0.04807692307692308
2 0.16105769230769232 0.1875 0.028846153846153848 0.07451923076923077
2 0.7524038461538461 0.23197115384615385 0.028846153846153848 0.05048076923076923
2 0.31490384615384615 0.21514423076923078 0.03125 0.07211538461538461
2 0.8221153846153846 0.29447115384615385 0.028846153846153848 0.07211538461538461
3 0.5961538461538461 0.25 0.03125 0.06971153846153846
2 0.6766826923076923 0.25240384615384615 0.026442307692307692 0.06971153846153846
2 0.27283653846153844 0.32091346153846156 0.03365384615384615 0.09134615384615384
2 0.7920673076923077 0.3762019230769231 0.028846153846153848 0.07932692307692307
2 0.47836538461538464 0.3112980769230769 0.03365384615384615 0.08413461538461539
2 0.8846153846153846 0.3918269230769231 0.028846153846153848 0.07932692307692307