2 0.5925480769230769 0.6694711538461539 0.027644230769230768 0.046875
2 0.23918269230769232 0.35336538461538464 0.01201923076923077 0.04447115384615385
3 0.9747596153846154 0.671875 0.027644230769230768 0.078125
2 0.28966346153846156 0.36177884615384615 0.009615384615384616 0.04326923076923077
2 0.5012019230769231 0.3173076923076923 0.009615384615384616 0.038461538461538464
2 0.31971153846153844 0.4170673076923077 0.010817307692307692 0.055288461538461536
2 0.4338942307692308 0.33052884615384615 0.008413461538461538 0.042067307692307696
2 0.59375 0.38221153846153844 0.010817307692307692 0.052884615384615384
2 0.20793269230769232 0.44350961538461536 0.010817307692307692 0.06009615384615385
1 0.9399038461538461 0.4050480769230769 0.01201923076923077 0.055288461538461536
2 0.1971153846153846 0.4338942307692308 0.013221153846153846 0.05889423076923077
3 0.30528846153846156 0.453125 0.013221153846153846 0.06009615384615385
2 0.7367788461538461 0.5504807692307693 0.015625 0.07211538461538461
2 0.7536057692307693 0.4675480769230769 0.021634615384615384 0.055288461538461536
2 0.671875 0.6334134615384616 0.026442307692307692 0.078125
2 0.12620192307692307 0.5949519230769231 0.020432692307692308 0.08052884615384616
2 0.7512019230769231 0.6286057692307693 0.020432692307692308 0.06129807692307692
2 0.5841346153846154 0.39783653846153844 0.01201923076923077 0.055288461538461536
2 0.9098557692307693 0.5901442307692307 0.02283653846153846 0.078125
2 0.8137019230769231 0.6670673076923077 0.018028846153846152 0.08653846153846154
2 0.2956730769230769 0.6310096153846154 0.020432692307692308 0.08653846153846154
2 0.14543269230769232 0.7115384615384616 0.02283653846153846 0.09254807692307693
0 0.7475961538461539 0.4891826923076923 0.007211538461538462 0.013221153846153846
2 0.30649038461538464 0.31009615384615385 0.01201923076923077 0.039663461538461536
3 0.21514423076923078 0.2776442307692308 0.008413461538461538 0.036057692307692304