0 0.5625 0.6057692307692307 0.009615384615384616 0.014423076923076924
2 0.19831730769230768 0.2860576923076923 0.014423076923076924 0.040865384615384616
2 0.5420673076923077 0.3137019230769231 0.016826923076923076 0.05048076923076923
2 0.14783653846153846 0.3737980769230769 0.014423076923076924 0.055288461538461536
2 0.09975961538461539 0.4050480769230769 0.016826923076923076 0.055288461538461536
2 0.5192307692307693 0.49158653846153844 0.021634615384615384 0.06971153846153846
2 0.546875 0.3870192307692308 0.021634615384615384 0.057692307692307696
2 0.3918269230769231 0.2668269230769231 0.014423076923076924 0.04326923076923077
2 0.016826923076923076 0.5649038461538461 0.028846153846153848 0.08413461538461539
2 0.328125 0.28966346153846156 0.014423076923076924 0.04567307692307692
2 0.5144230769230769 0.2920673076923077 0.014423076923076924 0.052884615384615384
3 0.18990384615384615 0.43990384615384615 0.021634615384615384 0.0673076923076923
2 0.08774038461538461 0.43028846153846156 0.019230769230769232 0.0673076923076923
1 0.8725961538461539 0.31971153846153844 0.019230769230769232 0.0625
3 0.9783653846153846 0.5913461538461539 0.026442307692307692 0.08413461538461539
2 0.5432692307692307 0.5144230769230769 0.02403846153846154 0.07692307692307693
2 0.2127403846153846 0.6274038461538461 0.028846153846153848 0.08653846153846154
2 0.5024038461538461 0.6622596153846154 0.040865384615384616 0.08173076923076923
2 0.08533653846153846 0.6526442307692307 0.026442307692307692 0.09375
2 0.5769230769230769 0.6574519230769231 0.028846153846153848 0.09375
2 0.7716346153846154 0.5420673076923077 0.028846153846153848 0.08653846153846154
2 0.9086538461538461 0.5649038461538461 0.038461538461538464 0.09615384615384616
3 0.07932692307692307 0.2692307692307692 0.016826923076923076 0.040865384615384616
2 0.13942307692307693 0.32572115384615385 0.014423076923076924 0.04567307692307692
2 0.1310096153846154 0.32211538461538464 0.01201923076923077 0.04567307692307692