2 0.28846153846153844 0.38461538461538464 0.021634615384615384 0.04567307692307692
2 0.33052884615384615 0.2824519230769231 0.019230769230769232 0.040865384615384616
2 0.6177884615384616 0.33052884615384615 0.02403846153846154 0.052884615384615384
2 0.13341346153846154 0.5564903846153846 0.02403846153846154 0.04326923076923077
2 0.296875 0.41346153846153844 0.026442307692307692 0.0625
2 0.24519230769230768 0.34375 0.019230769230769232 0.04567307692307692
2 0.4651442307692308 0.3076923076923077 0.02403846153846154 0.04567307692307692
2 0.14423076923076922 0.6033653846153846 0.03365384615384615 0.08173076923076923
2 0.4074519230769231 0.35216346153846156 0.021634615384615384 0.05048076923076923
2 0.6574519230769231 0.234375 0.021634615384615384 0.05048076923076923
2 0.4230769230769231 0.46153846153846156 0.03125 0.07211538461538461
2 0.6165865384615384 0.34975961538461536 0.026442307692307692 0.06009615384615385
2 0.8112980769230769 0.30288461538461536 0.026442307692307692 0.06490384615384616
2 0.18509615384615385 0.4651442307692308 0.03365384615384615 0.0673076923076923
2 0.15745192307692307 0.45552884615384615 0.028846153846153848 0.06490384615384616
2 0.5625 0.7307692307692307 0.04326923076923077 0.10576923076923077
2 0.15745192307692307 0.5144230769230769 0.036057692307692304 0.07211538461538461
2 0.5504807692307693 0.44350961538461536 0.03125 0.07932692307692307
3 0.33413461538461536 0.49038461538461536 0.03125 0.07451923076923077
2 0.4639423076923077 0.4879807692307692 0.036057692307692304 0.07451923076923077
2 0.8858173076923077 0.4891826923076923 0.04326923076923077 0.09615384615384616
3 0.19591346153846154 0.29927884615384615 0.021634615384615384 0.04567307692307692
0 0.6262019230769231 0.3473557692307692 0.01201923076923077 0.016826923076923076