2 0.47475961538461536 0.25 0.010817307692307692 0.04927884615384615
2 0.5661057692307693 0.2403846153846154 0.008413461538461538 0.046875
2 0.5288461538461539 0.2536057692307692 0.01201923076923077 0.04927884615384615
2 0.484375 0.26322115384615385 0.021634615384615384 0.05048076923076923
2 0.45552884615384615 0.23677884615384615 0.013221153846153846 0.046875
2 0.40625 0.24759615384615385 0.009615384615384616 0.051682692307692304
2 0.6730769230769231 0.25600961538461536 0.009615384615384616 0.055288461538461536
2 0.5504807692307693 0.2548076923076923 0.009615384615384616 0.040865384615384616
2 0.6598557692307693 0.25600961538461536 0.010817307692307692 0.051682692307692304
2 0.8617788461538461 0.27524038461538464 0.008413461538461538 0.052884615384615384
1 0.14302884615384615 0.2692307692307692 0.015625 0.06129807692307692
2 0.4182692307692308 0.296875 0.014423076923076924 0.055288461538461536
2 0.34975961538461536 0.27524038461538464 0.01201923076923077 0.055288461538461536
2 0.9182692307692307 0.27283653846153844 0.013221153846153846 0.057692307692307696
2 0.27524038461538464 0.31490384615384615 0.015625 0.057692307692307696
3 0.6418269230769231 0.2764423076923077 0.015625 0.055288461538461536
2 0.8810096153846154 0.34615384615384615 0.020432692307692308 0.06490384615384616
2 0.5612980769230769 0.28725961538461536 0.016826923076923076 0.057692307692307696
2 0.8485576923076923 0.34615384615384615 0.014423076923076924 0.0673076923076923
2 0.5144230769230769 0.3858173076923077 0.027644230769230768 0.06370192307692307
0 0.5204326923076923 0.27163461538461536 0.006009615384615385 0.010817307692307692
2 0.53125 0.21033653846153846 0.010817307692307692 0.037259615384615384
2 0.5264423076923077 0.23918269230769232 0.014423076923076924 0.046875