3 0.1658653846153846 0.27884615384615385 0.019230769230769232 0.04326923076923077
0 0.7524038461538461 0.265625 0.007211538461538462 0.01201923076923077
2 0.2956730769230769 0.2764423076923077 0.016826923076923076 0.040865384615384616
2 0.109375 0.5264423076923077 0.03125 0.07451923076923077
2 0.3641826923076923 0.29927884615384615 0.021634615384615384 0.04326923076923077
2 0.21875 0.3269230769230769 0.019230769230769232 0.04807692307692308
2 0.1045673076923077 0.5504807692307693 0.026442307692307692 0.0673076923076923
2 0.5829326923076923 0.23798076923076922 0.019230769230769232 0.04567307692307692
2 0.24519230769230768 0.36658653846153844 0.028846153846153848 0.052884615384615384
2 0.11899038461538461 0.3762019230769231 0.02403846153846154 0.052884615384615384
2 0.6286057692307693 0.21995192307692307 0.02403846153846154 0.04326923076923077
2 0.5192307692307693 0.30649038461538464 0.021634615384615384 0.05048076923076923
2 0.5060096153846154 0.40625 0.036057692307692304 0.06971153846153846
2 0.6430288461538461 0.28125 0.026442307692307692 0.04326923076923077
2 0.17307692307692307 0.41466346153846156 0.026442307692307692 0.0625
2 0.5024038461538461 0.4735576923076923 0.036057692307692304 0.07211538461538461
2 0.42427884615384615 0.40865384615384615 0.03125 0.06490384615384616
2 0.1622596153846154 0.46274038461538464 0.03365384615384615 0.0673076923076923
3 0.30288461538461536 0.4411057692307692 0.03125 0.06971153846153846
2 0.39783653846153844 0.75 0.04567307692307692 0.11057692307692307
2 0.8737980769230769 0.27163461538461536 0.021634615384615384 0.06009615384615385
2 0.8834134615384616 0.4855769230769231 0.040865384615384616 0.09375