0 0.6237980769230769 0.359375 0.007211538461538462 0.01201923076923077
2 0.39302884615384615 0.2620192307692308 0.014423076923076924 0.040865384615384616
2 0.3293269230769231 0.2536057692307692 0.019230769230769232 0.040865384615384616
2 0.43990384615384615 0.2512019230769231 0.016826923076923076 0.04807692307692308
2 0.1658653846153846 0.31009615384615385 0.016826923076923076 0.04567307692307692
2 0.5949519230769231 0.23677884615384615 0.016826923076923076 0.04567307692307692
2 0.4254807692307692 0.2620192307692308 0.016826923076923076 0.04567307692307692
3 0.296875 0.34615384615384615 0.019230769230769232 0.052884615384615384
1 0.9326923076923077 0.23557692307692307 0.02403846153846154 0.057692307692307696
2 0.5745192307692307 0.23798076923076922 0.02403846153846154 0.05048076923076923
2 0.5829326923076923 0.32572115384615385 0.021634615384615384 0.055288461538461536
2 0.33052884615384615 0.3786057692307692 0.026442307692307692 0.06009615384615385
2 0.23918269230769232 0.3173076923076923 0.021634615384615384 0.052884615384615384
2 0.10697115384615384 0.3870192307692308 0.021634615384615384 0.06009615384615385
2 0.1201923076923077 0.38461538461538464 0.021634615384615384 0.057692307692307696
2 0.8846153846153846 0.3701923076923077 0.028846153846153848 0.07692307692307693
2 0.4206730769230769 0.4266826923076923 0.021634615384615384 0.06009615384615385
2 0.5889423076923077 0.41586538461538464 0.03365384615384615 0.07211538461538461
2 0.6286057692307693 0.33052884615384615 0.02403846153846154 0.06490384615384616
2 0.1778846153846154 0.5600961538461539 0.03125 0.08413461538461539
2 0.3641826923076923 0.7788461538461539 0.05048076923076923 0.11298076923076923
2 0.3858173076923077 0.35336538461538464 0.021634615384615384 0.055288461538461536
2 0.31850961538461536 0.5504807692307693 0.036057692307692304 0.08653846153846154
3 0.09375 0.2980769230769231 0.021634615384615384 0.04807692307692308