3 0.21634615384615385 0.22115384615384615 0.009615384615384616 0.040865384615384616
0 0.7908653846153846 0.32091346153846156 0.006009615384615385 0.01201923076923077
2 0.34375 0.2439903846153846 0.008413461538461538 0.038461538461538464
2 0.1141826923076923 0.453125 0.018028846153846152 0.07211538461538461
2 0.40625 0.2800480769230769 0.013221153846153846 0.042067307692307696
2 0.25841346153846156 0.27884615384615385 0.010817307692307692 0.046875
2 0.1045673076923077 0.47475961538461536 0.013221153846153846 0.06370192307692307
2 0.6298076923076923 0.2608173076923077 0.010817307692307692 0.04447115384615385
2 0.2764423076923077 0.32211538461538464 0.019230769230769232 0.05048076923076923
2 0.15264423076923078 0.3076923076923077 0.013221153846153846 0.051682692307692304
2 0.6778846153846154 0.25240384615384615 0.016826923076923076 0.039663461538461536
2 0.5552884615384616 0.3161057692307692 0.01201923076923077 0.04927884615384615
2 0.5240384615384616 0.4098557692307692 0.02283653846153846 0.06610576923076923
2 0.6814903846153846 0.31490384615384615 0.018028846153846152 0.040865384615384616
2 0.19831730769230768 0.3545673076923077 0.014423076923076924 0.06129807692307692
2 0.5072115384615384 0.47475961538461536 0.02403846153846154 0.0673076923076923
2 0.44350961538461536 0.39663461538461536 0.020432692307692308 0.0625
2 0.17668269230769232 0.40024038461538464 0.02283653846153846 0.06490384615384616
3 0.31850961538461536 0.40625 0.018028846153846152 0.06850961538461539
2 0.35336538461538464 0.7247596153846154 0.026442307692307692 0.10697115384615384
2 0.9074519230769231 0.3485576923076923 0.009615384615384616 0.057692307692307696
2 0.8762019230769231 0.5588942307692307 0.025240384615384616 0.09014423076923077