2 0.3870192307692308 0.24879807692307693 0.019230769230769232 0.040865384615384616
2 0.3557692307692308 0.22956730769230768 0.016826923076923076 0.038461538461538464
2 0.7836538461538461 0.23677884615384615 0.014423076923076924 0.04326923076923077
2 0.25 0.27524038461538464 0.014423076923076924 0.052884615384615384
2 0.39663461538461536 0.28966346153846156 0.019230769230769232 0.055288461538461536
2 0.71875 0.3088942307692308 0.016826923076923076 0.05048076923076923
2 0.25721153846153844 0.30649038461538464 0.019230769230769232 0.057692307692307696
2 0.6899038461538461 0.3088942307692308 0.019230769230769232 0.04326923076923077
2 0.6826923076923077 0.2608173076923077 0.014423076923076924 0.04807692307692308
2 0.8978365384615384 0.31850961538461536 0.014423076923076924 0.052884615384615384
2 0.8305288461538461 0.35336538461538464 0.019230769230769232 0.057692307692307696
2 0.7175480769230769 0.43509615384615385 0.016826923076923076 0.06490384615384616
2 0.20673076923076922 0.3557692307692308 0.021634615384615384 0.0625
2 0.6045673076923077 0.3641826923076923 0.016826923076923076 0.06009615384615385
2 0.5889423076923077 0.3629807692307692 0.019230769230769232 0.06490384615384616
3 0.4387019230769231 0.3401442307692308 0.016826923076923076 0.06490384615384616
2 0.24158653846153846 0.5108173076923077 0.026442307692307692 0.08653846153846154
2 0.9771634615384616 0.5192307692307693 0.02403846153846154 0.08413461538461539
2 0.640625 0.7079326923076923 0.028846153846153848 0.11057692307692307
2 0.20192307692307693 0.453125 0.03125 0.07692307692307693
3 0.21754807692307693 0.19471153846153846 0.016826923076923076 0.04807692307692308
2 0.4014423076923077 0.20793269230769232 0.016826923076923076 0.040865384615384616
0 0.7307692307692307 0.33774038461538464 0.007211538461538462 0.01201923076923077