2 0.6418269230769231 0.34375 0.010817307692307692 0.042067307692307696
2 0.5817307692307693 0.2620192307692308 0.008413461538461538 0.038461538461538464
2 0.33413461538461536 0.3701923076923077 0.01201923076923077 0.046875
2 0.8221153846153846 0.46634615384615385 0.014423076923076924 0.038461538461538464
2 0.640625 0.37259615384615385 0.010817307692307692 0.056490384615384616
2 0.671875 0.2980769230769231 0.008413461538461538 0.042067307692307696
2 0.4651442307692308 0.3161057692307692 0.013221153846153846 0.039663461538461536
2 0.8209134615384616 0.5096153846153846 0.014423076923076924 0.07451923076923077
2 0.5276442307692307 0.3425480769230769 0.009615384615384616 0.046875
2 0.27524038461538464 0.2920673076923077 0.009615384615384616 0.046875
2 0.5372596153846154 0.44591346153846156 0.013221153846153846 0.06490384615384616
2 0.3401442307692308 0.3870192307692308 0.01201923076923077 0.055288461538461536
2 0.15144230769230768 0.3894230769230769 0.010817307692307692 0.06009615384615385
2 0.7524038461538461 0.3954326923076923 0.016826923076923076 0.06009615384615385
2 0.7776442307692307 0.3786057692307692 0.013221153846153846 0.05889423076923077
2 0.4735576923076923 0.7199519230769231 0.018028846153846152 0.09735576923076923
2 0.7908653846153846 0.4326923076923077 0.018028846153846152 0.06490384615384616
2 0.41947115384615385 0.4579326923076923 0.01201923076923077 0.07211538461538461
3 0.625 0.45072115384615385 0.013221153846153846 0.06850961538461539
2 0.5084134615384616 0.47716346153846156 0.016826923076923076 0.0673076923076923
2 0.12620192307692307 0.5745192307692307 0.019230769230769232 0.08653846153846154
3 0.7067307692307693 0.24759615384615385 0.010817307692307692 0.039663461538461536
0 0.328125 0.3870192307692308 0.007211538461538462 0.013221153846153846