0 0.4014423076923077 0.6213942307692307 0.009615384615384616 0.014423076923076924
2 0.7379807692307693 0.2932692307692308 0.009615384615384616 0.040865384615384616
2 0.40865384615384615 0.33774038461538464 0.01201923076923077 0.04807692307692308
2 0.7908653846153846 0.3762019230769231 0.01201923076923077 0.052884615384615384
2 0.8389423076923077 0.40384615384615385 0.014423076923076924 0.055288461538461536
2 0.4387019230769231 0.5084134615384616 0.016826923076923076 0.0673076923076923
2 0.4050480769230769 0.40865384615384615 0.019230769230769232 0.052884615384615384
2 0.5492788461538461 0.2860576923076923 0.009615384615384616 0.04326923076923077
2 0.9254807692307693 0.5552884615384616 0.021634615384615384 0.08173076923076923
2 0.6129807692307693 0.30408653846153844 0.01201923076923077 0.04326923076923077
2 0.4326923076923077 0.31490384615384615 0.01201923076923077 0.05048076923076923
3 0.7536057692307693 0.4411057692307692 0.016826923076923076 0.06490384615384616
2 0.8533653846153846 0.4266826923076923 0.014423076923076924 0.06490384615384616
1 0.0889423076923077 0.3605769230769231 0.014423076923076924 0.06009615384615385
3 0.004807692307692308 0.6262019230769231 0.009615384615384616 0.07932692307692307
2 0.41586538461538464 0.53125 0.021634615384615384 0.07211538461538461
2 0.7415865384615384 0.6237980769230769 0.02403846153846154 0.08413461538461539
2 0.46274038461538464 0.671875 0.036057692307692304 0.07692307692307693
2 0.8641826923076923 0.6418269230769231 0.021634615384615384 0.0889423076923077
2 0.390625 0.6706730769230769 0.02403846153846154 0.0889423076923077
2 0.19831730769230768 0.5697115384615384 0.02403846153846154 0.08173076923076923
2 0.06610576923076923 0.5985576923076923 0.03125 0.09375
3 0.8509615384615384 0.27163461538461536 0.014423076923076924 0.038461538461538464
2 0.796875 0.328125 0.01201923076923077 0.04326923076923077
2 0.8040865384615384 0.32572115384615385 0.009615384615384616 0.04326923076923077