2 0.3557692307692308 0.3605769230769231 0.014423076923076924 0.04567307692307692
2 0.41466346153846156 0.27163461538461536 0.009615384615384616 0.040865384615384616
2 0.6826923076923077 0.37740384615384615 0.014423076923076924 0.05048076923076923
2 0.171875 0.4951923076923077 0.016826923076923076 0.040865384615384616
2 0.3581730769230769 0.390625 0.01201923076923077 0.06009615384615385
2 0.32211538461538464 0.3125 0.009615384615384616 0.04567307692307692
2 0.5396634615384616 0.3245192307692308 0.016826923076923076 0.04326923076923077
2 0.171875 0.5420673076923077 0.019230769230769232 0.07932692307692307
2 0.47596153846153844 0.3545673076923077 0.01201923076923077 0.05048076923076923
2 0.7403846153846154 0.2920673076923077 0.01201923076923077 0.05048076923076923
2 0.46875 0.4639423076923077 0.014423076923076924 0.06971153846153846
2 0.6754807692307693 0.3942307692307692 0.014423076923076924 0.057692307692307696
2 0.8737980769230769 0.3894230769230769 0.01201923076923077 0.06490384615384616
2 0.23918269230769232 0.4182692307692308 0.019230769230769232 0.06490384615384616
2 0.21394230769230768 0.4014423076923077 0.014423076923076924 0.0625
2 0.546875 0.75 0.021634615384615384 0.10336538461538461
2 0.20192307692307693 0.46033653846153844 0.019230769230769232 0.06971153846153846
2 0.59375 0.4723557692307692 0.016826923076923076 0.07692307692307693
3 0.3762019230769231 0.4723557692307692 0.016826923076923076 0.07211538461538461
2 0.5012019230769231 0.4963942307692308 0.021634615384615384 0.07211538461538461
2 0.9086538461538461 0.5829326923076923 0.02403846153846154 0.09134615384615384
3 0.28365384615384615 0.2608173076923077 0.014423076923076924 0.04326923076923077
0 0.6875 0.3942307692307692 0.009615384615384616 0.014423076923076924