0 0.5925480769230769 0.6274038461538461 0.007211538461538462 0.01201923076923077
2 0.2956730769230769 0.3076923076923077 0.008413461538461538 0.037259615384615384
2 0.5997596153846154 0.36538461538461536 0.009615384615384616 0.04567307692307692
2 0.24158653846153846 0.38100961538461536 0.008413461538461538 0.04927884615384615
2 0.19591346153846154 0.4050480769230769 0.010817307692307692 0.05048076923076923
2 0.5637019230769231 0.5228365384615384 0.013221153846153846 0.0625
2 0.5985576923076923 0.43028846153846156 0.014423076923076924 0.04927884615384615
2 0.4699519230769231 0.3088942307692308 0.008413461538461538 0.038461538461538464
2 0.10817307692307693 0.5408653846153846 0.016826923076923076 0.07451923076923077
2 0.4110576923076923 0.32211538461538464 0.009615384615384616 0.040865384615384616
2 0.578125 0.3425480769230769 0.008413461538461538 0.046875
3 0.27403846153846156 0.44471153846153844 0.01201923076923077 0.06009615384615385
2 0.18269230769230768 0.4254807692307692 0.010817307692307692 0.05889423076923077
1 0.8954326923076923 0.4014423076923077 0.010817307692307692 0.055288461538461536
3 0.9651442307692307 0.6538461538461539 0.015625 0.07451923076923077
2 0.5829326923076923 0.5444711538461539 0.015625 0.0673076923076923
2 0.27524038461538464 0.6129807692307693 0.018028846153846152 0.07692307692307693
2 0.53125 0.6730769230769231 0.028846153846153848 0.06971153846153846
2 0.15985576923076922 0.625 0.015625 0.0829326923076923
2 0.5985576923076923 0.6754807692307693 0.018028846153846152 0.0829326923076923
2 0.7836538461538461 0.5901442307692307 0.018028846153846152 0.07572115384615384
2 0.90625 0.6237980769230769 0.025240384615384616 0.08653846153846154
3 0.18990384615384615 0.28125 0.010817307692307692 0.036057692307692304
2 0.23918269230769232 0.33653846153846156 0.008413461538461538 0.039663461538461536
2 0.23197115384615385 0.33413461538461536 0.007211538461538462 0.039663461538461536