2 0.7451923076923077 0.3605769230769231 0.021634615384615384 0.04807692307692308
2 0.703125 0.25600961538461536 0.019230769230769232 0.04326923076923077
2 0.40865384615384615 0.30649038461538464 0.026442307692307692 0.052884615384615384
2 0.90625 0.5396634615384616 0.026442307692307692 0.04567307692307692
2 0.7367788461538461 0.390625 0.026442307692307692 0.0625
2 0.7896634615384616 0.31971153846153844 0.019230769230769232 0.04567307692307692
2 0.5637019230769231 0.28365384615384615 0.026442307692307692 0.04807692307692308
2 0.8942307692307693 0.5865384615384616 0.036057692307692304 0.08413461538461539
2 0.625 0.328125 0.02403846153846154 0.052884615384615384
2 0.36658653846153844 0.20673076923076922 0.02403846153846154 0.052884615384615384
2 0.6057692307692307 0.4411057692307692 0.03125 0.07451923076923077
2 0.4110576923076923 0.32572115384615385 0.026442307692307692 0.0625
2 0.20793269230769232 0.27884615384615385 0.028846153846153848 0.0673076923076923
2 0.8521634615384616 0.44471153846153844 0.03365384615384615 0.0673076923076923
2 0.8822115384615384 0.4338942307692308 0.028846153846153848 0.0673076923076923
2 0.4651442307692308 0.7175480769230769 0.04567307692307692 0.10817307692307693
2 0.8822115384615384 0.4963942307692308 0.036057692307692304 0.07451923076923077
2 0.47716346153846156 0.4230769230769231 0.03125 0.07932692307692307
3 0.6995192307692307 0.4699519230769231 0.03125 0.07692307692307693
2 0.5673076923076923 0.46875 0.036057692307692304 0.07692307692307693
2 0.1310096153846154 0.46875 0.04326923076923077 0.0985576923076923
3 0.8425480769230769 0.27403846153846156 0.021634615384615384 0.04567307692307692
0 0.39783653846153844 0.32211538461538464 0.01201923076923077 0.016826923076923076