0 0.3918269230769231 0.6670673076923077 0.009615384615384616 0.014423076923076924
2 0.6742788461538461 0.30408653846153844 0.01201923076923077 0.040865384615384616
2 0.3605769230769231 0.39302884615384615 0.014423076923076924 0.04807692307692308
2 0.7379807692307693 0.3762019230769231 0.014423076923076924 0.052884615384615384
2 0.7872596153846154 0.39783653846153844 0.016826923076923076 0.052884615384615384
2 0.41346153846153844 0.5540865384615384 0.019230769230769232 0.06490384615384616
2 0.36778846153846156 0.46153846153846156 0.019230769230769232 0.052884615384615384
2 0.49038461538461536 0.32211538461538464 0.01201923076923077 0.040865384615384616
2 0.8942307692307693 0.5324519230769231 0.02403846153846154 0.08173076923076923
2 0.5552884615384616 0.33052884615384615 0.014423076923076924 0.04326923076923077
2 0.38100961538461536 0.36658653846153844 0.014423076923076924 0.05048076923076923
3 0.7103365384615384 0.44591346153846156 0.019230769230769232 0.06490384615384616
2 0.8040865384615384 0.4182692307692308 0.016826923076923076 0.0625
1 0.051682692307692304 0.4567307692307692 0.016826923076923076 0.06009615384615385
2 0.39302884615384615 0.5793269230769231 0.021634615384615384 0.07211538461538461
2 0.7235576923076923 0.6237980769230769 0.026442307692307692 0.08413461538461539
2 0.46033653846153844 0.7103365384615384 0.038461538461538464 0.07692307692307693
2 0.8461538461538461 0.625 0.02403846153846154 0.08653846153846154
2 0.3894230769230769 0.71875 0.026442307692307692 0.0889423076923077
2 0.1875 0.6454326923076923 0.026442307692307692 0.08173076923076923
2 0.0625 0.6911057692307693 0.03365384615384615 0.09134615384615384
3 0.7824519230769231 0.2668269230769231 0.014423076923076924 0.038461538461538464
2 0.7367788461538461 0.3293269230769231 0.014423076923076924 0.04326923076923077
2 0.7439903846153846 0.3269230769230769 0.01201923076923077 0.04326923076923077