2 0.3701923076923077 0.18269230769230768 0.009615384615384616 0.06490384615384616
2 0.3629807692307692 0.16466346153846154 0.01201923076923077 0.05048076923076923
2 0.375 0.18990384615384615 0.01201923076923077 0.057692307692307696
2 0.4050480769230769 0.1658653846153846 0.016826923076923076 0.052884615384615384
3 0.8509615384615384 0.15985576923076922 0.014423076923076924 0.055288461538461536
2 0.5901442307692307 0.16947115384615385 0.014423076923076924 0.05048076923076923
2 0.5564903846153846 0.20432692307692307 0.014423076923076924 0.06490384615384616
2 0.4543269230769231 0.20072115384615385 0.016826923076923076 0.06490384615384616
2 0.5240384615384616 0.20192307692307693 0.016826923076923076 0.06009615384615385
2 0.7524038461538461 0.19951923076923078 0.021634615384615384 0.055288461538461536
2 0.24278846153846154 0.19831730769230768 0.014423076923076924 0.06490384615384616
2 0.7355769230769231 0.26322115384615385 0.014423076923076924 0.07211538461538461
2 0.41346153846153844 0.22596153846153846 0.019230769230769232 0.0625
2 0.20673076923076922 0.23918269230769232 0.014423076923076924 0.07211538461538461
2 0.7752403846153846 0.19831730769230768 0.014423076923076924 0.06490384615384616
2 0.16105769230769232 0.328125 0.01201923076923077 0.08413461538461539
2 0.24759615384615385 0.29086538461538464 0.016826923076923076 0.07451923076923077
2 0.8485576923076923 0.27163461538461536 0.02403846153846154 0.07211538461538461
2 0.5588942307692307 0.27163461538461536 0.02403846153846154 0.06490384615384616
3 0.46033653846153844 0.2548076923076923 0.016826923076923076 0.07692307692307693
2 0.7860576923076923 0.3641826923076923 0.021634615384615384 0.09134615384615384