0 0.640625 0.3858173076923077 0.006009615384615385 0.009615384615384616
2 0.4411057692307692 0.25721153846153844 0.007211538461538462 0.038461538461538464
2 0.38341346153846156 0.23798076923076922 0.010817307692307692 0.037259615384615384
2 0.4879807692307692 0.2548076923076923 0.008413461538461538 0.04567307692307692
2 0.22235576923076922 0.26322115384615385 0.009615384615384616 0.04326923076923077
2 0.6346153846153846 0.265625 0.008413461538461538 0.042067307692307696
2 0.4723557692307692 0.2608173076923077 0.009615384615384616 0.042067307692307696
3 0.3389423076923077 0.31971153846153844 0.009615384615384616 0.04927884615384615
1 0.9507211538461539 0.32091346153846156 0.013221153846153846 0.051682692307692304
2 0.6153846153846154 0.26322115384615385 0.015625 0.046875
2 0.6081730769230769 0.3473557692307692 0.010817307692307692 0.05048076923076923
2 0.3641826923076923 0.3545673076923077 0.015625 0.055288461538461536
2 0.28846153846153844 0.28365384615384615 0.01201923076923077 0.04927884615384615
2 0.15384615384615385 0.32572115384615385 0.010817307692307692 0.055288461538461536
2 0.1658653846153846 0.32572115384615385 0.01201923076923077 0.054086538461538464
2 0.8834134615384616 0.4375 0.015625 0.07091346153846154
2 0.43990384615384615 0.41586538461538464 0.010817307692307692 0.057692307692307696
2 0.5997596153846154 0.4326923076923077 0.020432692307692308 0.06490384615384616
2 0.6502403846153846 0.359375 0.010817307692307692 0.06009615384615385
2 0.19110576923076922 0.5 0.015625 0.07692307692307693
2 0.3293269230769231 0.734375 0.028846153846153848 0.10216346153846154
2 0.4206730769230769 0.3401442307692308 0.010817307692307692 0.05048076923076923
2 0.3245192307692308 0.5132211538461539 0.020432692307692308 0.078125
3 0.15504807692307693 0.24158653846153846 0.01201923076923077 0.04326923076923077