3 0.22596153846153846 0.125 0.021634615384615384 0.04807692307692308
0 0.8100961538461539 0.39663461538461536 0.009615384615384616 0.014423076923076924
2 0.3545673076923077 0.18629807692307693 0.021634615384615384 0.04326923076923077
2 0.05048076923076923 0.34375 0.038461538461538464 0.08173076923076923
2 0.4110576923076923 0.24278846153846154 0.026442307692307692 0.04807692307692308
2 0.2548076923076923 0.19951923076923078 0.02403846153846154 0.052884615384615384
2 0.03365384615384615 0.3641826923076923 0.03125 0.07211538461538461
2 0.6574519230769231 0.2860576923076923 0.02403846153846154 0.05048076923076923
2 0.2608173076923077 0.25 0.036057692307692304 0.06009615384615385
2 0.13341346153846154 0.19951923076923078 0.028846153846153848 0.06009615384615385
2 0.7103365384615384 0.29086538461538464 0.03125 0.04807692307692308
2 0.5612980769230769 0.3233173076923077 0.026442307692307692 0.055288461538461536
2 0.5 0.41586538461538464 0.040865384615384616 0.07692307692307693
2 0.6959134615384616 0.3581730769230769 0.03125 0.04807692307692308
2 0.16826923076923078 0.26322115384615385 0.03365384615384615 0.06971153846153846
2 0.46274038461538464 0.4795673076923077 0.04567307692307692 0.07932692307692307
2 0.4182692307692308 0.37740384615384615 0.040865384615384616 0.07211538461538461
2 0.13221153846153846 0.30528846153846156 0.04326923076923077 0.07692307692307693
3 0.28125 0.35336538461538464 0.038461538461538464 0.07692307692307693
2 0.2283653846153846 0.7019230769230769 0.057692307692307696 0.1201923076923077
2 0.9266826923076923 0.45913461538461536 0.026442307692307692 0.06490384615384616
2 0.8341346153846154 0.6754807692307693 0.052884615384615384 0.10336538461538461