2 0.14903846153846154 0.2920673076923077 0.02403846153846154 0.052884615384615384
0 0.8990384615384616 0.47115384615384615 0.01201923076923077 0.014423076923076924
2 0.12740384615384615 0.3629807692307692 0.028846153846153848 0.06009615384615385
2 0.6334134615384616 0.7115384615384616 0.06490384615384616 0.125
2 0.27283653846153844 0.3557692307692308 0.026442307692307692 0.0673076923076923
2 0.5805288461538461 0.20192307692307693 0.021634615384615384 0.055288461538461536
2 0.47115384615384615 0.3485576923076923 0.03125 0.0673076923076923
2 0.45072115384615385 0.36177884615384615 0.038461538461538464 0.07211538461538461
2 0.7043269230769231 0.2800480769230769 0.036057692307692304 0.07451923076923077
2 0.4963942307692308 0.2704326923076923 0.026442307692307692 0.057692307692307696
2 0.828125 0.32211538461538464 0.03365384615384615 0.07932692307692307
3 0.2608173076923077 0.46634615384615385 0.03365384615384615 0.08653846153846154
2 0.5564903846153846 0.4519230769230769 0.036057692307692304 0.0889423076923077
2 0.125 0.515625 0.03365384615384615 0.08653846153846154
2 0.27884615384615385 0.42908653846153844 0.038461538461538464 0.07692307692307693
2 0.21394230769230768 0.734375 0.04807692307692308 0.11298076923076923
2 0.4543269230769231 0.4795673076923077 0.040865384615384616 0.09375
2 0.06129807692307692 0.6971153846153846 0.04807692307692308 0.11057692307692307
2 0.6802884615384616 0.7259615384615384 0.06490384615384616 0.12740384615384615
2 0.9338942307692307 0.4338942307692308 0.038461538461538464 0.09615384615384616
2 0.07451923076923077 0.5264423076923077 0.05048076923076923 0.09615384615384616
2 0.4387019230769231 0.6117788461538461 0.055288461538461536 0.10336538461538461
3 0.08173076923076923 0.2704326923076923 0.021634615384615384 0.052884615384615384