2 0.34975961538461536 0.2848557692307692 0.014423076923076924 0.036057692307692304
1 0.9254807692307693 0.3125 0.009615384615384616 0.04927884615384615
2 0.31971153846153844 0.2692307692307692 0.01201923076923077 0.03485576923076923
2 0.7043269230769231 0.24879807692307693 0.010817307692307692 0.038461538461538464
2 0.22716346153846154 0.3173076923076923 0.010817307692307692 0.046875
2 0.3605769230769231 0.31971153846153844 0.013221153846153846 0.04927884615384615
2 0.6502403846153846 0.31850961538461536 0.01201923076923077 0.04567307692307692
2 0.23557692307692307 0.3449519230769231 0.01201923076923077 0.05048076923076923
2 0.625 0.31850961538461536 0.013221153846153846 0.038461538461538464
2 0.6153846153846154 0.2776442307692308 0.009615384615384616 0.04326923076923077
2 0.8125 0.31490384615384615 0.009615384615384616 0.04807692307692308
2 0.7536057692307693 0.35096153846153844 0.013221153846153846 0.05048076923076923
2 0.6586538461538461 0.43028846153846156 0.01201923076923077 0.057692307692307696
2 0.1935096153846154 0.3918269230769231 0.015625 0.055288461538461536
2 0.5528846153846154 0.375 0.010817307692307692 0.054086538461538464
2 0.5372596153846154 0.375 0.01201923076923077 0.057692307692307696
3 0.4014423076923077 0.3641826923076923 0.010817307692307692 0.057692307692307696
2 0.234375 0.5288461538461539 0.019230769230769232 0.07692307692307693
2 0.8966346153846154 0.49038461538461536 0.015625 0.07572115384615384
2 0.6057692307692307 0.6802884615384616 0.020432692307692308 0.0985576923076923
2 0.19591346153846154 0.4795673076923077 0.02403846153846154 0.06850961538461539
3 0.1935096153846154 0.24639423076923078 0.01201923076923077 0.042067307692307696
2 0.359375 0.24639423076923078 0.01201923076923077 0.037259615384615384
0 0.6634615384615384 0.3425480769230769 0.006009615384615385 0.010817307692307692