2 0.7764423076923077 0.27884615384615385 0.019230769230769232 0.04326923076923077
2 0.8677884615384616 0.3329326923076923 0.021634615384615384 0.04807692307692308
2 0.7379807692307693 0.29086538461538464 0.019230769230769232 0.04567307692307692
2 0.8485576923076923 0.359375 0.02403846153846154 0.052884615384615384
0 0.12620192307692307 0.46274038461538464 0.01201923076923077 0.014423076923076924
2 0.6081730769230769 0.25841346153846156 0.021634615384615384 0.04807692307692308
2 0.4170673076923077 0.24158653846153846 0.019230769230769232 0.04807692307692308
2 0.5697115384615384 0.23918269230769232 0.019230769230769232 0.04807692307692308
2 0.8882211538461539 0.43149038461538464 0.026442307692307692 0.0625
2 0.8677884615384616 0.6911057692307693 0.05048076923076923 0.0889423076923077
2 0.45552884615384615 0.22956730769230768 0.021634615384615384 0.052884615384615384
2 0.9074519230769231 0.41466346153846156 0.026442307692307692 0.0625
2 0.7872596153846154 0.46033653846153844 0.03365384615384615 0.07211538461538461
3 0.75 0.4014423076923077 0.028846153846153848 0.0673076923076923
2 0.6875 0.5504807692307693 0.036057692307692304 0.08413461538461539
2 0.5973557692307693 0.38341346153846156 0.03125 0.0625
2 0.5685096153846154 0.4831730769230769 0.03365384615384615 0.06971153846153846
2 0.39903846153846156 0.38822115384615385 0.028846153846153848 0.07211538461538461
2 0.6622596153846154 0.8377403846153846 0.055288461538461536 0.11538461538461539
2 0.49399038461538464 0.4098557692307692 0.036057692307692304 0.07211538461538461
2 0.29927884615384615 0.42908653846153844 0.03125 0.07451923076923077
2 0.0673076923076923 0.4098557692307692 0.040865384615384616 0.08653846153846154