3 0.22355769230769232 0.17427884615384615 0.014423076923076924 0.04326923076923077
0 0.8052884615384616 0.328125 0.007211538461538462 0.01201923076923077
2 0.35336538461538464 0.20793269230769232 0.01201923076923077 0.040865384615384616
2 0.0985576923076923 0.40384615384615385 0.02403846153846154 0.07692307692307693
2 0.41346153846153844 0.2512019230769231 0.016826923076923076 0.04326923076923077
2 0.2620192307692308 0.23677884615384615 0.016826923076923076 0.04807692307692308
2 0.08533653846153846 0.4254807692307692 0.019230769230769232 0.0673076923076923
2 0.6454326923076923 0.25240384615384615 0.014423076923076924 0.04567307692307692
2 0.2776442307692308 0.28365384615384615 0.02403846153846154 0.052884615384615384
2 0.15144230769230768 0.25721153846153844 0.019230769230769232 0.055288461538461536
2 0.6959134615384616 0.24759615384615385 0.021634615384615384 0.04326923076923077
2 0.5649038461538461 0.3016826923076923 0.016826923076923076 0.05048076923076923
2 0.5240384615384616 0.3954326923076923 0.028846153846153848 0.06971153846153846
2 0.6935096153846154 0.3112980769230769 0.021634615384615384 0.04326923076923077
2 0.1935096153846154 0.3088942307692308 0.019230769230769232 0.0625
2 0.5 0.46153846153846156 0.028846153846153848 0.07211538461538461
2 0.4423076923076923 0.375 0.026442307692307692 0.06490384615384616
2 0.16706730769230768 0.3545673076923077 0.028846153846153848 0.06971153846153846
3 0.3137019230769231 0.3737980769230769 0.02403846153846154 0.07211538461538461
2 0.31971153846153844 0.7055288461538461 0.036057692307692304 0.11298076923076923
2 0.9230769230769231 0.36658653846153844 0.014423076923076924 0.06009615384615385
2 0.8725961538461539 0.5805288461538461 0.03365384615384615 0.09375