2 0.5444711538461539 0.16466346153846154 0.01201923076923077 0.055288461538461536
2 0.5588942307692307 0.14182692307692307 0.016826923076923076 0.057692307692307696
2 0.6225961538461539 0.16466346153846154 0.01201923076923077 0.04807692307692308
2 0.3137019230769231 0.15264423076923078 0.016826923076923076 0.0673076923076923
2 0.5925480769230769 0.1502403846153846 0.021634615384615384 0.0625
2 0.6586538461538461 0.1658653846153846 0.014423076923076924 0.06971153846153846
2 0.4266826923076923 0.13221153846153846 0.019230769230769232 0.06009615384615385
2 0.4651442307692308 0.1658653846153846 0.021634615384615384 0.06009615384615385
2 0.47596153846153844 0.16947115384615385 0.021634615384615384 0.0625
2 0.3629807692307692 0.1622596153846154 0.019230769230769232 0.06490384615384616
2 0.31850961538461536 0.20192307692307693 0.021634615384615384 0.07451923076923077
2 0.5432692307692307 0.21394230769230768 0.02403846153846154 0.07692307692307693
2 0.8197115384615384 0.2512019230769231 0.021634615384615384 0.07932692307692307
2 0.6262019230769231 0.20552884615384615 0.026442307692307692 0.07692307692307693
2 0.27884615384615385 0.20793269230769232 0.02403846153846154 0.07932692307692307
2 0.734375 0.2704326923076923 0.026442307692307692 0.07692307692307693
2 0.2860576923076923 0.2764423076923077 0.021634615384615384 0.09134615384615384
2 0.78125 0.20552884615384615 0.026442307692307692 0.07211538461538461
3 0.49038461538461536 0.25240384615384615 0.028846153846153848 0.08413461538461539
2 0.7860576923076923 0.3293269230769231 0.03365384615384615 0.09134615384615384
3 0.25240384615384615 0.0889423076923077 0.019230769230769232 0.06009615384615385