2 0.23798076923076922 0.31850961538461536 0.019230769230769232 0.038461538461538464
2 0.15504807692307693 0.36899038461538464 0.019230769230769232 0.04567307692307692
2 0.27403846153846156 0.328125 0.019230769230769232 0.040865384615384616
2 0.17307692307692307 0.39302884615384615 0.021634615384615384 0.04807692307692308
1 0.9134615384615384 0.234375 0.02403846153846154 0.05048076923076923
0 0.8365384615384616 0.47716346153846156 0.009615384615384616 0.01201923076923077
2 0.3918269230769231 0.2980769230769231 0.021634615384615384 0.04326923076923077
2 0.5673076923076923 0.27884615384615385 0.019230769230769232 0.04567307692307692
2 0.4266826923076923 0.2776442307692308 0.019230769230769232 0.04326923076923077
2 0.13822115384615385 0.46153846153846156 0.026442307692307692 0.057692307692307696
2 0.16105769230769232 0.6971153846153846 0.04807692307692308 0.08173076923076923
2 0.5324519230769231 0.26802884615384615 0.021634615384615384 0.04807692307692308
2 0.12139423076923077 0.44591346153846156 0.026442307692307692 0.057692307692307696
2 0.23076923076923078 0.4855769230769231 0.03365384615384615 0.06490384615384616
3 0.2644230769230769 0.43028846153846156 0.026442307692307692 0.06009615384615385
2 0.3233173076923077 0.5661057692307693 0.03365384615384615 0.07692307692307693
2 0.4050480769230769 0.4110576923076923 0.028846153846153848 0.057692307692307696
2 0.43149038461538464 0.5024038461538461 0.03125 0.06490384615384616
2 0.5853365384615384 0.41346153846153844 0.028846153846153848 0.06490384615384616
2 0.35216346153846156 0.828125 0.05048076923076923 0.10576923076923077
2 0.5 0.4326923076923077 0.03365384615384615 0.06490384615384616
2 0.6778846153846154 0.4483173076923077 0.03125 0.06971153846153846
2 0.890625 0.42788461538461536 0.038461538461538464 0.07932692307692307