2 0.36658653846153844 0.3329326923076923 0.016826923076923076 0.04326923076923077
2 0.4362980769230769 0.2548076923076923 0.01201923076923077 0.038461538461538464
2 0.6766826923076923 0.3918269230769231 0.019230769230769232 0.04807692307692308
2 0.17307692307692307 0.4362980769230769 0.019230769230769232 0.040865384615384616
2 0.3641826923076923 0.36177884615384615 0.016826923076923076 0.057692307692307696
2 0.34134615384615385 0.2824519230769231 0.01201923076923077 0.04326923076923077
2 0.5480769230769231 0.32211538461538464 0.019230769230769232 0.04326923076923077
2 0.16706730769230768 0.4807692307692308 0.021634615384615384 0.07692307692307693
2 0.4831730769230769 0.3425480769230769 0.014423076923076924 0.04807692307692308
2 0.7439903846153846 0.31850961538461536 0.014423076923076924 0.04807692307692308
2 0.46153846153846156 0.44591346153846156 0.019230769230769232 0.0673076923076923
2 0.6682692307692307 0.4074519230769231 0.019230769230769232 0.055288461538461536
2 0.8581730769230769 0.43028846153846156 0.016826923076923076 0.0625
2 0.24879807692307693 0.37259615384615385 0.02403846153846154 0.0625
2 0.22716346153846154 0.35336538461538464 0.019230769230769232 0.06009615384615385
2 0.49759615384615385 0.7295673076923077 0.028846153846153848 0.10096153846153846
2 0.20673076923076922 0.40625 0.02403846153846154 0.0673076923076923
2 0.5805288461538461 0.47115384615384615 0.021634615384615384 0.07451923076923077
3 0.3713942307692308 0.4423076923076923 0.021634615384615384 0.06971153846153846
2 0.4891826923076923 0.48197115384615385 0.02403846153846154 0.06971153846153846
2 0.8641826923076923 0.6189903846153846 0.028846153846153848 0.09134615384615384
3 0.3125 0.22716346153846154 0.014423076923076924 0.040865384615384616
0 0.6790865384615384 0.40865384615384615 0.009615384615384616 0.014423076923076924