2 0.7079326923076923 0.18028846153846154 0.018028846153846152 0.054086538461538464
2 0.7007211538461539 0.203125 0.014423076923076924 0.0625
2 0.6862980769230769 0.19471153846153846 0.016826923076923076 0.06610576923076923
2 0.7379807692307693 0.22355769230769232 0.020432692307692308 0.055288461538461536
2 0.7391826923076923 0.27524038461538464 0.021634615384615384 0.08173076923076923
2 0.4495192307692308 0.14903846153846154 0.009615384615384616 0.06009615384615385
2 0.7980769230769231 0.22596153846153846 0.010817307692307692 0.07451923076923077
2 0.20072115384615385 0.19471153846153846 0.013221153846153846 0.06971153846153846
2 0.30528846153846156 0.19831730769230768 0.014423076923076924 0.06610576923076923
2 0.578125 0.203125 0.021634615384615384 0.057692307692307696
2 0.2956730769230769 0.25841346153846156 0.016826923076923076 0.06971153846153846
2 0.4170673076923077 0.19951923076923078 0.015625 0.06971153846153846
2 0.8173076923076923 0.2620192307692308 0.013221153846153846 0.07451923076923077
2 0.5144230769230769 0.2283653846153846 0.025240384615384616 0.057692307692307696
2 0.6165865384615384 0.22115384615384615 0.019230769230769232 0.07091346153846154
3 0.4639423076923077 0.2644230769230769 0.020432692307692308 0.07932692307692307
2 0.4831730769230769 0.22716346153846154 0.015625 0.06850961538461539
2 0.20793269230769232 0.2536057692307692 0.013221153846153846 0.078125
2 0.3918269230769231 0.3485576923076923 0.02403846153846154 0.07572115384615384
2 0.8798076923076923 0.31490384615384615 0.018028846153846152 0.07932692307692307
3 0.18269230769230768 0.1310096153846154 0.014423076923076924 0.0673076923076923
2 0.6887019230769231 0.17668269230769232 0.020432692307692308 0.06370192307692307