2 0.43149038461538464 0.25240384615384615 0.01201923076923077 0.03125
2 0.6322115384615384 0.22235576923076922 0.01201923076923077 0.038461538461538464
2 0.6274038461538461 0.23677884615384615 0.016826923076923076 0.04567307692307692
2 0.3329326923076923 0.28125 0.026442307692307692 0.052884615384615384
2 0.28966346153846156 0.27403846153846156 0.016826923076923076 0.04326923076923077
2 0.4375 0.28125 0.014423076923076924 0.04567307692307692
2 0.46634615384615385 0.2548076923076923 0.016826923076923076 0.04326923076923077
2 0.4579326923076923 0.25600961538461536 0.014423076923076924 0.04326923076923077
1 0.05889423076923077 0.36658653846153844 0.016826923076923076 0.05048076923076923
3 0.5673076923076923 0.2920673076923077 0.016826923076923076 0.04807692307692308
2 0.3798076923076923 0.3112980769230769 0.03125 0.04567307692307692
2 0.7992788461538461 0.24158653846153846 0.019230769230769232 0.04807692307692308
2 0.8149038461538461 0.23677884615384615 0.019230769230769232 0.05048076923076923
2 0.6694711538461539 0.296875 0.02403846153846154 0.04807692307692308
2 0.75 0.28966346153846156 0.021634615384615384 0.055288461538461536
2 0.5757211538461539 0.3737980769230769 0.021634615384615384 0.0625
2 0.7319711538461539 0.45072115384615385 0.026442307692307692 0.07692307692307693
2 0.22956730769230768 0.45913461538461536 0.028846153846153848 0.07211538461538461
2 0.47475961538461536 0.6454326923076923 0.038461538461538464 0.0985576923076923
2 0.3942307692307692 0.4362980769230769 0.02403846153846154 0.0673076923076923
2 0.8040865384615384 0.3942307692307692 0.03125 0.07211538461538461
0 0.3701923076923077 0.3329326923076923 0.007211538461538462 0.01201923076923077
2 0.4375 0.23677884615384615 0.016826923076923076 0.038461538461538464
3 0.8052884615384616 0.19110576923076922 0.016826923076923076 0.04807692307692308