2 0.47115384615384615 0.24278846153846154 0.006009615384615385 0.030048076923076924
2 0.6706730769230769 0.2439903846153846 0.007211538461538462 0.037259615384615384
2 0.6634615384615384 0.25721153846153844 0.009615384615384616 0.04447115384615385
2 0.3701923076923077 0.2548076923076923 0.016826923076923076 0.05048076923076923
2 0.3293269230769231 0.24158653846153846 0.009615384615384616 0.042067307692307696
2 0.4723557692307692 0.27163461538461536 0.008413461538461538 0.04326923076923077
2 0.5048076923076923 0.25 0.008413461538461538 0.042067307692307696
2 0.4951923076923077 0.25 0.008413461538461538 0.042067307692307696
1 0.09014423076923077 0.296875 0.009615384615384616 0.04807692307692308
3 0.5961538461538461 0.30288461538461536 0.008413461538461538 0.046875
2 0.41225961538461536 0.2920673076923077 0.02403846153846154 0.042067307692307696
2 0.8305288461538461 0.28966346153846156 0.01201923076923077 0.046875
2 0.8449519230769231 0.28725961538461536 0.010817307692307692 0.04927884615384615
2 0.6959134615384616 0.32211538461538464 0.018028846153846152 0.046875
2 0.7752403846153846 0.328125 0.01201923076923077 0.051682692307692304
2 0.5925480769230769 0.38221153846153844 0.01201923076923077 0.06129807692307692
2 0.7319711538461539 0.48197115384615385 0.014423076923076924 0.07451923076923077
2 0.24278846153846154 0.41225961538461536 0.019230769230769232 0.06850961538461539
2 0.4519230769230769 0.6310096153846154 0.02283653846153846 0.09495192307692307
2 0.40625 0.41466346153846156 0.013221153846153846 0.06490384615384616
2 0.8112980769230769 0.4375 0.020432692307692308 0.06971153846153846
0 0.39903846153846156 0.3125 0.006009615384615385 0.009615384615384616
2 0.47836538461538464 0.2283653846153846 0.010817307692307692 0.036057692307692304
3 0.84375 0.2403846153846154 0.009615384615384616 0.04567307692307692