2 0.6514423076923077 0.671875 0.040865384615384616 0.055288461538461536
2 0.2091346153846154 0.42908653846153844 0.02403846153846154 0.05048076923076923
2 0.2644230769230769 0.4254807692307692 0.019230769230769232 0.04567307692307692
2 0.4723557692307692 0.328125 0.019230769230769232 0.04326923076923077
2 0.3076923076923077 0.47596153846153844 0.02403846153846154 0.06009615384615385
2 0.40625 0.359375 0.019230769230769232 0.04567307692307692
2 0.5841346153846154 0.3737980769230769 0.02403846153846154 0.057692307692307696
2 0.19831730769230768 0.5300480769230769 0.026442307692307692 0.06490384615384616
1 0.9495192307692307 0.31490384615384615 0.026442307692307692 0.06009615384615385
2 0.18389423076923078 0.5228365384615384 0.028846153846153848 0.06490384615384616
3 0.30288461538461536 0.5168269230769231 0.026442307692307692 0.06490384615384616
2 0.7740384615384616 0.5144230769230769 0.03365384615384615 0.07932692307692307
2 0.7716346153846154 0.42427884615384615 0.036057692307692304 0.0625
2 0.7271634615384616 0.6165865384615384 0.04807692307692308 0.0889423076923077
2 0.14903846153846154 0.7067307692307693 0.040865384615384616 0.0889423076923077
2 0.8076923076923077 0.5913461538461539 0.036057692307692304 0.0673076923076923
2 0.578125 0.3918269230769231 0.026442307692307692 0.06009615384615385
2 0.9627403846153846 0.5144230769230769 0.04326923076923077 0.08653846153846154
2 0.8822115384615384 0.6165865384615384 0.038461538461538464 0.09375
2 0.33533653846153844 0.703125 0.040865384615384616 0.09375
2 0.19831730769230768 0.8233173076923077 0.04567307692307692 0.10096153846153846
0 0.7692307692307693 0.4483173076923077 0.009615384615384616 0.016826923076923076
2 0.2692307692307692 0.36658653846153844 0.021634615384615384 0.04326923076923077
3 0.1658653846153846 0.3557692307692308 0.016826923076923076 0.038461538461538464