0 0.6959134615384616 0.41586538461538464 0.007211538461538462 0.01201923076923077
2 0.2980769230769231 0.18870192307692307 0.009615384615384616 0.04326923076923077
2 0.4050480769230769 0.3004807692307692 0.014423076923076924 0.057692307692307696
2 0.5384615384615384 0.2608173076923077 0.01201923076923077 0.052884615384615384
2 0.24278846153846154 0.26322115384615385 0.009615384615384616 0.052884615384615384
2 0.6959134615384616 0.22115384615384615 0.014423076923076924 0.05048076923076923
2 0.7391826923076923 0.44350961538461536 0.03125 0.07211538461538461
2 0.26802884615384615 0.36177884615384615 0.014423076923076924 0.07211538461538461
2 0.7115384615384616 0.3918269230769231 0.019230769230769232 0.0673076923076923
2 0.4735576923076923 0.37740384615384615 0.016826923076923076 0.0673076923076923
3 0.3401442307692308 0.41586538461538464 0.014423076923076924 0.07692307692307693
2 0.7692307692307693 0.3401442307692308 0.019230769230769232 0.0673076923076923
2 0.5144230769230769 0.31971153846153844 0.019230769230769232 0.06009615384615385
2 0.9927884615384616 0.3798076923076923 0.014423076923076924 0.07211538461538461
2 0.16466346153846154 0.36538461538461536 0.014423076923076924 0.07692307692307693
2 0.10576923076923077 0.5216346153846154 0.02403846153846154 0.09615384615384616
2 0.7956730769230769 0.45552884615384615 0.03365384615384615 0.07932692307692307
2 0.5324519230769231 0.5132211538461539 0.019230769230769232 0.09134615384615384
2 0.32091346153846156 0.6514423076923077 0.038461538461538464 0.11057692307692307
2 0.5036057692307693 0.7572115384615384 0.038461538461538464 0.1201923076923077
2 0.16826923076923078 0.6754807692307693 0.03365384615384615 0.10817307692307693
2 0.625 0.5288461538461539 0.028846153846153848 0.09134615384615384
3 0.25961538461538464 0.171875 0.009615384615384616 0.04807692307692308