0 0.36658653846153844 0.36538461538461536 0.007211538461538462 0.01201923076923077
2 0.5805288461538461 0.25721153846153844 0.01201923076923077 0.040865384615384616
2 0.640625 0.2439903846153846 0.016826923076923076 0.038461538461538464
2 0.5336538461538461 0.25 0.014423076923076924 0.04567307692307692
2 0.8016826923076923 0.2860576923076923 0.014423076923076924 0.04326923076923077
2 0.3870192307692308 0.24639423076923078 0.014423076923076924 0.04326923076923077
2 0.5492788461538461 0.25841346153846156 0.014423076923076924 0.04326923076923077
3 0.6766826923076923 0.3317307692307692 0.014423076923076924 0.05048076923076923
1 0.0625 0.26802884615384615 0.019230769230769232 0.055288461538461536
2 0.40625 0.24639423076923078 0.021634615384615384 0.05048076923076923
2 0.4050480769230769 0.33052884615384615 0.016826923076923076 0.052884615384615384
2 0.6478365384615384 0.3629807692307692 0.021634615384615384 0.057692307692307696
2 0.7319711538461539 0.29927884615384615 0.016826923076923076 0.05048076923076923
2 0.8641826923076923 0.35697115384615385 0.016826923076923076 0.057692307692307696
2 0.8497596153846154 0.3557692307692308 0.016826923076923076 0.055288461538461536
2 0.11778846153846154 0.39302884615384615 0.02403846153846154 0.07451923076923077
2 0.5649038461538461 0.4170673076923077 0.016826923076923076 0.057692307692307696
2 0.40384615384615385 0.4170673076923077 0.026442307692307692 0.0673076923076923
2 0.3605769230769231 0.33774038461538464 0.016826923076923076 0.0625
2 0.8064903846153846 0.5276442307692307 0.02403846153846154 0.07932692307692307
2 0.6430288461538461 0.75 0.040865384615384616 0.10576923076923077
2 0.59375 0.3425480769230769 0.016826923076923076 0.052884615384615384
2 0.671875 0.5276442307692307 0.028846153846153848 0.08173076923076923
3 0.8713942307692307 0.27163461538461536 0.016826923076923076 0.04326923076923077