2 0.7151442307692307 0.27524038461538464 0.01201923076923077 0.04326923076923077
2 0.8137019230769231 0.31490384615384615 0.01201923076923077 0.04807692307692308
2 0.6790865384615384 0.2932692307692308 0.01201923076923077 0.04326923076923077
2 0.7992788461538461 0.3425480769230769 0.014423076923076924 0.052884615384615384
0 0.10697115384615384 0.5564903846153846 0.009615384615384616 0.01201923076923077
2 0.5480769230769231 0.28125 0.014423076923076924 0.04567307692307692
2 0.35697115384615385 0.2932692307692308 0.01201923076923077 0.04807692307692308
2 0.5060096153846154 0.26802884615384615 0.01201923076923077 0.04567307692307692
2 0.8485576923076923 0.40865384615384615 0.016826923076923076 0.0625
2 0.8689903846153846 0.6658653846153846 0.038461538461538464 0.08413461538461539
2 0.39302884615384615 0.27524038461538464 0.01201923076923077 0.052884615384615384
2 0.8641826923076923 0.3894230769230769 0.016826923076923076 0.0625
2 0.7536057692307693 0.4519230769230769 0.02403846153846154 0.06971153846153846
3 0.7079326923076923 0.39903846153846156 0.019230769230769232 0.06490384615384616
2 0.6706730769230769 0.5552884615384616 0.02403846153846154 0.08173076923076923
2 0.5564903846153846 0.40625 0.021634615384615384 0.06009615384615385
2 0.5432692307692307 0.5084134615384616 0.021634615384615384 0.0673076923076923
2 0.36177884615384615 0.4411057692307692 0.019230769230769232 0.06971153846153846
2 0.6911057692307693 0.8413461538461539 0.038461538461538464 0.11298076923076923
2 0.45913461538461536 0.4483173076923077 0.02403846153846154 0.06971153846153846
2 0.27163461538461536 0.4963942307692308 0.021634615384615384 0.07451923076923077
2 0.039663461538461536 0.5132211538461539 0.026442307692307692 0.08413461538461539