2 0.28966346153846156 0.2608173076923077 0.009615384615384616 0.038461538461538464
2 0.1971153846153846 0.28966346153846156 0.009615384615384616 0.04447115384615385
2 0.32211538461538464 0.27884615384615385 0.009615384615384616 0.039663461538461536
2 0.2091346153846154 0.3173076923076923 0.010817307692307692 0.046875
1 0.9651442307692307 0.3425480769230769 0.01201923076923077 0.04807692307692308
0 0.8317307692307693 0.5588942307692307 0.007211538461538462 0.010817307692307692
2 0.44350961538461536 0.2776442307692308 0.010817307692307692 0.042067307692307696
2 0.6189903846153846 0.3016826923076923 0.008413461538461538 0.04447115384615385
2 0.48197115384615385 0.2668269230769231 0.008413461538461538 0.042067307692307696
2 0.15865384615384615 0.375 0.01201923076923077 0.056490384615384616
2 0.12379807692307693 0.609375 0.030048076923076924 0.07572115384615384
2 0.5877403846153846 0.2824519230769231 0.009615384615384616 0.046875
2 0.14543269230769232 0.3557692307692308 0.01201923076923077 0.056490384615384616
2 0.24278846153846154 0.4206730769230769 0.018028846153846152 0.0625
3 0.28846153846153844 0.375 0.013221153846153846 0.05889423076923077
2 0.3125 0.5216346153846154 0.016826923076923076 0.07451923076923077
2 0.42908653846153844 0.390625 0.016826923076923076 0.055288461538461536
2 0.4326923076923077 0.4855769230769231 0.015625 0.0625
2 0.6033653846153846 0.4362980769230769 0.013221153846153846 0.06370192307692307
2 0.2776442307692308 0.7824519230769231 0.027644230769230768 0.10216346153846154
2 0.515625 0.43509615384615385 0.019230769230769232 0.0625
2 0.6850961538461539 0.49278846153846156 0.014423076923076924 0.0673076923076923
2 0.8966346153846154 0.5240384615384616 0.020432692307692308 0.07692307692307693