2 0.6838942307692307 0.24759615384615385 0.01201923076923077 0.040865384615384616
2 0.78125 0.27163461538461536 0.01201923076923077 0.04807692307692308
2 0.6514423076923077 0.2692307692307692 0.01201923076923077 0.04326923076923077
2 0.7716346153846154 0.3004807692307692 0.014423076923076924 0.05048076923076923
0 0.140625 0.5973557692307693 0.007211538461538462 0.01201923076923077
2 0.5240384615384616 0.27524038461538464 0.014423076923076924 0.04326923076923077
2 0.34375 0.3137019230769231 0.01201923076923077 0.04807692307692308
2 0.4831730769230769 0.2692307692307692 0.01201923076923077 0.04567307692307692
2 0.8269230769230769 0.35697115384615385 0.016826923076923076 0.06009615384615385
2 0.8810096153846154 0.5985576923076923 0.036057692307692304 0.08173076923076923
2 0.375 0.2920673076923077 0.01201923076923077 0.05048076923076923
2 0.8401442307692307 0.33533653846153844 0.016826923076923076 0.06009615384615385
2 0.7427884615384616 0.4110576923076923 0.021634615384615384 0.0673076923076923
3 0.6935096153846154 0.36658653846153844 0.016826923076923076 0.0625
2 0.6778846153846154 0.5204326923076923 0.02403846153846154 0.07932692307692307
2 0.5480769230769231 0.39302884615384615 0.021634615384615384 0.057692307692307696
2 0.5504807692307693 0.49158653846153844 0.021634615384615384 0.06490384615384616
2 0.36899038461538464 0.453125 0.016826923076923076 0.0673076923076923
2 0.734375 0.7896634615384616 0.036057692307692304 0.10817307692307693
2 0.46153846153846156 0.44591346153846156 0.02403846153846154 0.0673076923076923
2 0.28966346153846156 0.5168269230769231 0.021634615384615384 0.07211538461538461
2 0.07091346153846154 0.5649038461538461 0.026442307692307692 0.08173076923076923