3 0.16947115384615385 0.16346153846153846 0.01201923076923077 0.054086538461538464
2 0.41947115384615385 0.16947115384615385 0.015625 0.046875
2 0.5396634615384616 0.18629807692307693 0.014423076923076924 0.04326923076923077
2 0.6057692307692307 0.17067307692307693 0.010817307692307692 0.04927884615384615
2 0.6850961538461539 0.1814903846153846 0.010817307692307692 0.051682692307692304
2 0.5252403846153846 0.203125 0.020432692307692308 0.05048076923076923
2 0.265625 0.19110576923076922 0.009615384615384616 0.055288461538461536
2 0.46033653846153844 0.19471153846153846 0.016826923076923076 0.06370192307692307
2 0.44591346153846156 0.1971153846153846 0.013221153846153846 0.057692307692307696
2 0.6538461538461539 0.18990384615384615 0.014423076923076924 0.04447115384615385
2 0.19471153846153846 0.19471153846153846 0.013221153846153846 0.056490384615384616
2 0.6286057692307693 0.1622596153846154 0.014423076923076924 0.04326923076923077
2 0.1346153846153846 0.265625 0.014423076923076924 0.06971153846153846
2 0.6995192307692307 0.1971153846153846 0.019230769230769232 0.04567307692307692
2 0.28365384615384615 0.2620192307692308 0.016826923076923076 0.0673076923076923
2 0.7740384615384616 0.2439903846153846 0.014423076923076924 0.0673076923076923
3 0.5552884615384616 0.2439903846153846 0.016826923076923076 0.06370192307692307
2 0.6310096153846154 0.23197115384615385 0.013221153846153846 0.06490384615384616
2 0.2644230769230769 0.3701923076923077 0.015625 0.08533653846153846
2 0.7620192307692307 0.3269230769230769 0.014423076923076924 0.07451923076923077
2 0.4543269230769231 0.32211538461538464 0.016826923076923076 0.078125
2 0.8521634615384616 0.3245192307692308 0.014423076923076924 0.07451923076923077