2 0.5072115384615384 0.20432692307692307 0.008413461538461538 0.05048076923076923
2 0.5192307692307693 0.18269230769230768 0.010817307692307692 0.051682692307692304
2 0.5793269230769231 0.20072115384615385 0.007211538461538462 0.04447115384615385
2 0.29447115384615385 0.2091346153846154 0.01201923076923077 0.06129807692307692
2 0.5504807692307693 0.18870192307692307 0.016826923076923076 0.057692307692307696
2 0.6129807692307693 0.19831730769230768 0.009615384615384616 0.06370192307692307
2 0.39783653846153844 0.18269230769230768 0.014423076923076924 0.055288461538461536
2 0.43509615384615385 0.21153846153846154 0.016826923076923076 0.055288461538461536
2 0.44591346153846156 0.21394230769230768 0.015625 0.056490384615384616
2 0.34134615384615385 0.21514423076923078 0.014423076923076924 0.06009615384615385
2 0.30288461538461536 0.2536057692307692 0.014423076923076924 0.0673076923076923
2 0.5096153846153846 0.2512019230769231 0.016826923076923076 0.06971153846153846
2 0.7668269230769231 0.2668269230769231 0.015625 0.07211538461538461
2 0.5853365384615384 0.23798076923076922 0.018028846153846152 0.06971153846153846
2 0.265625 0.2620192307692308 0.018028846153846152 0.07091346153846154
2 0.6887019230769231 0.28966346153846156 0.019230769230769232 0.06971153846153846
2 0.2764423076923077 0.32572115384615385 0.014423076923076924 0.0829326923076923
2 0.7283653846153846 0.22716346153846154 0.020432692307692308 0.06490384615384616
3 0.4639423076923077 0.28966346153846156 0.021634615384615384 0.07572115384615384
2 0.7415865384615384 0.34134615384615385 0.025240384615384616 0.08173076923076923
3 0.234375 0.15504807692307693 0.013221153846153846 0.055288461538461536
0 0.46153846153846156 0.042067307692307696 0.007211538461538462 0.013221153846153846