0 0.359375 0.3858173076923077 0.006009615384615385 0.009615384615384616
2 0.5588942307692307 0.25721153846153844 0.007211538461538462 0.038461538461538464
2 0.6153846153846154 0.23798076923076922 0.010817307692307692 0.037259615384615384
2 0.5120192307692307 0.2548076923076923 0.008413461538461538 0.04567307692307692
2 0.7776442307692307 0.26322115384615385 0.009615384615384616 0.04326923076923077
2 0.36538461538461536 0.265625 0.008413461538461538 0.042067307692307696
2 0.5276442307692307 0.2608173076923077 0.009615384615384616 0.042067307692307696
3 0.6610576923076923 0.31971153846153844 0.009615384615384616 0.04927884615384615
1 0.04927884615384615 0.32091346153846156 0.013221153846153846 0.051682692307692304
2 0.38461538461538464 0.26322115384615385 0.015625 0.046875
2 0.39302884615384615 0.3473557692307692 0.010817307692307692 0.05048076923076923
2 0.6346153846153846 0.3545673076923077 0.015625 0.055288461538461536
2 0.7115384615384616 0.28365384615384615 0.01201923076923077 0.04927884615384615
2 0.8473557692307693 0.32572115384615385 0.010817307692307692 0.055288461538461536
2 0.8329326923076923 0.32572115384615385 0.01201923076923077 0.054086538461538464
2 0.11658653846153846 0.4375 0.015625 0.07091346153846154
2 0.5600961538461539 0.41586538461538464 0.010817307692307692 0.057692307692307696
2 0.40024038461538464 0.4326923076923077 0.020432692307692308 0.06490384615384616
2 0.34975961538461536 0.359375 0.010817307692307692 0.06009615384615385
2 0.8088942307692307 0.5 0.015625 0.07692307692307693
2 0.6706730769230769 0.734375 0.028846153846153848 0.10216346153846154
2 0.5793269230769231 0.3401442307692308 0.010817307692307692 0.05048076923076923
2 0.6754807692307693 0.5132211538461539 0.020432692307692308 0.078125
3 0.8449519230769231 0.24158653846153846 0.01201923076923077 0.04326923076923077