2 0.23076923076923078 0.20432692307692307 0.021634615384615384 0.05048076923076923
0 0.8064903846153846 0.6153846153846154 0.009615384615384616 0.014423076923076924
2 0.1875 0.25721153846153844 0.026442307692307692 0.055288461538461536
2 0.49759615384615385 0.7283653846153846 0.057692307692307696 0.11298076923076923
2 0.3137019230769231 0.3016826923076923 0.021634615384615384 0.06009615384615385
2 0.6286057692307693 0.2764423076923077 0.019230769230769232 0.04807692307692308
2 0.4855769230769231 0.3629807692307692 0.026442307692307692 0.06009615384615385
2 0.4639423076923077 0.36658653846153844 0.03365384615384615 0.06490384615384616
2 0.7055288461538461 0.38461538461538464 0.03125 0.0673076923076923
2 0.5336538461538461 0.30649038461538464 0.02403846153846154 0.052884615384615384
2 0.7980769230769231 0.4639423076923077 0.028846153846153848 0.07211538461538461
3 0.265625 0.3918269230769231 0.028846153846153848 0.07932692307692307
2 0.5216346153846154 0.4807692307692308 0.03125 0.08173076923076923
2 0.13341346153846154 0.38822115384615385 0.028846153846153848 0.07932692307692307
2 0.29447115384615385 0.36658653846153844 0.03365384615384615 0.07211538461538461
2 0.1346153846153846 0.6021634615384616 0.040865384615384616 0.10336538461538461
2 0.4254807692307692 0.46875 0.03365384615384615 0.08413461538461539
2 0.018028846153846152 0.5192307692307693 0.036057692307692304 0.10096153846153846
2 0.5324519230769231 0.7560096153846154 0.055288461538461536 0.11538461538461539
2 0.8497596153846154 0.5949519230769231 0.03125 0.0889423076923077
2 0.08653846153846154 0.3786057692307692 0.04326923076923077 0.0889423076923077
2 0.36658653846153844 0.5757211538461539 0.04807692307692308 0.09375
3 0.18028846153846154 0.1622596153846154 0.019230769230769232 0.04807692307692308