2 0.6310096153846154 0.6730769230769231 0.03365384615384615 0.052884615384615384
2 0.23557692307692307 0.3557692307692308 0.016826923076923076 0.04807692307692308
2 0.29086538461538464 0.36177884615384615 0.01201923076923077 0.04567307692307692
2 0.5132211538461539 0.3016826923076923 0.01201923076923077 0.04326923076923077
2 0.32572115384615385 0.4182692307692308 0.014423076923076924 0.06009615384615385
2 0.4423076923076923 0.32091346153846156 0.009615384615384616 0.04567307692307692
2 0.6153846153846154 0.36658653846153844 0.014423076923076924 0.057692307692307696
2 0.20793269230769232 0.453125 0.014423076923076924 0.06490384615384616
1 0.9855769230769231 0.37259615384615385 0.016826923076923076 0.06009615384615385
2 0.19591346153846154 0.44350961538461536 0.016826923076923076 0.06490384615384616
3 0.3125 0.4579326923076923 0.016826923076923076 0.06490384615384616
2 0.7776442307692307 0.5372596153846154 0.021634615384615384 0.07692307692307693
2 0.7908653846153846 0.4483173076923077 0.026442307692307692 0.06009615384615385
2 0.7127403846153846 0.6298076923076923 0.03365384615384615 0.08653846153846154
2 0.12980769230769232 0.6189903846153846 0.026442307692307692 0.08653846153846154
2 0.796875 0.6189903846153846 0.02403846153846154 0.06490384615384616
2 0.6069711538461539 0.38221153846153844 0.016826923076923076 0.06009615384615385
2 0.9651442307692307 0.5709134615384616 0.028846153846153848 0.08413461538461539
2 0.8653846153846154 0.6574519230769231 0.02403846153846154 0.09375
2 0.3125 0.6466346153846154 0.026442307692307692 0.09134615384615384
2 0.15625 0.7427884615384616 0.028846153846153848 0.0985576923076923
0 0.7848557692307693 0.4723557692307692 0.007211538461538462 0.014423076923076924
2 0.30528846153846156 0.30528846153846156 0.014423076923076924 0.04326923076923077
3 0.20552884615384615 0.2776442307692308 0.01201923076923077 0.038461538461538464