2 0.6069711538461539 0.3605769230769231 0.007211538461538462 0.036057692307692304
2 0.5336538461538461 0.32572115384615385 0.007211538461538462 0.03125
2 0.40024038461538464 0.33533653846153844 0.007211538461538462 0.026442307692307692
2 0.6370192307692307 0.39302884615384615 0.01201923076923077 0.040865384615384616
1 0.8161057692307693 0.3798076923076923 0.007211538461538462 0.038461538461538464
2 0.4855769230769231 0.33052884615384615 0.009615384615384616 0.03125
2 0.5516826923076923 0.33774038461538464 0.007211538461538462 0.03365384615384615
2 0.5889423076923077 0.3629807692307692 0.007211538461538462 0.03365384615384615
2 0.42427884615384615 0.4026442307692308 0.009615384615384616 0.036057692307692304
2 0.5432692307692307 0.4014423076923077 0.009615384615384616 0.04326923076923077
3 0.5072115384615384 0.3581730769230769 0.009615384615384616 0.03365384615384615
2 0.390625 0.33413461538461536 0.007211538461538462 0.03125
2 0.1814903846153846 0.41466346153846156 0.009615384615384616 0.036057692307692304
2 0.5360576923076923 0.43028846153846156 0.01201923076923077 0.040865384615384616
2 0.6478365384615384 0.40625 0.009615384615384616 0.040865384615384616
2 0.6286057692307693 0.4795673076923077 0.01201923076923077 0.04326923076923077
2 0.6826923076923077 0.44711538461538464 0.009615384615384616 0.04807692307692308
2 0.28846153846153844 0.4483173076923077 0.009615384615384616 0.04567307692307692
2 0.7079326923076923 0.44350961538461536 0.01201923076923077 0.040865384615384616
2 0.5973557692307693 0.6165865384615384 0.009615384615384616 0.055288461538461536
2 0.171875 0.46274038461538464 0.01201923076923077 0.04567307692307692
2 0.14182692307692307 0.5036057692307693 0.01201923076923077 0.04326923076923077
3 0.18990384615384615 0.3317307692307692 0.009615384615384616 0.03125