2 0.6021634615384616 0.3605769230769231 0.007211538461538462 0.036057692307692304
2 0.5276442307692307 0.328125 0.007211538461538462 0.03125
2 0.39663461538461536 0.33774038461538464 0.007211538461538462 0.025240384615384616
2 0.6322115384615384 0.3918269230769231 0.010817307692307692 0.038461538461538464
1 0.8112980769230769 0.375 0.007211538461538462 0.037259615384615384
2 0.48197115384615385 0.3317307692307692 0.007211538461538462 0.030048076923076924
2 0.5480769230769231 0.33774038461538464 0.007211538461538462 0.03245192307692308
2 0.5841346153846154 0.3629807692307692 0.007211538461538462 0.03245192307692308
2 0.421875 0.4050480769230769 0.008413461538461538 0.036057692307692304
2 0.5408653846153846 0.4026442307692308 0.009615384615384616 0.042067307692307696
3 0.5036057692307693 0.3605769230769231 0.007211538461538462 0.03365384615384615
2 0.3870192307692308 0.33774038461538464 0.007211538461538462 0.030048076923076924
2 0.18028846153846154 0.421875 0.007211538461538462 0.036057692307692304
2 0.5324519230769231 0.43028846153846156 0.010817307692307692 0.039663461538461536
2 0.6442307692307693 0.4050480769230769 0.009615384615384616 0.039663461538461536
2 0.6262019230769231 0.47836538461538464 0.010817307692307692 0.042067307692307696
2 0.6778846153846154 0.44471153846153844 0.008413461538461538 0.046875
2 0.2860576923076923 0.453125 0.008413461538461538 0.04447115384615385
2 0.703125 0.4411057692307692 0.01201923076923077 0.040865384615384616
2 0.5973557692307693 0.6153846153846154 0.009615384615384616 0.054086538461538464
2 0.171875 0.4699519230769231 0.010817307692307692 0.04567307692307692
2 0.14182692307692307 0.5108173076923077 0.01201923076923077 0.04326923076923077
3 0.18870192307692307 0.3389423076923077 0.007211538461538462 0.030048076923076924