2 0.6153846153846154 0.34975961538461536 0.014423076923076924 0.038461538461538464
2 0.5420673076923077 0.3004807692307692 0.014423076923076924 0.03365384615384615
2 0.4014423076923077 0.28365384615384615 0.014423076923076924 0.026442307692307692
2 0.640625 0.390625 0.019230769230769232 0.04326923076923077
1 0.8329326923076923 0.40865384615384615 0.016826923076923076 0.040865384615384616
2 0.49278846153846156 0.2956730769230769 0.014423076923076924 0.03365384615384615
2 0.5612980769230769 0.31490384615384615 0.014423076923076924 0.036057692307692304
2 0.5949519230769231 0.34975961538461536 0.014423076923076924 0.036057692307692304
2 0.41586538461538464 0.3605769230769231 0.016826923076923076 0.038461538461538464
2 0.5408653846153846 0.38221153846153844 0.019230769230769232 0.04567307692307692
3 0.5096153846153846 0.3293269230769231 0.014423076923076924 0.036057692307692304
2 0.3918269230769231 0.28125 0.014423076923076924 0.03365384615384615
2 0.15504807692307693 0.328125 0.014423076923076924 0.038461538461538464
2 0.5276442307692307 0.4098557692307692 0.019230769230769232 0.04567307692307692
2 0.6490384615384616 0.4050480769230769 0.016826923076923076 0.04326923076923077
2 0.6165865384615384 0.4795673076923077 0.021634615384615384 0.04807692307692308
2 0.6778846153846154 0.45552884615384615 0.016826923076923076 0.05048076923076923
2 0.2620192307692308 0.38221153846153844 0.019230769230769232 0.04807692307692308
2 0.7055288461538461 0.45552884615384615 0.021634615384615384 0.04567307692307692
2 0.5576923076923077 0.6201923076923077 0.021634615384615384 0.057692307692307696
2 0.13701923076923078 0.37740384615384615 0.021634615384615384 0.05048076923076923
2 0.09615384615384616 0.41466346153846156 0.021634615384615384 0.04807692307692308
3 0.18028846153846154 0.24158653846153846 0.014423076923076924 0.03365384615384615