0 0.5576923076923077 0.6995192307692307 0.14543269230769232 0.18870192307692307
0 0.5120192307692307 0.578125 0.11658653846153846 0.15504807692307693
0 0.3942307692307692 0.5108173076923077 0.10096153846153846 0.11899038461538461
0 0.22355769230769232 0.5048076923076923 0.09735576923076923 0.125
0 0.11298076923076923 0.5564903846153846 0.11538461538461539 0.15865384615384615
0 0.38822115384615385 0.9399038461538461 0.15144230769230768 0.1201923076923077
0 0.2692307692307692 0.9050480769230769 0.15264423076923078 0.18870192307692307
0 0.6862980769230769 0.8076923076923077 0.15264423076923078 0.20432692307692307
0 0.16466346153846154 0.4543269230769231 0.10336538461538461 0.12860576923076922
0 0.5516826923076923 0.8882211538461539 0.14903846153846154 0.18509615384615385
0 0.40865384615384615 0.8389423076923077 0.12379807692307693 0.14903846153846154
0 0.10096153846153846 0.9182692307692307 0.14903846153846154 0.1622596153846154
0 0.09735576923076923 0.6802884615384616 0.109375 0.11778846153846154
0 0.21153846153846154 0.7019230769230769 0.11899038461538461 0.1141826923076923
0 0.3605769230769231 0.7608173076923077 0.13221153846153846 0.1502403846153846
0 0.328125 0.6778846153846154 0.09254807692307693 0.11658653846153846
0 0.31490384615384615 0.5721153846153846 0.0985576923076923 0.13942307692307693
0 0.3762019230769231 0.4483173076923077 0.0889423076923077 0.09134615384615384
0 0.5060096153846154 0.48677884615384615 0.109375 0.078125
0 0.7692307692307693 0.9411057692307693 0.14302884615384615 0.11658653846153846
0 0.5733173076923077 0.9591346153846154 0.18028846153846154 0.08173076923076923