0 0.5204326923076923 0.7079326923076923 0.18269230769230768 0.21634615384615385
0 0.4987980769230769 0.5793269230769231 0.1466346153846154 0.1778846153846154
0 0.3954326923076923 0.4891826923076923 0.12259615384615384 0.13942307692307693
0 0.22716346153846154 0.45072115384615385 0.1201923076923077 0.14423076923076922
0 0.10697115384615384 0.4795673076923077 0.14423076923076922 0.18028846153846154
0 0.30528846153846156 0.9110576923076923 0.17307692307692307 0.14423076923076922
0 0.1935096153846154 0.8545673076923077 0.1875 0.21153846153846154
0 0.6274038461538461 0.8401442307692307 0.19230769230769232 0.23317307692307693
0 0.1778846153846154 0.3894230769230769 0.12740384615384615 0.1466346153846154
0 0.47716346153846156 0.8942307692307693 0.18509615384615385 0.21153846153846154
0 0.34615384615384615 0.8173076923076923 0.15144230769230768 0.17307692307692307
0 0.056490384615384616 0.8341346153846154 0.11298076923076923 0.1875
0 0.06610576923076923 0.6009615384615384 0.13221153846153846 0.13701923076923078
0 0.17548076923076922 0.6442307692307693 0.13942307692307693 0.13701923076923078
0 0.3125 0.7319711538461539 0.16105769230769232 0.17548076923076922
0 0.296875 0.6430288461538461 0.11538461538461539 0.1346153846153846
0 0.30528846153846156 0.5348557692307693 0.125 0.15865384615384615
0 0.3894230769230769 0.42427884615384615 0.10576923076923077 0.10817307692307693
0 0.5108173076923077 0.48677884615384615 0.12259615384615384 0.0985576923076923
0 0.6826923076923077 0.9591346153846154 0.16346153846153846 0.08173076923076923
0 0.48677884615384615 0.9555288461538461 0.19471153846153846 0.0889423076923077