0 0.6237980769230769 0.6971153846153846 0.1971153846153846 0.23076923076923078
0 0.546875 0.5817307692307693 0.15865384615384615 0.18990384615384615
0 0.4098557692307692 0.5408653846153846 0.1346153846153846 0.14903846153846154
0 0.23076923076923078 0.5745192307692307 0.12980769230769232 0.15384615384615385
0 0.12860576923076922 0.6550480769230769 0.15625 0.19230769230769232
0 0.5 0.953125 0.1778846153846154 0.09375
0 0.36538461538461536 0.9302884615384616 0.1971153846153846 0.13942307692307693
0 0.7824519230769231 0.7788461538461539 0.20673076923076922 0.24759615384615385
0 0.15865384615384615 0.5372596153846154 0.13942307692307693 0.15865384615384615
0 0.6574519230769231 0.8846153846153846 0.19471153846153846 0.21153846153846154
0 0.5036057692307693 0.8762019230769231 0.16346153846153846 0.18509615384615385
0 0.19591346153846154 0.9651442307692307 0.18509615384615385 0.06971153846153846
0 0.14182692307692307 0.7860576923076923 0.14182692307692307 0.14903846153846154
0 0.265625 0.7824519230769231 0.15144230769230768 0.1466346153846154
0 0.4326923076923077 0.8076923076923077 0.17307692307692307 0.1875
0 0.3798076923076923 0.7283653846153846 0.125 0.14182692307692307
0 0.3425480769230769 0.6225961538461539 0.1346153846153846 0.16826923076923078
0 0.375 0.4795673076923077 0.11538461538461539 0.11538461538461539
0 0.5192307692307693 0.4879807692307692 0.13221153846153846 0.10817307692307693
0 0.8942307692307693 0.8774038461538461 0.1658653846153846 0.11778846153846154
0 0.6995192307692307 0.9435096153846154 0.19951923076923078 0.0889423076923077