0 0.16466346153846154 0.9579326923076923 0.19951923076923078 0.08413461538461539
0 0.12860576923076922 0.8677884615384616 0.17067307692307693 0.15625
0 0.1045673076923077 0.71875 0.16826923076923078 0.1466346153846154
0 0.17548076923076922 0.609375 0.17307692307692307 0.14903846153846154
0 0.0673076923076923 0.5480769230769231 0.1346153846153846 0.13942307692307693
0 0.0985576923076923 0.44471153846153844 0.18028846153846154 0.14182692307692307
0 0.19831730769230768 0.5132211538461539 0.15625 0.13221153846153846
0 0.3798076923076923 0.49278846153846156 0.21875 0.1778846153846154
0 0.6670673076923077 0.5204326923076923 0.21634615384615385 0.1778846153846154
0 0.8918269230769231 0.5637019230769231 0.21634615384615385 0.19951923076923078
0 0.8858173076923077 0.7235576923076923 0.2283653846153846 0.20192307692307693
0 0.9290865384615384 0.8641826923076923 0.14182692307692307 0.16105769230769232
0 0.7584134615384616 0.8762019230769231 0.24759615384615385 0.20673076923076922
0 0.5300480769230769 0.8713942307692307 0.2548076923076923 0.21394230769230768
0 0.3088942307692308 0.8786057692307693 0.23557692307692307 0.18990384615384615
0 0.23677884615384615 0.7608173076923077 0.19230769230769232 0.1658653846153846
0 0.4254807692307692 0.7439903846153846 0.23076923076923078 0.1971153846153846
0 0.5721153846153846 0.6766826923076923 0.15384615384615385 0.12259615384615384
0 0.9014423076923077 0.4543269230769231 0.1658653846153846 0.13942307692307693
0 0.9567307692307693 0.39302884615384615 0.08413461538461539 0.14182692307692307
0 0.9242788461538461 0.3088942307692308 0.11778846153846154 0.12259615384615384
0 0.8004807692307693 0.3485576923076923 0.13942307692307693 0.125