0 0.09495192307692307 0.9302884615384616 0.18990384615384615 0.13581730769230768
0 0.08052884615384616 0.7992788461538461 0.16105769230769232 0.13221153846153846
0 0.08052884615384616 0.6490384615384616 0.16105769230769232 0.125
0 0.16947115384615385 0.5552884615384616 0.15384615384615385 0.12379807692307693
0 0.06610576923076923 0.47836538461538464 0.13221153846153846 0.1201923076923077
0 0.1201923076923077 0.38221153846153844 0.15985576923076922 0.11538461538461539
0 0.20673076923076922 0.4651442307692308 0.13822115384615385 0.11057692307692307
0 0.3858173076923077 0.47115384615384615 0.1935096153846154 0.1466346153846154
0 0.6598557692307693 0.5444711538461539 0.19110576923076922 0.14783653846153846
0 0.8798076923076923 0.6237980769230769 0.2091346153846154 0.16706730769230768
0 0.8533653846153846 0.7788461538461539 0.22235576923076922 0.16706730769230768
0 0.9014423076923077 0.9302884615384616 0.1971153846153846 0.13942307692307693
0 0.6959134615384616 0.90625 0.21754807692307693 0.17307692307692307
0 0.4735576923076923 0.8629807692307693 0.22716346153846154 0.17668269230769232
0 0.25721153846153844 0.8365384615384616 0.2091346153846154 0.15625
0 0.20673076923076922 0.7103365384615384 0.16947115384615385 0.13822115384615385
0 0.390625 0.7235576923076923 0.20432692307692307 0.16346153846153846
0 0.5432692307692307 0.6802884615384616 0.13581730769230768 0.10216346153846154
0 0.8978365384615384 0.515625 0.1466346153846154 0.11538461538461539
0 0.9639423076923077 0.4651442307692308 0.07211538461538461 0.12980769230769232
0 0.9459134615384616 0.37740384615384615 0.10817307692307693 0.10576923076923077
0 0.8161057692307693 0.39783653846153844 0.12259615384615384 0.1045673076923077