0 0.12620192307692307 0.9459134615384616 0.19951923076923078 0.10817307692307693
0 0.10336538461538461 0.8353365384615384 0.16826923076923078 0.1466346153846154
0 0.09254807692307693 0.6850961538461539 0.16826923076923078 0.13701923076923078
0 0.17548076923076922 0.5829326923076923 0.16346153846153846 0.1346153846153846
0 0.0673076923076923 0.5096153846153846 0.1346153846153846 0.12980769230769232
0 0.11177884615384616 0.4110576923076923 0.17067307692307693 0.12740384615384615
0 0.20673076923076922 0.4891826923076923 0.14903846153846154 0.1201923076923077
0 0.3894230769230769 0.48197115384615385 0.20673076923076922 0.16346153846153846
0 0.6730769230769231 0.5372596153846154 0.20432692307692307 0.16346153846153846
0 0.8930288461538461 0.5985576923076923 0.21394230769230768 0.18269230769230768
0 0.8834134615384616 0.7608173076923077 0.23317307692307693 0.18509615384615385
0 0.9194711538461539 0.9050480769230769 0.16105769230769232 0.14182692307692307
0 0.7331730769230769 0.8978365384615384 0.23317307692307693 0.1875
0 0.5060096153846154 0.8737980769230769 0.24278846153846154 0.19471153846153846
0 0.2848557692307692 0.8617788461538461 0.22355769230769232 0.17307692307692307
0 0.22355769230769232 0.7391826923076923 0.18028846153846154 0.15144230769230768
0 0.41225961538461536 0.7379807692307693 0.21875 0.18028846153846154
0 0.5637019230769231 0.6838942307692307 0.14423076923076922 0.11298076923076923
0 0.9122596153846154 0.49158653846153844 0.15625 0.12740384615384615
0 0.9675480769230769 0.4362980769230769 0.06490384615384616 0.13701923076923078
0 0.9435096153846154 0.3473557692307692 0.10096153846153846 0.11538461538461539
0 0.8221153846153846 0.37740384615384615 0.13221153846153846 0.11538461538461539