2 0.5328125 0.2203125 0.0125 0.03046875
3 0.22578125 0.21015625 0.009375 0.0484375
2 0.67421875 0.234375 0.01875 0.0515625
2 0.66015625 0.23046875 0.015625 0.046875
2 0.48515625 0.26796875 0.0125 0.0546875
3 0.546875 0.3046875 0.0171875 0.0578125
2 0.24375 0.2703125 0.0140625 0.0578125
2 0.57421875 0.3078125 0.015625 0.05546875
2 0.35625 0.61953125 0.0171875 0.090625
2 0.37890625 0.30234375 0.0140625 0.0625
2 0.1953125 0.38203125 0.0171875 0.06875
2 0.3453125 0.36796875 0.0140625 0.0671875
2 0.44140625 0.38984375 0.015625 0.0671875
2 0.7765625 0.3609375 0.0171875 0.06875
2 0.37265625 0.4875 0.0140625 0.075
2 0.7921875 0.328125 0.0140625 0.06875
2 0.61953125 0.4046875 0.0203125 0.06953125
2 0.8203125 0.4265625 0.01875 0.071875
2 0.871875 0.6828125 0.0203125 0.08984375
2 0.5578125 0.64921875 0.0234375 0.0828125
2 0.88984375 0.58203125 0.0171875 0.08125
0 0.4875 0.22890625 0.0046875 0.0109375
2 0.48671875 0.21015625 0.0140625 0.046875