0 0.725 0.55078125 0.0125 0.0125
2 0.1296875 0.26484375 0.0140625 0.046875
2 0.31953125 0.2203125 0.0171875 0.0515625
3 0.09609375 0.209375 0.0140625 0.046875
2 0.509375 0.215625 0.0109375 0.0453125
2 0.47109375 0.234375 0.009375 0.046875
2 0.58125 0.26875 0.015625 0.05625
3 0.46875 0.31484375 0.0125 0.0546875
2 0.60625 0.5375 0.01875 0.0671875
2 0.47734375 0.33984375 0.015625 0.0609375
2 0.6984375 0.3625 0.0140625 0.0671875
2 0.28046875 0.36796875 0.015625 0.0625
2 0.20546875 0.3078125 0.015625 0.0609375
2 0.325 0.31640625 0.0171875 0.0625
2 0.07734375 0.39609375 0.0125 0.065625
2 0.5640625 0.4296875 0.0203125 0.06953125
2 0.2265625 0.5984375 0.01875 0.0875
2 0.39453125 0.36484375 0.015625 0.0609375
2 0.6796875 0.39609375 0.015625 0.071875
2 0.78828125 0.571875 0.0203125 0.07578125
2 0.2984375 0.47265625 0.0171875 0.0765625
2 0.740625 0.41171875 0.0203125 0.071875
2 0.81875 0.596875 0.0359375 0.0703125