3 0.79921875 0.2015625 0.0140625 0.04453125
2 0.50234375 0.2171875 0.009375 0.0421875
2 0.5484375 0.20234375 0.0109375 0.0515625
2 0.403125 0.196875 0.0125 0.04921875
2 0.57421875 0.26640625 0.0109375 0.0515625
3 0.43515625 0.2953125 0.015625 0.0578125
2 0.4453125 0.29453125 0.0125 0.0578125
2 0.37421875 0.228125 0.015625 0.05
2 0.58984375 0.3328125 0.01875 0.065625
2 0.76171875 0.2421875 0.015625 0.053125
2 0.21875 0.3703125 0.0140625 0.06953125
2 0.65390625 0.28515625 0.0125 0.0578125
2 0.18046875 0.40078125 0.0203125 0.071875
2 0.80625 0.35859375 0.0109375 0.0671875
2 0.540625 0.328125 0.015625 0.065625
2 0.421875 0.36640625 0.0125 0.0640625
2 0.240625 0.328125 0.0140625 0.065625
2 0.65078125 0.4421875 0.0171875 0.0734375
2 0.096875 0.55546875 0.0203125 0.078125
2 0.39609375 0.54921875 0.01875 0.1015625
2 0.61796875 0.56796875 0.0265625 0.084375
2 0.07734375 0.63046875 0.021875 0.0859375
0 0.65625 0.31171875 0.00546875 0.0125