3 0.3046875 0.1953125 0.0109375 0.034375
2 0.5703125 0.2328125 0.0109375 0.0421875
2 0.35859375 0.2515625 0.0109375 0.04453125
2 0.37421875 0.31171875 0.0109375 0.053125
0 0.665625 0.63671875 0.0078125 0.0140625
2 0.63828125 0.28046875 0.015625 0.0515625
2 0.69140625 0.62109375 0.0234375 0.0828125
2 0.37265625 0.396875 0.0125 0.04921875
2 0.578125 0.3171875 0.0125 0.0546875
2 0.45546875 0.29609375 0.0125 0.053125
2 0.303125 0.54375 0.01875 0.07578125
2 0.27421875 0.309375 0.0125 0.0578125
2 0.4046875 0.365625 0.0140625 0.059375
2 0.25390625 0.3140625 0.0125 0.05078125
3 0.3734375 0.4453125 0.0140625 0.06953125
2 0.65625 0.315625 0.0125 0.0578125
2 0.22734375 0.3671875 0.0125 0.0640625
2 0.62265625 0.38515625 0.0125 0.065625
2 0.2578125 0.66875 0.0265625 0.0875
2 0.58984375 0.57109375 0.0234375 0.071875
2 0.83046875 0.3328125 0.0140625 0.05546875
2 0.434375 0.8015625 0.0359375 0.09921875
2 0.24765625 0.4796875 0.0140625 0.0703125