3 0.2015625 0.2015625 0.0140625 0.04453125
2 0.49765625 0.2171875 0.009375 0.0421875
2 0.4515625 0.20234375 0.0109375 0.0515625
2 0.59609375 0.196875 0.0125 0.04921875
2 0.42578125 0.26640625 0.0109375 0.0515625
3 0.56484375 0.2953125 0.015625 0.0578125
2 0.5546875 0.29453125 0.0125 0.0578125
2 0.62578125 0.228125 0.015625 0.05
2 0.41015625 0.3328125 0.01875 0.065625
2 0.2375 0.2421875 0.015625 0.053125
2 0.78203125 0.3703125 0.0140625 0.06953125
2 0.3453125 0.28515625 0.0125 0.0578125
2 0.8203125 0.40078125 0.0203125 0.071875
2 0.19375 0.35859375 0.0109375 0.0671875
2 0.46015625 0.328125 0.015625 0.065625
2 0.57734375 0.36640625 0.0125 0.0640625
2 0.75859375 0.328125 0.0140625 0.065625
2 0.35 0.4421875 0.0171875 0.0734375
2 0.903125 0.55546875 0.0203125 0.078125
2 0.6046875 0.54921875 0.01875 0.1015625
2 0.38125 0.56796875 0.0265625 0.084375
2 0.9234375 0.63046875 0.021875 0.0859375
0 0.34375 0.31171875 0.00546875 0.0125