2 0.65625 0.26328125 0.009375 0.0375
3 0.3171875 0.24921875 0.01171875 0.040625
2 0.7515625 0.40546875 0.0125 0.0421875
1 0.01796875 0.38203125 0.0109375 0.046875
2 0.5609375 0.3296875 0.009375 0.0453125
2 0.68125 0.3046875 0.009375 0.03984375
2 0.3453125 0.33671875 0.0171875 0.0421875
2 0.59375 0.34765625 0.0078125 0.0515625
2 0.71796875 0.3734375 0.0125 0.05078125
2 0.42265625 0.28125 0.0140625 0.0359375
2 0.7078125 0.37890625 0.0140625 0.05
2 0.75078125 0.440625 0.0125 0.05
3 0.4609375 0.3734375 0.0140625 0.0484375
2 0.4765625 0.371875 0.0109375 0.04375
2 0.6015625 0.384375 0.0109375 0.0453125
2 0.74140625 0.475 0.015625 0.0625
2 0.509375 0.6671875 0.0140625 0.08046875
3 0.93046875 0.78203125 0.025 0.09375
2 0.59609375 0.4671875 0.0109375 0.05546875
2 0.83359375 0.74453125 0.01875 0.0796875
2 0.80546875 0.609375 0.021875 0.06484375
2 0.24765625 0.4328125 0.01875 0.05625
2 0.5640625 0.528125 0.01875 0.0640625
2 0.3578125 0.4203125 0.0203125 0.053125
0 0.3546875 0.3515625 0.0046875 0.009375