0 0.54609375 0.6296875 0.009375 0.015625
3 0.3609375 0.1890625 0.009375 0.03984375
2 0.66484375 0.3015625 0.0171875 0.0515625
2 0.575 0.26015625 0.0109375 0.0453125
2 0.35546875 0.3625 0.0171875 0.046875
2 0.6390625 0.4 0.0140625 0.06484375
2 0.33359375 0.28046875 0.0125 0.046875
2 0.5359375 0.60703125 0.0234375 0.0828125
2 0.640625 0.4578125 0.015625 0.071875
2 0.30546875 0.3578125 0.0140625 0.0625
2 0.43046875 0.7359375 0.025 0.0828125
2 0.4390625 0.33828125 0.015625 0.059375
2 0.3953125 0.75546875 0.025 0.090625
2 0.4546875 0.61484375 0.0203125 0.0875
2 0.68203125 0.36015625 0.0125 0.0640625
2 0.28515625 0.365625 0.015625 0.0625
2 0.8921875 0.3921875 0.015625 0.0625
3 0.37421875 0.47109375 0.015625 0.071875
2 0.50859375 0.42734375 0.0171875 0.06875
2 0.4109375 0.496875 0.021875 0.06953125
2 0.84609375 0.671875 0.0234375 0.0953125
2 0.25625 0.44140625 0.0265625 0.0734375
2 0.6328125 0.6515625 0.0203125 0.084375