2 0.728125 0.2796875 0.0234375 0.05
3 0.7296875 0.1984375 0.01640625 0.0390625
2 0.42734375 0.2 0.0109375 0.0421875
2 0.47109375 0.23671875 0.009375 0.0375
2 0.73671875 0.290625 0.0171875 0.0546875
2 0.38515625 0.2375 0.0140625 0.0453125
2 0.546875 0.2203125 0.009375 0.040625
2 0.471875 0.2703125 0.015625 0.05078125
2 0.62734375 0.378125 0.0265625 0.059375
2 0.5953125 0.2921875 0.0125 0.05078125
3 0.546875 0.41015625 0.0109375 0.0625
2 0.6234375 0.253125 0.0109375 0.0484375
2 0.4421875 0.27265625 0.0109375 0.053125
2 0.78828125 0.39375 0.015625 0.06015625
2 0.27421875 0.28515625 0.0109375 0.053125
2 0.7046875 0.37578125 0.0140625 0.0609375
2 0.70234375 0.25390625 0.0203125 0.05
2 0.3640625 0.3328125 0.0125 0.059375
2 0.81796875 0.5234375 0.01875 0.0703125
2 0.76875 0.43046875 0.0171875 0.06875
2 0.82890625 0.6953125 0.021875 0.09453125
2 0.2078125 0.525 0.0203125 0.08046875
0 0.38984375 0.2546875 0.00625 0.0125