2 0.475 0.24296875 0.0109375 0.040625
2 0.48203125 0.26015625 0.0078125 0.040625
2 0.5953125 0.30546875 0.009375 0.040625
3 0.19296875 0.22734375 0.009375 0.0375
3 0.55859375 0.33515625 0.0109375 0.053125
2 0.6453125 0.2734375 0.0125 0.04921875
2 0.3890625 0.33828125 0.009375 0.0578125
2 0.79375 0.4328125 0.01875 0.06875
2 0.428125 0.2953125 0.0109375 0.053125
2 0.59765625 0.3421875 0.0109375 0.053125
2 0.409375 0.34140625 0.009375 0.0546875
2 0.62890625 0.27265625 0.0109375 0.0484375
2 0.746875 0.384375 0.0109375 0.0578125
2 0.07734375 0.38984375 0.009375 0.0625
2 0.21328125 0.28515625 0.0140625 0.0484375
2 0.78828125 0.55625 0.01875 0.071875
2 0.76484375 0.44296875 0.0171875 0.05625
2 0.71015625 0.34765625 0.01875 0.0609375
2 0.5359375 0.42421875 0.021875 0.0609375
2 0.6890625 0.70625 0.0203125 0.084375
2 0.23515625 0.375 0.015625 0.0578125
2 0.21328125 0.56015625 0.01875 0.0796875
0 0.2203125 0.30703125 0.00546875 0.0125