2 0.584375 0.2375 0.0125 0.0421875
0 0.31015625 0.34375 0.00625 0.0109375
3 0.2375 0.215625 0.0125 0.04375
3 0.50546875 0.303125 0.0125 0.053125
2 0.63671875 0.4125 0.0125 0.0609375
2 0.61015625 0.315625 0.0140625 0.05625
2 0.55859375 0.3171875 0.0109375 0.05546875
2 0.33671875 0.3953125 0.0140625 0.0609375
2 0.6140625 0.390625 0.0140625 0.04921875
2 0.8 0.3765625 0.015625 0.065625
2 0.29140625 0.27890625 0.0125 0.0484375
2 0.52109375 0.3796875 0.009375 0.059375
2 0.70390625 0.275 0.0125 0.0484375
2 0.65546875 0.384375 0.0125 0.06015625
2 0.76171875 0.325 0.0125 0.0578125
2 0.1265625 0.396875 0.0125 0.0640625
2 0.43515625 0.41640625 0.01875 0.0640625
2 0.2125 0.590625 0.01875 0.08515625
2 0.8265625 0.4578125 0.0140625 0.07578125
2 0.41484375 0.375 0.0203125 0.0609375
2 0.60390625 0.48671875 0.0171875 0.071875
2 0.8828125 0.634375 0.021875 0.08046875
2 0.57265625 0.70703125 0.01875 0.0875