3 0.3578125 0.24921875 0.00625 0.028125
2 0.5046875 0.2921875 0.009375 0.0421875
2 0.66953125 0.33046875 0.0109375 0.0375
3 0.55546875 0.35703125 0.009375 0.046875
2 0.6890625 0.334375 0.0109375 0.0453125
2 0.61015625 0.4046875 0.009375 0.04921875
2 0.371875 0.684375 0.021875 0.06484375
2 0.72578125 0.38125 0.0109375 0.05078125
2 0.590625 0.39765625 0.0140625 0.05
2 0.45546875 0.42734375 0.0140625 0.053125
2 0.7609375 0.428125 0.0125 0.05625
2 0.71328125 0.3875 0.0109375 0.05078125
3 0.9515625 0.73515625 0.021875 0.078125
2 0.64140625 0.7015625 0.0203125 0.078125
2 0.309375 0.378125 0.0109375 0.05078125
2 0.43828125 0.528125 0.0109375 0.06484375
2 0.4046875 0.44765625 0.0125 0.053125
2 0.628125 0.55546875 0.0171875 0.065625
2 0.0609375 0.48203125 0.0140625 0.05625
2 0.64609375 0.42734375 0.0125 0.053125
2 0.85546875 0.63515625 0.015625 0.0671875
2 0.828125 0.5171875 0.015625 0.0609375
2 0.48828125 0.6046875 0.0171875 0.06953125
2 0.7765625 0.66796875 0.021875 0.071875
0 0.3640625 0.70625 0.00625 0.01171875