2 0.41640625 0.2375 0.0125 0.0421875
0 0.690625 0.34375 0.00625 0.0109375
3 0.76171875 0.215625 0.0125 0.04375
3 0.49453125 0.303125 0.0125 0.053125
2 0.3640625 0.4125 0.0125 0.0609375
2 0.390625 0.315625 0.0140625 0.05625
2 0.4421875 0.3171875 0.0109375 0.05546875
2 0.6640625 0.3953125 0.0140625 0.0609375
2 0.38671875 0.390625 0.0140625 0.04921875
2 0.20078125 0.3765625 0.015625 0.065625
2 0.70859375 0.27890625 0.0125 0.0484375
2 0.478125 0.3796875 0.009375 0.059375
2 0.29609375 0.275 0.0125 0.0484375
2 0.34375 0.384375 0.0125 0.06015625
2 0.2390625 0.325 0.0125 0.0578125
2 0.8734375 0.396875 0.0125 0.0640625
2 0.565625 0.41640625 0.01875 0.0640625
2 0.7875 0.590625 0.01875 0.08515625
2 0.17265625 0.4578125 0.0140625 0.07578125
2 0.5859375 0.375 0.0203125 0.0609375
2 0.39609375 0.48671875 0.0171875 0.071875
2 0.1171875 0.634375 0.021875 0.08046875
2 0.42734375 0.70703125 0.01875 0.0875