3 0.415625 0.25703125 0.0078125 0.0296875
2 0.2296875 0.41328125 0.015625 0.0578125
2 0.16875 0.478125 0.01640625 0.040625
2 0.47578125 0.37734375 0.0125 0.0421875
1 0.153125 0.3796875 0.015625 0.04140625
2 0.3140625 0.371875 0.0171875 0.0390625
2 0.48671875 0.33125 0.0140625 0.03984375
2 0.328125 0.4125 0.0125 0.046875
3 0.33203125 0.4625 0.009375 0.0515625
2 0.59609375 0.36796875 0.0125 0.053125
2 0.215625 0.440625 0.0125 0.0484375
2 0.859375 0.47109375 0.0125 0.0515625
2 0.4734375 0.4859375 0.0109375 0.05546875
2 0.8296875 0.428125 0.0125 0.0515625
3 0.9375 0.8171875 0.0171875 0.084375
2 0.39453125 0.428125 0.0140625 0.04375
2 0.50625 0.42734375 0.0171875 0.05
2 0.790625 0.48515625 0.0109375 0.053125
2 0.61015625 0.575 0.0140625 0.059375
2 0.58515625 0.46953125 0.0171875 0.053125
2 0.75 0.471875 0.015625 0.053125
2 0.80859375 0.58984375 0.015625 0.0671875
0 0.17890625 0.49921875 0.0046875 0.009375
2 0.16875 0.46875 0.0234375 0.04140625