2 0.34296875 0.26328125 0.009375 0.0375
3 0.684375 0.24921875 0.01171875 0.040625
2 0.2484375 0.40546875 0.0125 0.0421875
1 0.98203125 0.38203125 0.0109375 0.046875
2 0.43984375 0.3296875 0.009375 0.0453125
2 0.31953125 0.3046875 0.009375 0.03984375
2 0.65546875 0.33671875 0.0171875 0.0421875
2 0.40625 0.34765625 0.0078125 0.0515625
2 0.2828125 0.3734375 0.0125 0.05078125
2 0.578125 0.28125 0.0140625 0.0359375
2 0.29296875 0.37890625 0.0140625 0.05
2 0.2484375 0.440625 0.0125 0.05
3 0.5390625 0.3734375 0.0140625 0.0484375
2 0.52421875 0.371875 0.0109375 0.04375
2 0.39921875 0.384375 0.0109375 0.0453125
2 0.259375 0.475 0.015625 0.0625
2 0.49140625 0.6671875 0.0140625 0.08046875
3 0.0703125 0.78203125 0.025 0.09375
2 0.403125 0.4671875 0.0109375 0.05546875
2 0.1671875 0.74453125 0.01875 0.0796875
2 0.1953125 0.609375 0.021875 0.06484375
2 0.753125 0.4328125 0.01875 0.05625
2 0.43671875 0.528125 0.01875 0.0640625
2 0.64140625 0.4203125 0.0203125 0.053125
0 0.6453125 0.3515625 0.0046875 0.009375