3 0.6078125 0.24296875 0.0109375 0.03125
0 0.8796875 0.5046875 0.00625 0.01015625
2 0.49921875 0.390625 0.01875 0.04453125
2 0.81171875 0.42109375 0.01875 0.0546875
2 0.140625 0.45546875 0.0140625 0.059375
2 0.834375 0.47109375 0.025 0.053125
2 0.6859375 0.4078125 0.0171875 0.04921875
2 0.16328125 0.6328125 0.015625 0.07421875
2 0.446875 0.31953125 0.015625 0.0359375
2 0.67109375 0.3484375 0.01875 0.0390625
2 0.26640625 0.4109375 0.0140625 0.0546875
2 0.45625 0.4421875 0.01875 0.053125
2 0.36484375 0.3546875 0.0171875 0.046875
2 0.7984375 0.471875 0.0234375 0.0578125
2 0.51953125 0.45 0.015625 0.05078125
3 0.6328125 0.4859375 0.0234375 0.05546875
2 0.31796875 0.4625 0.0125 0.05625
2 0.4453125 0.515625 0.01875 0.0578125
2 0.34140625 0.60546875 0.0203125 0.0625
2 0.290625 0.490625 0.0171875 0.06015625
2 0.80625 0.5515625 0.0171875 0.065625
2 0.825 0.56875 0.0203125 0.06484375
2 0.33515625 0.53359375 0.021875 0.05625