3 0.4078125 0.2203125 0.01171875 0.03671875
2 0.75859375 0.30625 0.009375 0.04453125
2 0.5859375 0.2578125 0.0109375 0.0390625
3 0.621875 0.328125 0.0109375 0.05078125
2 0.61796875 0.37578125 0.015625 0.053125
2 0.74765625 0.328125 0.0109375 0.0515625
2 0.4265625 0.315625 0.0125 0.0484375
2 0.76640625 0.375 0.0109375 0.0578125
2 0.584375 0.403125 0.0125 0.0625
2 0.79453125 0.378125 0.0125 0.0578125
2 0.66015625 0.4375 0.0125 0.06015625
2 0.82578125 0.4171875 0.0109375 0.06484375
2 0.4921875 0.4390625 0.0140625 0.06015625
2 0.88671875 0.52421875 0.015625 0.0703125
2 0.43828125 0.690625 0.015625 0.07578125
2 0.34375 0.43828125 0.0125 0.0609375
2 0.509375 0.55 0.0140625 0.071875
1 0.0671875 0.453125 0.009375 0.0609375
2 0.89609375 0.62578125 0.015625 0.0703125
2 0.43203125 0.5078125 0.0171875 0.0671875
2 0.58125 0.69765625 0.0234375 0.0859375
2 0.659375 0.51953125 0.015625 0.0703125
2 0.77890625 0.659375 0.0203125 0.078125