3 0.64140625 0.24921875 0.00625 0.028125
2 0.4953125 0.2921875 0.009375 0.0421875
2 0.33125 0.33046875 0.0109375 0.0375
3 0.44375 0.35703125 0.009375 0.046875
2 0.31171875 0.334375 0.0109375 0.0453125
2 0.390625 0.4046875 0.009375 0.04921875
2 0.628125 0.684375 0.021875 0.06484375
2 0.275 0.38125 0.0109375 0.05078125
2 0.409375 0.39765625 0.0140625 0.05
2 0.5453125 0.42734375 0.0140625 0.053125
2 0.23984375 0.428125 0.0125 0.05625
2 0.2859375 0.3875 0.0109375 0.05078125
3 0.04921875 0.73515625 0.021875 0.078125
2 0.3578125 0.7015625 0.0203125 0.078125
2 0.69140625 0.378125 0.0109375 0.05078125
2 0.5609375 0.528125 0.0109375 0.06484375
2 0.59453125 0.44765625 0.0125 0.053125
2 0.37265625 0.55546875 0.0171875 0.065625
2 0.93984375 0.48203125 0.0140625 0.05625
2 0.3546875 0.42734375 0.0125 0.053125
2 0.14453125 0.63515625 0.015625 0.0671875
2 0.17265625 0.5171875 0.015625 0.0609375
2 0.5125 0.6046875 0.0171875 0.06953125
2 0.22265625 0.66796875 0.021875 0.071875
0 0.6359375 0.70625 0.00625 0.01171875