2 0.52421875 0.24296875 0.0109375 0.040625
2 0.5171875 0.26015625 0.0078125 0.040625
2 0.40546875 0.30546875 0.009375 0.040625
3 0.8078125 0.22734375 0.009375 0.0375
3 0.4421875 0.33515625 0.0109375 0.053125
2 0.3546875 0.2734375 0.0125 0.04921875
2 0.61015625 0.33828125 0.009375 0.0578125
2 0.20703125 0.4328125 0.01875 0.06875
2 0.57265625 0.2953125 0.0109375 0.053125
2 0.4015625 0.3421875 0.0109375 0.053125
2 0.590625 0.34140625 0.009375 0.0546875
2 0.3703125 0.27265625 0.0109375 0.0484375
2 0.25390625 0.384375 0.0109375 0.0578125
2 0.921875 0.38984375 0.009375 0.0625
2 0.7859375 0.28515625 0.0140625 0.0484375
2 0.21171875 0.55625 0.01875 0.071875
2 0.23515625 0.44296875 0.0171875 0.05625
2 0.290625 0.34765625 0.01875 0.0609375
2 0.46484375 0.42421875 0.021875 0.0609375
2 0.3109375 0.70625 0.0203125 0.084375
2 0.765625 0.375 0.015625 0.0578125
2 0.7875 0.56015625 0.01875 0.0796875
0 0.7796875 0.30703125 0.00546875 0.0125