3 0.584375 0.25703125 0.0078125 0.0296875
2 0.76953125 0.41328125 0.015625 0.0578125
2 0.83125 0.478125 0.01640625 0.040625
2 0.525 0.37734375 0.0125 0.0421875
1 0.846875 0.3796875 0.015625 0.04140625
2 0.68671875 0.371875 0.0171875 0.0390625
2 0.5140625 0.33125 0.0140625 0.03984375
2 0.671875 0.4125 0.0125 0.046875
3 0.66875 0.4625 0.009375 0.0515625
2 0.403125 0.36796875 0.0125 0.053125
2 0.784375 0.440625 0.0125 0.0484375
2 0.14140625 0.47109375 0.0125 0.0515625
2 0.52734375 0.4859375 0.0109375 0.05546875
2 0.17109375 0.428125 0.0125 0.0515625
3 0.06328125 0.8171875 0.0171875 0.084375
2 0.60625 0.428125 0.0140625 0.04375
2 0.49453125 0.42734375 0.0171875 0.05
2 0.21015625 0.48515625 0.0109375 0.053125
2 0.38984375 0.575 0.0140625 0.059375
2 0.415625 0.46953125 0.0171875 0.053125
2 0.25078125 0.471875 0.015625 0.053125
2 0.19140625 0.58984375 0.015625 0.0671875
0 0.8203125 0.49921875 0.0046875 0.009375
2 0.83203125 0.46875 0.0234375 0.04140625