3 0.33359375 0.209375 0.009375 0.0359375
2 0.56171875 0.2171875 0.015625 0.03984375
3 0.58984375 0.309375 0.009375 0.05625
2 0.6921875 0.2671875 0.009375 0.0421875
2 0.6734375 0.2890625 0.009375 0.05078125
2 0.52734375 0.30390625 0.009375 0.0484375
2 0.4625 0.4359375 0.0171875 0.06875
2 0.39453125 0.2921875 0.0171875 0.04921875
2 0.5890625 0.3640625 0.0109375 0.0578125
2 0.759375 0.35 0.0140625 0.0578125
2 0.48359375 0.35546875 0.0125 0.0578125
2 0.4546875 0.496875 0.015625 0.07578125
2 0.43515625 0.3875 0.0125 0.06484375
2 0.72734375 0.31484375 0.0125 0.0546875
2 0.84921875 0.63515625 0.0171875 0.0765625
2 0.8328125 0.603125 0.015625 0.0734375
2 0.49765625 0.6640625 0.01875 0.078125
2 0.846875 0.46171875 0.015625 0.071875
2 0.290625 0.39765625 0.0140625 0.0625
2 0.46640625 0.63828125 0.015625 0.0875
2 0.6484375 0.4578125 0.015625 0.0640625
2 0.78515625 0.36640625 0.0125 0.0625
0 0.40859375 0.31328125 0.00625 0.0140625