2 0.80625 0.5484375 0.0140625 0.040625
2 0.796875 0.546875 0.0171875 0.0390625
2 0.73359375 0.5015625 0.015625 0.0421875
2 0.63203125 0.44765625 0.0078125 0.034375
1 0.81015625 0.45703125 0.015625 0.034375
2 0.64765625 0.428125 0.0078125 0.0375
3 0.5890625 0.48203125 0.015625 0.0375
2 0.70859375 0.4734375 0.0109375 0.0359375
2 0.53046875 0.54453125 0.0109375 0.0453125
2 0.55546875 0.4875 0.0078125 0.03984375
2 0.31015625 0.4484375 0.0078125 0.03984375
2 0.67265625 0.5140625 0.0171875 0.046875
2 0.1671875 0.54375 0.0109375 0.04921875
2 0.56640625 0.5546875 0.0140625 0.04921875
2 0.69765625 0.565625 0.0171875 0.04921875
2 0.4328125 0.5890625 0.009375 0.05078125
2 0.09765625 0.69609375 0.0109375 0.0640625
2 0.1765625 0.575 0.0125 0.05078125
2 0.12890625 0.5515625 0.0109375 0.04921875
2 0.26328125 0.70859375 0.015625 0.05625
2 0.4046875 0.6 0.0140625 0.05078125
2 0.109375 0.7140625 0.021875 0.0671875
3 0.5296875 0.3390625 0.0078125 0.0234375