2 0.3125 0.4875 0.0265625 0.0671875
2 0.30234375 0.4921875 0.025 0.0578125
2 0.890625 0.61015625 0.01875 0.078125
2 0.43203125 0.5484375 0.01875 0.0671875
2 0.6703125 0.3484375 0.0125 0.046875
2 0.76875 0.4359375 0.0203125 0.05546875
2 0.34921875 0.54296875 0.028125 0.0578125
2 0.259375 0.5890625 0.0328125 0.0609375
2 0.3765625 0.634375 0.0171875 0.06953125
2 0.3265625 0.36796875 0.021875 0.046875
2 0.62421875 0.5734375 0.0171875 0.0671875
2 0.28515625 0.57734375 0.0234375 0.059375
2 0.865625 0.63046875 0.0140625 0.078125
2 0.365625 0.315625 0.021875 0.0421875
2 0.84765625 0.45703125 0.0140625 0.0625
2 0.76640625 0.49921875 0.0171875 0.0671875
2 0.440625 0.4609375 0.0203125 0.059375
3 0.50390625 0.409375 0.01875 0.0484375
2 0.6046875 0.5296875 0.021875 0.0625
2 0.5015625 0.5625 0.021875 0.0703125
2 0.77890625 0.675 0.025 0.0671875
3 0.4078125 0.21171875 0.01171875 0.03125
0 0.25546875 0.609375 0.0078125 0.01328125