2 0.75625 0.453125 0.0078125 0.0375
2 0.1359375 0.70703125 0.0171875 0.0359375
2 0.8453125 0.540625 0.0203125 0.025
2 0.7671875 0.43515625 0.00625 0.0375
2 0.7359375 0.46640625 0.009375 0.0421875
2 0.75 0.51953125 0.009375 0.040625
3 0.66171875 0.4875 0.0125 0.040625
2 0.60390625 0.5203125 0.009375 0.04921875
2 0.20703125 0.540625 0.009375 0.04453125
2 0.62734375 0.5078125 0.009375 0.04375
2 0.22265625 0.5671875 0.009375 0.05078125
2 0.17109375 0.5421875 0.009375 0.04921875
2 0.390625 0.44140625 0.009375 0.034375
2 0.16328125 0.6875 0.0171875 0.065625
2 0.5203125 0.55390625 0.0109375 0.0484375
2 0.334375 0.69765625 0.0171875 0.0578125
2 0.9484375 0.5625 0.01328125 0.03984375
0 0.65078125 0.3984375 0.0046875 0.009375
2 0.73125 0.4375 0.0078125 0.034375
2 0.76484375 0.453125 0.0078125 0.04375
1 0.746875 0.440625 0.0125 0.028125
2 0.5921875 0.4453125 0.0109375 0.0359375
2 0.53125 0.5546875 0.0125 0.0515625
3 0.59453125 0.34375 0.0078125 0.03125