2 0.646875 0.41484375 0.009375 0.0421875
2 0.72109375 0.48203125 0.015625 0.05
2 0.646875 0.4515625 0.0125 0.05078125
2 0.434375 0.409375 0.0140625 0.046875
2 0.40390625 0.4078125 0.0125 0.0453125
2 0.32109375 0.58671875 0.0234375 0.05625
3 0.4484375 0.4296875 0.0125 0.04921875
2 0.39140625 0.5125 0.0109375 0.05
3 0.9484375 0.8375 0.03125 0.07421875
1 0.92421875 0.41015625 0.0171875 0.046875
2 0.3203125 0.634375 0.01875 0.06484375
2 0.29140625 0.5015625 0.0125 0.0546875
2 0.47421875 0.54375 0.0140625 0.05625
2 0.68671875 0.56484375 0.0125 0.0609375
2 0.73046875 0.5296875 0.015625 0.059375
2 0.54609375 0.559375 0.0140625 0.0578125
2 0.56171875 0.5609375 0.0125 0.0578125
2 0.45625 0.5609375 0.0203125 0.05546875
2 0.59296875 0.6109375 0.01875 0.0609375
2 0.80859375 0.628125 0.015625 0.05546875
2 0.40859375 0.6359375 0.0203125 0.06484375
2 0.434375 0.62890625 0.0171875 0.0671875
2 0.26640625 0.5703125 0.0171875 0.05546875
0 0.4671875 0.3921875 0.00625 0.01171875
3 0.3125 0.259375 0.0078125 0.03046875