3 0.33203125 0.26328125 0.0078125 0.028125
2 0.59296875 0.37734375 0.009375 0.04375
3 0.94140625 0.9453125 0.0265625 0.0875
3 0.4734375 0.409375 0.0125 0.04453125
2 0.67734375 0.6125 0.0109375 0.0546875
2 0.30390625 0.378125 0.0109375 0.0421875
2 0.65078125 0.51953125 0.0109375 0.05625
2 0.6328125 0.43515625 0.0109375 0.0484375
2 0.25 0.59765625 0.015625 0.0609375
2 0.32578125 0.36171875 0.0125 0.04375
2 0.43125 0.49375 0.0171875 0.05
2 0.690625 0.60703125 0.0109375 0.065625
2 0.48046875 0.46328125 0.0109375 0.053125
2 0.53828125 0.5671875 0.015625 0.0625
2 0.71171875 0.46171875 0.0140625 0.05625
2 0.5109375 0.6 0.015625 0.06015625
2 0.52265625 0.6375 0.01875 0.0625
2 0.28359375 0.48359375 0.0171875 0.05
2 0.4640625 0.5484375 0.0171875 0.0578125
2 0.75859375 0.5875 0.01875 0.0671875
2 0.20703125 0.5484375 0.025 0.046875
2 0.5828125 0.5421875 0.0203125 0.053125
2 0.334375 0.6125 0.01875 0.0625
0 0.30703125 0.39609375 0.0046875 0.009375