1 0.99609375 0.3828125 0.0078125 0.03828125
2 0.58671875 0.340625 0.0125 0.0296875
2 0.5078125 0.340625 0.0109375 0.0375
2 0.65703125 0.3328125 0.009375 0.0390625
2 0.23203125 0.415625 0.009375 0.0421875
2 0.28046875 0.36328125 0.0125 0.0375
3 0.47109375 0.3984375 0.0078125 0.03984375
2 0.421875 0.41328125 0.009375 0.0453125
2 0.3875 0.40234375 0.0125 0.046875
2 0.6546875 0.4015625 0.0125 0.04921875
2 0.221875 0.63828125 0.015625 0.065625
2 0.74609375 0.38828125 0.009375 0.0453125
2 0.16484375 0.5453125 0.0140625 0.06015625
2 0.725 0.5515625 0.0140625 0.053125
2 0.26796875 0.50234375 0.0125 0.0578125
2 0.58671875 0.446875 0.0125 0.0546875
2 0.19765625 0.45625 0.0109375 0.0546875
2 0.55625 0.4421875 0.0125 0.05
2 0.22109375 0.521875 0.015625 0.059375
2 0.8640625 0.503125 0.021875 0.0578125
2 0.68515625 0.63828125 0.0171875 0.0640625
2 0.40234375 0.65625 0.0265625 0.0625
0 0.4390625 0.384375 0.00625 0.0125
3 0.225 0.28515625 0.01171875 0.0390625