2 0.65 0.371875 0.009375 0.03515625
2 0.30390625 0.4015625 0.009375 0.0359375
1 0.81171875 0.36171875 0.009375 0.0328125
2 0.34453125 0.32734375 0.0078125 0.0328125
2 0.25234375 0.41171875 0.009375 0.0421875
2 0.79375 0.371875 0.0109375 0.034375
2 0.259375 0.4453125 0.009375 0.046875
2 0.50234375 0.40078125 0.009375 0.0328125
2 0.3984375 0.36796875 0.00625 0.0328125
2 0.6421875 0.371875 0.0078125 0.0375
2 0.48359375 0.47109375 0.0109375 0.04375
2 0.68359375 0.4515625 0.009375 0.0453125
2 0.5328125 0.74453125 0.0140625 0.0703125
3 0.50546875 0.43125 0.0109375 0.0421875
2 0.38203125 0.478125 0.0109375 0.04453125
2 0.2859375 0.365625 0.0109375 0.0359375
2 0.471875 0.4046875 0.0109375 0.0375
2 0.84375 0.5703125 0.0140625 0.0578125
2 0.2359375 0.5 0.0125 0.053125
2 0.784375 0.5828125 0.0125 0.0546875
2 0.28125 0.61328125 0.0140625 0.059375
2 0.3484375 0.653125 0.0171875 0.0640625
0 0.728125 0.3140625 0.0078125 0.01328125
3 0.246875 0.31640625 0.00859375 0.0328125