2 0.57734375 0.184375 0.015625 0.03671875
2 0.54453125 0.28828125 0.0125 0.0421875
2 0.31640625 0.23203125 0.0125 0.046875
2 0.46953125 0.28984375 0.0203125 0.046875
2 0.37734375 0.3578125 0.0140625 0.05546875
2 0.75546875 0.2359375 0.0203125 0.03984375
2 0.8140625 0.4140625 0.0203125 0.06953125
2 0.77578125 0.265625 0.0109375 0.053125
2 0.7109375 0.21953125 0.009375 0.0453125
2 0.8 0.4296875 0.021875 0.0609375
2 0.275 0.34375 0.0109375 0.05625
2 0.43515625 0.2515625 0.0109375 0.046875
2 0.41484375 0.6203125 0.0234375 0.075
3 0.93515625 0.875 0.04375 0.1015625
2 0.56640625 0.2828125 0.015625 0.046875
2 0.39765625 0.321875 0.0109375 0.053125
2 0.4453125 0.37109375 0.0125 0.053125
3 0.48828125 0.36328125 0.015625 0.0578125
2 0.47265625 0.44375 0.0171875 0.0609375
2 0.35625 0.3984375 0.015625 0.06015625
2 0.60390625 0.553125 0.0296875 0.06953125
2 0.5484375 0.2640625 0.0109375 0.04296875
0 0.56171875 0.284375 0.0046875 0.0078125
3 0.39609375 0.13671875 0.009375 0.03125