2 0.3515625 0.3078125 0.0078125 0.0265625
1 0.8546875 0.425 0.01484375 0.040625
2 0.63125 0.36640625 0.0078125 0.0359375
2 0.29296875 0.4421875 0.0078125 0.040625
2 0.253125 0.375 0.0078125 0.0375
2 0.2609375 0.43046875 0.009375 0.040625
2 0.88828125 0.603125 0.021875 0.053125
2 0.66953125 0.740625 0.0125 0.06484375
2 0.57421875 0.3703125 0.009375 0.03515625
3 0.38671875 0.47265625 0.009375 0.046875
2 0.709375 0.484375 0.0125 0.04921875
2 0.81328125 0.6171875 0.01875 0.0484375
2 0.7578125 0.48515625 0.009375 0.046875
2 0.50234375 0.409375 0.0078125 0.03984375
2 0.34375 0.4375 0.0140625 0.03984375
2 0.60390625 0.51796875 0.021875 0.0453125
2 0.2484375 0.4640625 0.0140625 0.046875
2 0.3390625 0.64140625 0.0140625 0.0640625
2 0.27265625 0.6484375 0.0171875 0.065625
2 0.390625 0.5796875 0.0140625 0.0578125
2 0.5828125 0.51875 0.015625 0.0484375
2 0.646875 0.71484375 0.0203125 0.065625
3 0.2015625 0.85859375 0.025 0.078125
3 0.56015625 0.27421875 0.0078125 0.025
0 0.903125 0.61875 0.00546875 0.01015625