2 0.64921875 0.3078125 0.0078125 0.0265625
1 0.1453125 0.425 0.01484375 0.040625
2 0.36875 0.36640625 0.0078125 0.0359375
2 0.70625 0.4421875 0.0078125 0.040625
2 0.746875 0.375 0.0078125 0.0375
2 0.73828125 0.43046875 0.009375 0.040625
2 0.1109375 0.603125 0.021875 0.053125
2 0.3296875 0.740625 0.0125 0.06484375
2 0.42578125 0.3703125 0.009375 0.03515625
3 0.6125 0.47265625 0.009375 0.046875
2 0.290625 0.484375 0.0125 0.04921875
2 0.18671875 0.6171875 0.01875 0.0484375
2 0.2421875 0.48515625 0.009375 0.046875
2 0.496875 0.409375 0.0078125 0.03984375
2 0.65703125 0.4375 0.0140625 0.03984375
2 0.396875 0.51796875 0.021875 0.0453125
2 0.75234375 0.4640625 0.0140625 0.046875
2 0.6609375 0.64140625 0.0140625 0.0640625
2 0.728125 0.6484375 0.0171875 0.065625
2 0.609375 0.5796875 0.0140625 0.0578125
2 0.41796875 0.51875 0.015625 0.0484375
2 0.35390625 0.71484375 0.0203125 0.065625
3 0.79921875 0.85859375 0.025 0.078125
3 0.43984375 0.27421875 0.0078125 0.025
0 0.096875 0.61875 0.00546875 0.01015625