2 0.78203125 0.3796875 0.021875 0.05390625
2 0.36953125 0.171875 0.009375 0.0375
1 0.92734375 0.31875 0.0109375 0.0484375
2 0.61953125 0.2453125 0.0109375 0.0484375
2 0.7453125 0.42109375 0.0140625 0.0546875
3 0.51796875 0.38828125 0.009375 0.05625
3 0.08671875 0.90078125 0.025 0.103125
2 0.57265625 0.24921875 0.0109375 0.0421875
2 0.8921875 0.61171875 0.01875 0.0734375
2 0.15703125 0.3125 0.0109375 0.053125
2 0.10625 0.36796875 0.009375 0.0625
2 0.5125 0.28984375 0.015625 0.0484375
2 0.8046875 0.325 0.015625 0.05
2 0.77890625 0.41796875 0.0203125 0.053125
2 0.7546875 0.4375 0.0140625 0.06015625
2 0.12734375 0.27421875 0.0109375 0.0484375
2 0.36953125 0.39765625 0.015625 0.0578125
2 0.60390625 0.5640625 0.0140625 0.0671875
2 0.809375 0.58984375 0.0265625 0.0671875
2 0.21484375 0.55703125 0.015625 0.0796875
2 0.3421875 0.36875 0.0109375 0.0609375
2 0.27265625 0.54140625 0.01875 0.075
2 0.53671875 0.5265625 0.0234375 0.0625
3 0.50859375 0.12890625 0.009375 0.03125
0 0.7515625 0.39765625 0.00546875 0.009375