3 0.3765625 0.56953125 0.01015625 0.040625
2 0.28359375 0.46171875 0.0078125 0.0359375
2 0.64765625 0.43046875 0.00625 0.0328125
2 0.36796875 0.60625 0.009375 0.0515625
2 0.38203125 0.4078125 0.00625 0.03046875
1 0.140625 0.5 0.009375 0.03984375
2 0.278125 0.47734375 0.009375 0.040625
2 0.3109375 0.65 0.0203125 0.0515625
2 0.16328125 0.5125 0.0078125 0.040625
2 0.684375 0.4828125 0.009375 0.04375
2 0.4328125 0.50546875 0.009375 0.0421875
2 0.0796875 0.596875 0.009375 0.053125
2 0.6046875 0.4328125 0.009375 0.03515625
2 0.39375 0.46796875 0.009375 0.040625
2 0.4984375 0.51953125 0.009375 0.040625
2 0.3875 0.590625 0.0171875 0.05
2 0.1875 0.740625 0.0140625 0.06484375
2 0.6734375 0.59765625 0.0109375 0.0515625
2 0.3109375 0.55 0.009375 0.04453125
2 0.23671875 0.625 0.0125 0.05078125
3 0.72265625 0.9453125 0.0234375 0.078125
2 0.45390625 0.5921875 0.0125 0.053125
2 0.45859375 0.7171875 0.0203125 0.0609375
0 0.15078125 0.5125 0.0046875 0.0078125
3 0.3203125 0.36484375 0.00625 0.028125