0 0.87421875 0.6609375 0.00625 0.0140625
1 0.89375 0.4296875 0.0109375 0.04453125
3 0.13125 0.365625 0.00625 0.03046875
2 0.315625 0.3703125 0.00625 0.03046875
2 0.24375 0.38125 0.0140625 0.03515625
2 0.69140625 0.428125 0.009375 0.04453125
2 0.5203125 0.378125 0.0078125 0.0328125
2 0.49921875 0.4109375 0.0078125 0.0421875
2 0.57734375 0.47265625 0.0109375 0.0453125
2 0.78359375 0.57578125 0.0109375 0.06875
2 0.1359375 0.484375 0.015625 0.0515625
2 0.34765625 0.43046875 0.009375 0.0453125
2 0.6296875 0.45703125 0.009375 0.0484375
2 0.38828125 0.4484375 0.0109375 0.046875
2 0.1609375 0.45234375 0.009375 0.046875
2 0.90078125 0.56328125 0.0234375 0.065625
2 0.43984375 0.53359375 0.0140625 0.0578125
3 0.43828125 0.48515625 0.0109375 0.053125
2 0.66171875 0.69140625 0.0125 0.071875
2 0.46015625 0.65546875 0.0125 0.0703125
2 0.3625 0.52734375 0.0140625 0.0578125
2 0.0984375 0.521875 0.0125 0.0609375
2 0.2484375 0.63984375 0.0171875 0.078125
2 0.86484375 0.7265625 0.0203125 0.08515625