3 0.38359375 0.2390625 0.0125 0.0609375
2 0.74375 0.3953125 0.01875 0.0828125
2 0.75546875 0.403125 0.021875 0.078125
2 0.4625 0.27734375 0.015625 0.0640625
2 0.515625 0.3671875 0.015625 0.0671875
2 0.49296875 0.39765625 0.0203125 0.0796875
2 0.4265625 0.34296875 0.028125 0.071875
2 0.38203125 0.309375 0.0171875 0.07578125
2 0.8265625 0.3203125 0.0234375 0.0703125
2 0.7953125 0.32578125 0.021875 0.0625
2 0.60625 0.29140625 0.015625 0.075
2 0.4375 0.4 0.021875 0.08515625
2 0.25703125 0.359375 0.01875 0.08046875
2 0.28125 0.36875 0.0171875 0.08984375
2 0.31484375 0.43125 0.0171875 0.08984375
2 0.29609375 0.3234375 0.0203125 0.08046875
3 0.50390625 0.4359375 0.0203125 0.09921875
2 0.7390625 0.47265625 0.0234375 0.1125
2 0.134375 0.459375 0.01875 0.1015625
2 0.89921875 0.47421875 0.025 0.10625
2 0.221875 0.659375 0.025 0.1234375
2 0.74453125 0.65546875 0.0375 0.1234375
0 0.7484375 0.4375 0.0078125 0.0140625