2 0.3765625 0.3703125 0.009375 0.0328125
2 0.36875 0.37421875 0.0078125 0.03125
2 0.559375 0.36328125 0.0109375 0.028125
2 0.58125 0.3625 0.0171875 0.03046875
2 0.4953125 0.3921875 0.0125 0.0375
2 0.6640625 0.38046875 0.0125 0.0328125
2 0.4484375 0.4484375 0.01328125 0.0515625
2 0.53515625 0.38828125 0.0109375 0.040625
2 0.51015625 0.40546875 0.0109375 0.0421875
2 0.16171875 0.60390625 0.01875 0.0671875
1 0.9203125 0.40078125 0.0078125 0.0421875
2 0.23203125 0.47734375 0.0125 0.053125
2 0.26796875 0.421875 0.009375 0.04453125
2 0.709375 0.42578125 0.0109375 0.046875
2 0.29375 0.425 0.0125 0.0453125
2 0.2109375 0.5296875 0.015625 0.0625
2 0.61796875 0.48671875 0.0140625 0.0546875
2 0.771875 0.53515625 0.0171875 0.0671875
2 0.30625 0.740625 0.0234375 0.0875
0 0.64375 0.38046875 0.0046875 0.009375
3 0.6078125 0.346875 0.0078125 0.03515625
3 0.4453125 0.4296875 0.015625 0.04140625