3 0.61640625 0.2390625 0.0125 0.0609375
2 0.25625 0.3953125 0.01875 0.0828125
2 0.24453125 0.403125 0.021875 0.078125
2 0.53671875 0.27734375 0.015625 0.0640625
2 0.48515625 0.3671875 0.015625 0.0671875
2 0.5078125 0.39765625 0.0203125 0.0796875
2 0.57421875 0.34296875 0.028125 0.071875
2 0.61796875 0.309375 0.0171875 0.07578125
2 0.1734375 0.3203125 0.0234375 0.0703125
2 0.20546875 0.32578125 0.021875 0.0625
2 0.39453125 0.29140625 0.015625 0.075
2 0.56171875 0.4 0.021875 0.08515625
2 0.7421875 0.359375 0.01875 0.08046875
2 0.71875 0.36875 0.0171875 0.08984375
2 0.68515625 0.43125 0.0171875 0.08984375
2 0.703125 0.3234375 0.0203125 0.08046875
3 0.4953125 0.4359375 0.0203125 0.09921875
2 0.2609375 0.47265625 0.0234375 0.1125
2 0.86484375 0.459375 0.01875 0.1015625
2 0.10078125 0.47421875 0.025 0.10625
2 0.77890625 0.659375 0.025 0.1234375
2 0.2546875 0.65546875 0.0375 0.1234375
0 0.2515625 0.4375 0.0078125 0.0140625