2 0.41640625 0.41484375 0.00625 0.0421875
2 0.48125 0.34296875 0.0078125 0.0328125
2 0.21796875 0.36015625 0.0140625 0.0375
3 0.0671875 0.9796875 0.021875 0.03984375
2 0.45078125 0.3890625 0.009375 0.046875
3 0.5921875 0.30859375 0.009375 0.0375
2 0.453125 0.3484375 0.0109375 0.0390625
2 0.6109375 0.340625 0.0109375 0.0375
2 0.51875 0.36484375 0.0109375 0.046875
2 0.20625 0.4140625 0.009375 0.053125
2 0.5015625 0.37734375 0.0078125 0.046875
2 0.8109375 0.359375 0.0109375 0.0421875
2 0.24609375 0.34765625 0.009375 0.0421875
2 0.215625 0.41796875 0.0125 0.0546875
2 0.421875 0.42734375 0.0109375 0.0578125
1 0.8828125 0.3578125 0.01875 0.04453125
3 0.5109375 0.4078125 0.0125 0.05546875
2 0.18671875 0.48671875 0.0125 0.065625
2 0.64140625 0.4453125 0.0109375 0.059375
2 0.71953125 0.39296875 0.01875 0.053125
2 0.20546875 0.59140625 0.0203125 0.08125
2 0.7421875 0.4859375 0.0140625 0.06875
2 0.2328125 0.5265625 0.0203125 0.07421875
2 0.3453125 0.72890625 0.025 0.096875
0 0.66171875 0.0734375 0.0046875 0.009375