2 0.5828125 0.41484375 0.00625 0.0421875
2 0.51953125 0.34296875 0.0078125 0.0328125
2 0.78125 0.36015625 0.0140625 0.0375
3 0.9328125 0.9796875 0.021875 0.03984375
2 0.55 0.3890625 0.009375 0.046875
3 0.4078125 0.30859375 0.009375 0.0375
2 0.54765625 0.3484375 0.0109375 0.0390625
2 0.38984375 0.340625 0.0109375 0.0375
2 0.48203125 0.36484375 0.0109375 0.046875
2 0.79375 0.4140625 0.009375 0.053125
2 0.49921875 0.37734375 0.0078125 0.046875
2 0.18828125 0.359375 0.0109375 0.0421875
2 0.75390625 0.34765625 0.009375 0.0421875
2 0.78515625 0.41796875 0.0125 0.0546875
2 0.57734375 0.42734375 0.0109375 0.0578125
1 0.11796875 0.3578125 0.01875 0.04453125
3 0.48984375 0.4078125 0.0125 0.05546875
2 0.81328125 0.48671875 0.0125 0.065625
2 0.35859375 0.4453125 0.0109375 0.059375
2 0.28046875 0.39296875 0.01875 0.053125
2 0.79453125 0.59140625 0.0203125 0.08125
2 0.2578125 0.4859375 0.0140625 0.06875
2 0.76796875 0.5265625 0.0203125 0.07421875
2 0.65390625 0.72890625 0.025 0.096875
0 0.3390625 0.0734375 0.0046875 0.009375