2 0.59921875 0.353125 0.009375 0.0328125
1 0.96640625 0.409375 0.015625 0.05
2 0.3703125 0.346875 0.009375 0.03125
2 0.41953125 0.3390625 0.00625 0.0328125
3 0.17265625 0.3453125 0.00625 0.034375
2 0.4 0.38828125 0.009375 0.046875
2 0.5484375 0.3796875 0.0078125 0.0421875
2 0.5078125 0.40078125 0.009375 0.0421875
2 0.94921875 0.5109375 0.0140625 0.059375
2 0.603125 0.41171875 0.0109375 0.046875
2 0.49375 0.47890625 0.0109375 0.05625
2 0.765625 0.40625 0.0109375 0.0453125
2 0.74765625 0.4140625 0.0125 0.040625
2 0.47578125 0.4671875 0.009375 0.0515625
2 0.1625 0.446875 0.0109375 0.05625
2 0.2609375 0.40078125 0.0109375 0.046875
2 0.14609375 0.4453125 0.0109375 0.05078125
3 0.5171875 0.4296875 0.0125 0.0484375
2 0.64453125 0.51796875 0.021875 0.0609375
2 0.18671875 0.51953125 0.0125 0.0609375
2 0.3703125 0.54609375 0.015625 0.0640625
2 0.34375 0.640625 0.0234375 0.0671875
2 0.80390625 0.8015625 0.025 0.1046875
0 0.85234375 0.4875 0.00625 0.01328125