2 0.62265625 0.3703125 0.009375 0.0328125
2 0.63203125 0.37421875 0.0078125 0.03125
2 0.440625 0.36328125 0.0109375 0.028125
2 0.41875 0.3625 0.0171875 0.03046875
2 0.5046875 0.3921875 0.0125 0.0375
2 0.3359375 0.38046875 0.0125 0.0328125
2 0.553125 0.4484375 0.01328125 0.0515625
2 0.465625 0.38828125 0.0109375 0.040625
2 0.48984375 0.40546875 0.0109375 0.0421875
2 0.8375 0.60390625 0.01875 0.0671875
1 0.0796875 0.40078125 0.0078125 0.0421875
2 0.76796875 0.47734375 0.0125 0.053125
2 0.7328125 0.421875 0.009375 0.04453125
2 0.290625 0.42578125 0.0109375 0.046875
2 0.70546875 0.425 0.0125 0.0453125
2 0.78984375 0.5296875 0.015625 0.0625
2 0.38203125 0.48671875 0.0140625 0.0546875
2 0.228125 0.53515625 0.0171875 0.0671875
2 0.69375 0.740625 0.0234375 0.0875
0 0.35703125 0.38046875 0.0046875 0.009375
3 0.39296875 0.346875 0.0078125 0.03515625
3 0.55390625 0.4296875 0.015625 0.04140625