2 0.53125 0.353125 0.0140625 0.03671875
2 0.54140625 0.29296875 0.0078125 0.034375
2 0.45390625 0.28203125 0.00625 0.0296875
2 0.65390625 0.309375 0.0078125 0.0375
2 0.63125 0.37265625 0.009375 0.0328125
2 0.72578125 0.3921875 0.0140625 0.0453125
2 0.4234375 0.315625 0.0078125 0.040625
2 0.40546875 0.35703125 0.0109375 0.0390625
2 0.52890625 0.428125 0.0109375 0.0453125
2 0.6609375 0.3078125 0.0078125 0.03984375
2 0.584375 0.33828125 0.009375 0.0359375
2 0.29765625 0.4171875 0.009375 0.04921875
3 0.48671875 0.3609375 0.009375 0.0421875
2 0.7421875 0.409375 0.0109375 0.05078125
2 0.740625 0.3375 0.0109375 0.0390625
2 0.33671875 0.3578125 0.0109375 0.04453125
2 0.4515625 0.32734375 0.0125 0.0390625
2 0.3609375 0.34921875 0.0078125 0.040625
2 0.72890625 0.475 0.0109375 0.05625
2 0.45390625 0.396875 0.0125 0.0421875
2 0.5765625 0.51796875 0.015625 0.0578125
3 0.09453125 0.79921875 0.0234375 0.0828125
0 0.515625 0.35546875 0.00625 0.0140625
3 0.7109375 0.2421875 0.0109375 0.03828125