2 0.528125 0.36796875 0.009375 0.0375
2 0.53671875 0.2734375 0.00625 0.03046875
1 0.96796875 0.36328125 0.015625 0.04375
2 0.64765625 0.2875 0.009375 0.034375
2 0.6890625 0.36171875 0.009375 0.0421875
2 0.7265625 0.4671875 0.0109375 0.0453125
2 0.59609375 0.63046875 0.021875 0.0515625
2 0.46484375 0.32578125 0.0078125 0.040625
2 0.3484375 0.3625 0.009375 0.0453125
2 0.221875 0.490625 0.0125 0.05546875
2 0.2859375 0.67109375 0.0171875 0.0671875
2 0.3203125 0.51484375 0.0140625 0.0515625
2 0.61171875 0.2734375 0.0078125 0.034375
2 0.69765625 0.36171875 0.0109375 0.04375
2 0.39609375 0.51015625 0.0140625 0.05
3 0.571875 0.40625 0.009375 0.04453125
2 0.69453125 0.49453125 0.0109375 0.046875
2 0.25859375 0.3015625 0.0078125 0.0375
2 0.21328125 0.70546875 0.0171875 0.06875
2 0.14296875 0.47109375 0.01875 0.053125
0 0.21953125 0.728125 0.00625 0.0140625
2 0.4453125 0.23046875 0.00859375 0.034375
3 0.6390625 0.21484375 0.0078125 0.0328125
2 0.61171875 0.6171875 0.015625 0.0578125