2 0.35859375 0.359375 0.009375 0.0375
2 0.5265625 0.25703125 0.0078125 0.028125
2 0.40546875 0.2625 0.0046875 0.02578125
2 0.42109375 0.24765625 0.00625 0.0265625
2 0.3609375 0.33984375 0.009375 0.0421875
2 0.4953125 0.27734375 0.0078125 0.028125
2 0.69375 0.2609375 0.009375 0.0296875
2 0.61953125 0.28984375 0.00625 0.0328125
2 0.5484375 0.45234375 0.009375 0.04375
2 0.709375 0.35078125 0.009375 0.040625
2 0.54453125 0.34765625 0.009375 0.0359375
1 0.903125 0.33046875 0.0078125 0.0359375
2 0.90234375 0.425 0.0125 0.04375
1 0.08359375 0.3640625 0.0125 0.03984375
2 0.3515625 0.4484375 0.009375 0.04453125
2 0.63046875 0.3296875 0.0125 0.0375
3 0.46640625 0.34453125 0.009375 0.0390625
2 0.42890625 0.41171875 0.009375 0.0453125
2 0.32578125 0.628125 0.01875 0.0578125
2 0.76640625 0.590625 0.0140625 0.0625
0 0.6828125 0.2734375 0.0046875 0.0078125
3 0.38828125 0.228125 0.00625 0.028125
2 0.50078125 0.29609375 0.0109375 0.03125
2 0.359375 0.31875 0.00859375 0.03046875
2 0.60703125 0.2296875 0.00625 0.025