2 0.50546875 0.25703125 0.00625 0.028125
2 0.74453125 0.3734375 0.0078125 0.03984375
2 0.5890625 0.29609375 0.00625 0.03125
2 0.73671875 0.3734375 0.009375 0.0390625
2 0.56171875 0.3765625 0.0078125 0.034375
2 0.71328125 0.3171875 0.00625 0.03046875
2 0.26953125 0.478125 0.0109375 0.046875
1 0.99453125 0.3953125 0.009375 0.0390625
2 0.53203125 0.353125 0.009375 0.0375
2 0.19140625 0.446875 0.009375 0.04453125
2 0.678125 0.31015625 0.0078125 0.0328125
2 0.75859375 0.6078125 0.0140625 0.05546875
2 0.4078125 0.37265625 0.0078125 0.0390625
3 0.03203125 0.66875 0.0203125 0.0625
2 0.43046875 0.5125 0.0109375 0.04921875
3 0.64453125 0.42421875 0.0078125 0.0421875
2 0.38671875 0.5546875 0.0125 0.05078125
2 0.7296875 0.5203125 0.0109375 0.059375
2 0.7109375 0.54453125 0.0109375 0.053125
2 0.30546875 0.31328125 0.0078125 0.0375
2 0.31796875 0.4921875 0.0109375 0.053125
2 0.4109375 0.56796875 0.0125 0.05625
2 0.83828125 0.709375 0.01875 0.06015625
3 0.69453125 0.246875 0.0078125 0.03125
1 0.08046875 0.3703125 0.0140625 0.0390625
0 0.19453125 0.4640625 0.0046875 0.0109375