2 0.5234375 0.3421875 0.009375 0.0421875
1 0.24375 0.3390625 0.0125 0.0375
2 0.51875 0.3359375 0.009375 0.03984375
3 0.8953125 0.2984375 0.0109375 0.03515625
2 0.87578125 0.3859375 0.009375 0.04375
2 0.61171875 0.44609375 0.0140625 0.0421875
2 0.83984375 0.5078125 0.0109375 0.05546875
3 0.57890625 0.39765625 0.009375 0.04375
2 0.4703125 0.38828125 0.0171875 0.0390625
2 0.71640625 0.3546875 0.0078125 0.0359375
2 0.41015625 0.4109375 0.015625 0.0421875
2 0.85 0.403125 0.0109375 0.04453125
2 0.75546875 0.35 0.0078125 0.03984375
2 0.715625 0.403125 0.009375 0.0390625
2 0.45859375 0.36640625 0.0125 0.0421875
2 0.42734375 0.46484375 0.0078125 0.046875
2 0.340625 0.475 0.0109375 0.04453125
2 0.52578125 0.46875 0.0078125 0.03984375
2 0.51171875 0.41640625 0.0125 0.0421875
2 0.81328125 0.51875 0.0109375 0.04921875
2 0.24375 0.61484375 0.0140625 0.0625
2 0.61953125 0.51796875 0.0109375 0.0578125
3 0.11796875 0.6796875 0.0171875 0.075
0 0.609375 0.46640625 0.00546875 0.009375
2 0.5828125 0.3984375 0.0109375 0.0421875