2 0.66953125 0.3078125 0.009375 0.0359375
3 0.065625 0.228125 0.0109375 0.03984375
2 0.53046875 0.2625 0.0078125 0.0328125
0 0.5796875 0.30703125 0.0078125 0.0109375
2 0.440625 0.22109375 0.0109375 0.0328125
2 0.4984375 0.2828125 0.0109375 0.04453125
2 0.371875 0.309375 0.0109375 0.04921875
2 0.521875 0.39765625 0.015625 0.05
2 0.26015625 0.246875 0.009375 0.04453125
1 0.87734375 0.2890625 0.0125 0.05078125
2 0.22109375 0.24453125 0.009375 0.0421875
3 0.48125 0.31328125 0.0109375 0.0484375
2 0.22578125 0.29921875 0.009375 0.0484375
2 0.46328125 0.23046875 0.015625 0.0390625
2 0.540625 0.3046875 0.0140625 0.0484375
2 0.15 0.325 0.0109375 0.046875
2 0.06015625 0.2890625 0.0109375 0.0484375
2 0.421875 0.3453125 0.0171875 0.04921875
2 0.675 0.3390625 0.0125 0.0578125
2 0.23203125 0.3671875 0.0125 0.0578125
2 0.725 0.353125 0.0140625 0.05546875
2 0.2984375 0.33046875 0.01875 0.0453125
2 0.08359375 0.48203125 0.021875 0.065625
2 0.8015625 0.65 0.0296875 0.07421875