2 0.58125 0.2234375 0.009375 0.0421875
2 0.49453125 0.21015625 0.009375 0.028125
2 0.390625 0.25703125 0.00625 0.04375
2 0.478125 0.20859375 0.0078125 0.0375
2 0.57109375 0.2234375 0.0078125 0.0390625
2 0.5875 0.21484375 0.01484375 0.028125
2 0.2890625 0.2328125 0.0078125 0.04453125
3 0.27265625 0.215625 0.009375 0.0375
2 0.26953125 0.28125 0.0078125 0.04453125
2 0.49921875 0.26484375 0.0078125 0.0421875
2 0.453125 0.27578125 0.0078125 0.0453125
2 0.8234375 0.4078125 0.0125 0.059375
2 0.5765625 0.3328125 0.0109375 0.05
2 0.36015625 0.34453125 0.0109375 0.053125
2 0.75703125 0.34375 0.0109375 0.0578125
2 0.21171875 0.47890625 0.0171875 0.0671875
2 0.79609375 0.384375 0.0125 0.0578125
3 0.6328125 0.303125 0.0109375 0.05
2 0.6234375 0.4375 0.015625 0.06015625
2 0.29609375 0.9671875 0.021875 0.0640625
2 0.715625 0.415625 0.015625 0.0625
2 0.671875 0.7265625 0.021875 0.084375
0 0.52109375 0.22109375 0.0046875 0.0109375
2 0.5734375 0.2078125 0.00703125 0.034375