2 0.3140625 0.3859375 0.009375 0.0421875
2 0.31875 0.32109375 0.00625 0.04375
2 0.40625 0.334375 0.0125 0.04453125
2 0.359375 0.35078125 0.0078125 0.040625
2 0.275 0.3375 0.009375 0.0421875
3 0.97890625 0.26953125 0.0109375 0.0421875
2 0.72890625 0.296875 0.009375 0.0421875
2 0.28828125 0.35 0.0109375 0.0484375
2 0.25625 0.3921875 0.0109375 0.05
2 0.34765625 0.36328125 0.009375 0.046875
2 0.4765625 0.31875 0.0125 0.0390625
2 0.609375 0.446875 0.009375 0.0578125
3 0.4078125 0.375 0.0109375 0.0515625
2 0.7453125 0.321875 0.0078125 0.04375
2 0.50234375 0.35546875 0.009375 0.046875
2 0.31875 0.4125 0.0140625 0.053125
2 0.8203125 0.3828125 0.0109375 0.04921875
2 0.61953125 0.4515625 0.0109375 0.06015625
2 0.54140625 0.3828125 0.009375 0.05
1 0.26875 0.29609375 0.0125 0.046875
0 0.4375 0.2984375 0.00546875 0.01015625
2 0.4171875 0.328125 0.015625 0.040625
2 0.39375 0.296875 0.01171875 0.0390625
2 0.384375 0.30078125 0.01328125 0.0359375