2 0.6 0.30703125 0.0109375 0.0390625
1 0.85078125 0.32578125 0.009375 0.0390625
2 0.5921875 0.5109375 0.01875 0.0578125
2 0.196875 0.34140625 0.009375 0.0359375
2 0.7625 0.44375 0.0078125 0.04921875
2 0.31484375 0.3 0.0078125 0.0328125
2 0.18828125 0.35234375 0.0078125 0.0421875
2 0.29765625 0.40703125 0.0140625 0.04375
2 0.6671875 0.31953125 0.0078125 0.0390625
2 0.22265625 0.5953125 0.0140625 0.0609375
3 0.5046875 0.45 0.0171875 0.0421875
2 0.35 0.45546875 0.0109375 0.0546875
2 0.35 0.315625 0.009375 0.0375
2 0.559375 0.5109375 0.0109375 0.04921875
2 0.603125 0.38515625 0.009375 0.0453125
2 0.71171875 0.4078125 0.009375 0.0484375
2 0.65546875 0.61171875 0.0140625 0.0640625
2 0.51640625 0.490625 0.015625 0.04921875
2 0.1828125 0.465625 0.0140625 0.053125
2 0.6984375 0.596875 0.0296875 0.053125
2 0.77734375 0.47421875 0.0125 0.05625
3 0.07265625 0.84921875 0.028125 0.0875
3 0.5734375 0.20546875 0.00859375 0.03125
2 0.59609375 0.49921875 0.021875 0.05
0 0.5640625 0.54375 0.0046875 0.01015625