2 0.47109375 0.36796875 0.009375 0.0375
2 0.4640625 0.2734375 0.00625 0.03046875
1 0.0328125 0.36328125 0.015625 0.04375
2 0.353125 0.2875 0.009375 0.034375
2 0.31171875 0.36171875 0.009375 0.0421875
2 0.27265625 0.4671875 0.0109375 0.0453125
2 0.403125 0.63046875 0.021875 0.0515625
2 0.534375 0.32578125 0.0078125 0.040625
2 0.65234375 0.3625 0.009375 0.0453125
2 0.77734375 0.490625 0.0125 0.05546875
2 0.7140625 0.67109375 0.0171875 0.0671875
2 0.67890625 0.51484375 0.0140625 0.0515625
2 0.38828125 0.2734375 0.0078125 0.034375
2 0.30234375 0.36171875 0.0109375 0.04375
2 0.603125 0.51015625 0.0140625 0.05
3 0.42890625 0.40625 0.009375 0.04453125
2 0.30625 0.49453125 0.0109375 0.046875
2 0.740625 0.3015625 0.0078125 0.0375
2 0.7875 0.70546875 0.0171875 0.06875
2 0.8578125 0.47109375 0.01875 0.053125
0 0.7796875 0.728125 0.00625 0.0140625
2 0.5546875 0.23046875 0.00859375 0.034375
3 0.3609375 0.21484375 0.0078125 0.0328125
2 0.38828125 0.6171875 0.015625 0.0578125