2 0.3109375 0.384375 0.0078125 0.04375
2 0.2609375 0.34609375 0.009375 0.0421875
2 0.15390625 0.41953125 0.0109375 0.0484375
2 0.32109375 0.31875 0.0078125 0.0390625
2 0.38984375 0.30390625 0.009375 0.040625
2 0.1625 0.42578125 0.01875 0.05
2 0.50390625 0.31796875 0.009375 0.0421875
2 0.6234375 0.34375 0.0140625 0.046875
2 0.76484375 0.29453125 0.009375 0.0390625
2 0.4109375 0.2890625 0.0078125 0.0421875
3 0.42109375 0.36875 0.009375 0.04453125
2 0.78671875 0.3109375 0.0125 0.0421875
2 0.63515625 0.36875 0.0109375 0.046875
2 0.68359375 0.4421875 0.015625 0.0578125
2 0.31953125 0.425 0.0125 0.0578125
2 0.86875 0.36484375 0.0109375 0.046875
2 0.69765625 0.45546875 0.0171875 0.059375
1 0.2828125 0.2953125 0.0125 0.04375
2 0.3140625 0.30546875 0.0109375 0.0484375
2 0.3515625 0.325 0.0109375 0.046875
2 0.35234375 0.30390625 0.0109375 0.046875
2 0.3859375 0.2875 0.01015625 0.04375