1 0.8265625 0.31328125 0.0125 0.028125
2 0.44375 0.2734375 0.00625 0.0296875
2 0.2828125 0.3453125 0.00625 0.03125
2 0.6171875 0.33515625 0.009375 0.0375
2 0.30625 0.29921875 0.00625 0.028125
2 0.28046875 0.371875 0.009375 0.0390625
2 0.44609375 0.32578125 0.00625 0.0359375
1 0.01484375 0.39609375 0.0109375 0.0421875
2 0.69609375 0.2765625 0.0078125 0.03046875
2 0.790625 0.384375 0.009375 0.03515625
2 0.5703125 0.41015625 0.009375 0.0390625
2 0.759375 0.37734375 0.009375 0.0421875
2 0.25625 0.55546875 0.0109375 0.0515625
2 0.465625 0.321875 0.009375 0.034375
2 0.2359375 0.6796875 0.0125 0.0578125
3 0.3703125 0.3953125 0.009375 0.0421875
2 0.61796875 0.61328125 0.0203125 0.0609375
2 0.64609375 0.4078125 0.0140625 0.0421875
2 0.25703125 0.4375 0.0078125 0.04921875
2 0.31875 0.5 0.0109375 0.05078125
2 0.54921875 0.5171875 0.0125 0.0515625
2 0.3328125 0.3015625 0.0078125 0.03046875
3 0.3125 0.24296875 0.00625 0.0265625
0 0.7875 0.340625 0.00390625 0.00625