2 0.86328125 0.45078125 0.0109375 0.0390625
1 0.86328125 0.3375 0.0125 0.0359375
2 0.646875 0.3 0.0078125 0.03046875
2 0.66796875 0.4015625 0.0109375 0.04453125
2 0.70234375 0.334375 0.0109375 0.0375
2 0.8296875 0.46015625 0.01484375 0.046875
2 0.72734375 0.45546875 0.01875 0.046875
2 0.3328125 0.31484375 0.009375 0.0359375
2 0.19140625 0.3421875 0.009375 0.0421875
2 0.62421875 0.38984375 0.0109375 0.04375
2 0.33515625 0.39765625 0.009375 0.0375
2 0.4359375 0.490625 0.0140625 0.0421875
2 0.22578125 0.415625 0.0109375 0.046875
2 0.6578125 0.4453125 0.009375 0.0453125
2 0.74609375 0.5078125 0.015625 0.05
3 0.6078125 0.4453125 0.0109375 0.046875
2 0.20546875 0.5359375 0.0140625 0.05078125
2 0.17890625 0.3578125 0.0109375 0.0421875
2 0.74453125 0.44765625 0.0171875 0.046875
2 0.19921875 0.459375 0.015625 0.05546875
2 0.4828125 0.5375 0.0125 0.059375
3 0.0875 0.859375 0.0296875 0.0828125
2 0.37265625 0.2859375 0.0109375 0.0296875
3 0.5875 0.21328125 0.009375 0.0296875
0 0.665625 0.51640625 0.0078125 0.0140625