2 0.4 0.30703125 0.0109375 0.0390625
1 0.1484375 0.32578125 0.009375 0.0390625
2 0.4078125 0.5109375 0.01875 0.0578125
2 0.803125 0.34140625 0.009375 0.0359375
2 0.2375 0.44375 0.0078125 0.04921875
2 0.6859375 0.3 0.0078125 0.0328125
2 0.8125 0.35234375 0.0078125 0.0421875
2 0.7015625 0.40703125 0.0140625 0.04375
2 0.33359375 0.31953125 0.0078125 0.0390625
2 0.778125 0.5953125 0.0140625 0.0609375
3 0.4953125 0.45 0.0171875 0.0421875
2 0.65078125 0.45546875 0.0109375 0.0546875
2 0.65 0.315625 0.009375 0.0375
2 0.44140625 0.5109375 0.0109375 0.04921875
2 0.39765625 0.38515625 0.009375 0.0453125
2 0.28828125 0.4078125 0.009375 0.0484375
2 0.3453125 0.61171875 0.0140625 0.0640625
2 0.484375 0.490625 0.015625 0.04921875
2 0.8171875 0.465625 0.0140625 0.053125
2 0.30078125 0.596875 0.0296875 0.053125
2 0.22265625 0.47421875 0.0125 0.05625
3 0.92734375 0.84921875 0.028125 0.0875
3 0.428125 0.20546875 0.00859375 0.03125
2 0.40390625 0.49921875 0.021875 0.05
0 0.4359375 0.54375 0.0046875 0.01015625