1 0.28125 0.34765625 0.0109375 0.0375
2 0.3609375 0.41328125 0.0140625 0.0359375
2 0.38828125 0.48984375 0.009375 0.0359375
2 0.51328125 0.31953125 0.0078125 0.03125
2 0.79609375 0.4 0.009375 0.0328125
2 0.4953125 0.32734375 0.009375 0.0265625
2 0.68671875 0.4015625 0.0078125 0.034375
2 0.40390625 0.4109375 0.009375 0.0359375
2 0.78046875 0.34921875 0.00625 0.028125
2 0.76953125 0.3875 0.009375 0.034375
2 0.3625 0.45390625 0.015625 0.0375
2 0.84375 0.50625 0.0078125 0.0484375
2 0.253125 0.55078125 0.009375 0.0515625
2 0.6921875 0.4328125 0.009375 0.0375
3 0.48125 0.41484375 0.0078125 0.0359375
2 0.51875 0.4828125 0.0109375 0.04453125
2 0.578125 0.3640625 0.0109375 0.03125
2 0.85234375 0.4203125 0.0109375 0.03984375
2 0.4984375 0.46875 0.015625 0.03984375
3 0.13359375 0.603125 0.0171875 0.0578125
0 0.54765625 0.309375 0.00625 0.0125
2 0.4328125 0.37109375 0.01171875 0.0375
2 0.38828125 0.50859375 0.0203125 0.0234375
3 0.84921875 0.3171875 0.0109375 0.0328125
2 0.8390625 0.496875 0.009375 0.046875