3 0.24765625 0.20859375 0.00625 0.0375
2 0.43046875 0.2234375 0.009375 0.03046875
2 0.31015625 0.22734375 0.0125 0.0484375
2 0.609375 0.221875 0.0078125 0.03515625
2 0.74375 0.3546875 0.015625 0.05625
2 0.49140625 0.2640625 0.0078125 0.0421875
2 0.36171875 0.2640625 0.0078125 0.046875
2 0.6546875 0.27265625 0.009375 0.046875
2 0.60234375 0.26796875 0.009375 0.04375
2 0.4359375 0.2890625 0.0125 0.04921875
3 0.62578125 0.3140625 0.009375 0.04921875
2 0.57109375 0.334375 0.0109375 0.05078125
2 0.271875 0.2703125 0.009375 0.0453125
2 0.33203125 0.353125 0.0125 0.05546875
2 0.5921875 0.4625 0.0125 0.0625
2 0.77734375 0.39453125 0.0109375 0.0609375
2 0.7953125 0.41953125 0.015625 0.0609375
2 0.15703125 0.49921875 0.0140625 0.06875
2 0.578125 0.74140625 0.0203125 0.0828125
2 0.671875 0.42421875 0.0140625 0.0625
2 0.4671875 0.2015625 0.00859375 0.034375
2 0.59375 0.19765625 0.00859375 0.034375