2 0.47734375 0.3421875 0.009375 0.0421875
1 0.75703125 0.3390625 0.0125 0.0375
2 0.48203125 0.3359375 0.009375 0.03984375
3 0.10546875 0.2984375 0.0109375 0.03515625
2 0.125 0.3859375 0.009375 0.04375
2 0.3890625 0.44609375 0.0140625 0.0421875
2 0.1609375 0.5078125 0.0109375 0.05546875
3 0.421875 0.39765625 0.009375 0.04375
2 0.53046875 0.38828125 0.0171875 0.0390625
2 0.284375 0.3546875 0.0078125 0.0359375
2 0.58984375 0.4109375 0.015625 0.0421875
2 0.15 0.403125 0.0109375 0.04453125
2 0.24453125 0.35 0.0078125 0.03984375
2 0.28515625 0.403125 0.009375 0.0390625
2 0.5421875 0.36640625 0.0125 0.0421875
2 0.57265625 0.46484375 0.0078125 0.046875
2 0.659375 0.475 0.0109375 0.04453125
2 0.4734375 0.46875 0.0078125 0.03984375
2 0.4890625 0.41640625 0.0125 0.0421875
2 0.1875 0.51875 0.0109375 0.04921875
2 0.75625 0.61484375 0.0140625 0.0625
2 0.38125 0.51796875 0.0109375 0.0578125
3 0.88203125 0.6796875 0.0171875 0.075
0 0.390625 0.46640625 0.00546875 0.009375
2 0.4171875 0.3984375 0.0109375 0.0421875