3 0.66171875 0.2390625 0.009375 0.0296875
2 0.7671875 0.4046875 0.0109375 0.04453125
2 0.5796875 0.3015625 0.0078125 0.03046875
2 0.4 0.3140625 0.009375 0.0375
2 0.33984375 0.35078125 0.0125 0.0390625
2 0.56875 0.3625 0.009375 0.0375
2 0.76640625 0.49453125 0.0125 0.046875
2 0.32734375 0.290625 0.0078125 0.03125
2 0.378125 0.32421875 0.0125 0.0328125
2 0.45859375 0.290625 0.009375 0.0328125
2 0.30625 0.3328125 0.009375 0.0375
2 0.57734375 0.3390625 0.0125 0.0375
2 0.60703125 0.28125 0.009375 0.03515625
2 0.20546875 0.3625 0.0109375 0.04453125
3 0.3953125 0.36796875 0.0078125 0.0453125
2 0.303125 0.40625 0.0140625 0.04453125
2 0.52421875 0.4890625 0.0125 0.06015625
2 0.77421875 0.45 0.0125 0.0578125
2 0.728125 0.325 0.0109375 0.040625
2 0.64140625 0.40390625 0.009375 0.046875
2 0.22421875 0.4546875 0.009375 0.05546875
2 0.60390625 0.571875 0.01875 0.0625