2 0.44765625 0.284375 0.0109375 0.03984375
3 0.4125 0.321875 0.0125 0.046875
2 0.25625 0.29765625 0.0125 0.0390625
2 0.3703125 0.26484375 0.0109375 0.0328125
2 0.565625 0.275 0.0078125 0.03984375
2 0.35234375 0.328125 0.0078125 0.03984375
2 0.534375 0.25625 0.009375 0.03515625
2 0.31484375 0.3015625 0.009375 0.0421875
2 0.56171875 0.3015625 0.0140625 0.0375
2 0.49921875 0.27265625 0.0109375 0.0375
2 0.47890625 0.2796875 0.009375 0.040625
2 0.2171875 0.309375 0.015625 0.0484375
1 0.878125 0.3015625 0.0109375 0.04453125
3 0.0078125 0.8296875 0.015625 0.09921875
2 0.184375 0.3140625 0.0109375 0.04921875
2 0.72734375 0.2921875 0.0109375 0.04453125
2 0.1796875 0.359375 0.0125 0.05078125
2 0.48125 0.353125 0.0078125 0.053125
2 0.73125 0.35 0.0125 0.05078125
2 0.4078125 0.37734375 0.0140625 0.0578125
2 0.35 0.3984375 0.015625 0.04921875
2 0.6765625 0.45234375 0.0140625 0.065625
3 0.63515625 0.2359375 0.009375 0.0359375
0 0.56640625 0.3171875 0.00625 0.0125
2 0.35390625 0.2703125 0.0109375 0.0390625