3 0.7828125 0.2296875 0.009375 0.046875
2 0.6625 0.28359375 0.0171875 0.040625
2 0.69140625 0.28125 0.0125 0.04453125
2 0.53984375 0.2328125 0.0125 0.0421875
2 0.40078125 0.24453125 0.009375 0.0453125
2 0.6375 0.23984375 0.015625 0.0390625
2 0.4546875 0.26875 0.0140625 0.0484375
2 0.3765625 0.24296875 0.0140625 0.0421875
2 0.23046875 0.4015625 0.01875 0.0625
2 0.64453125 0.28046875 0.0125 0.0484375
2 0.328125 0.296875 0.009375 0.05625
2 0.41953125 0.259375 0.0109375 0.05
3 0.58046875 0.31953125 0.0140625 0.05625
2 0.67265625 0.31484375 0.015625 0.05
2 0.48046875 0.28515625 0.0140625 0.05
2 0.8203125 0.37734375 0.0203125 0.05625
2 0.54453125 0.30234375 0.015625 0.053125
2 0.5625 0.3140625 0.0140625 0.053125
2 0.72578125 0.428125 0.025 0.06875
2 0.74921875 0.44375 0.0234375 0.0671875
2 0.6796875 0.2765625 0.01640625 0.040625
2 0.6703125 0.265625 0.01171875 0.04140625