2 0.55 0.24609375 0.009375 0.0328125
2 0.60390625 0.2859375 0.0078125 0.0390625
2 0.34765625 0.2875 0.0125 0.03984375
2 0.6453125 0.3234375 0.009375 0.04921875
2 0.3984375 0.3171875 0.0125 0.046875
2 0.4875 0.3328125 0.0109375 0.0484375
3 0.525 0.36015625 0.0109375 0.053125
0 0.3625 0.62578125 0.0078125 0.0140625
2 0.76484375 0.43046875 0.0203125 0.053125
2 0.51484375 0.521875 0.0140625 0.05546875
2 0.66953125 0.36328125 0.01875 0.0578125
2 0.29453125 0.4859375 0.0171875 0.06953125
2 0.57578125 0.38828125 0.0140625 0.0625
2 0.08671875 0.54296875 0.0265625 0.075
2 0.284375 0.48203125 0.0140625 0.071875
2 0.46171875 0.66875 0.01875 0.09921875
2 0.5796875 0.4546875 0.0234375 0.0515625
1 0.9484375 0.3296875 0.0171875 0.05078125
2 0.60078125 0.390625 0.015625 0.0578125
2 0.184375 0.34765625 0.015625 0.0546875
2 0.75 0.515625 0.0234375 0.0671875
2 0.72421875 0.5375 0.0203125 0.08046875
3 0.23046875 0.24453125 0.0109375 0.040625