2 0.44609375 0.3453125 0.0125 0.0421875
2 0.81640625 0.34375 0.009375 0.0390625
2 0.33828125 0.28515625 0.015625 0.03125
2 0.78515625 0.31953125 0.009375 0.0453125
2 0.34375 0.3125 0.009375 0.0421875
2 0.815625 0.38359375 0.0109375 0.0578125
2 0.4640625 0.26640625 0.0078125 0.0359375
2 0.44609375 0.3640625 0.0125 0.0609375
2 0.4890625 0.29921875 0.0078125 0.046875
2 0.47421875 0.28046875 0.009375 0.040625
2 0.73046875 0.2953125 0.0078125 0.0390625
2 0.8046875 0.365625 0.0125 0.0609375
1 0.0953125 0.34453125 0.0109375 0.0515625
2 0.50390625 0.30859375 0.0078125 0.0484375
3 0.60859375 0.34921875 0.009375 0.0515625
2 0.62734375 0.38359375 0.0109375 0.05
2 0.8625 0.5359375 0.015625 0.07578125
2 0.12734375 0.41875 0.0125 0.0609375
2 0.7109375 0.3671875 0.0109375 0.05546875
3 0.928125 0.88359375 0.028125 0.1296875
2 0.35234375 0.6 0.0234375 0.1109375
2 0.8453125 0.76328125 0.0234375 0.1125
3 0.36484375 0.2578125 0.009375 0.0390625