2 0.5625 0.4296875 0.009375 0.0421875
2 0.55859375 0.3234375 0.0125 0.040625
2 0.63984375 0.35625 0.0109375 0.0453125
2 0.53203125 0.29296875 0.009375 0.0375
1 0.871875 0.3265625 0.0109375 0.04453125
2 0.5375 0.4 0.015625 0.05625
2 0.64609375 0.4328125 0.015625 0.0515625
2 0.6484375 0.38203125 0.0125 0.0578125
3 0.475 0.3953125 0.0125 0.046875
2 0.2609375 0.3265625 0.0125 0.0453125
2 0.4375 0.37109375 0.0109375 0.0515625
2 0.56640625 0.46953125 0.0140625 0.0546875
2 0.40390625 0.3734375 0.0171875 0.04921875
2 0.65859375 0.44375 0.0109375 0.06015625
2 0.68125 0.4 0.0171875 0.05546875
2 0.471875 0.4578125 0.015625 0.05546875
2 0.56171875 0.52578125 0.015625 0.0640625
2 0.4578125 0.5015625 0.0125 0.05546875
3 0.8796875 0.61875 0.0203125 0.08046875
2 0.240625 0.396875 0.015625 0.053125
2 0.36640625 0.540625 0.0171875 0.0703125
2 0.32578125 0.5265625 0.0265625 0.065625
2 0.17265625 0.5109375 0.021875 0.0671875
3 0.25625 0.25703125 0.009375 0.0296875
0 0.35078125 0.55703125 0.0078125 0.0140625