2 0.3171875 0.2953125 0.009375 0.03984375
2 0.32890625 0.31171875 0.015625 0.0421875
3 0.35546875 0.32265625 0.0078125 0.0484375
2 0.29375 0.31796875 0.0140625 0.04375
2 0.2296875 0.35234375 0.0140625 0.05
2 0.3734375 0.3328125 0.0109375 0.04921875
2 0.41640625 0.29140625 0.0125 0.04375
2 0.2796875 0.34375 0.0125 0.04921875
2 0.65703125 0.353125 0.009375 0.0515625
2 0.33828125 0.3625 0.015625 0.05078125
2 0.53828125 0.29609375 0.0078125 0.0421875
2 0.5078125 0.33984375 0.009375 0.0484375
2 0.21640625 0.36875 0.015625 0.046875
2 0.3953125 0.4265625 0.015625 0.06015625
2 0.759375 0.39375 0.0171875 0.059375
2 0.5734375 0.76953125 0.025 0.103125
2 0.7453125 0.43828125 0.0140625 0.0625
2 0.709375 0.46484375 0.021875 0.0625
2 0.61171875 0.77734375 0.0234375 0.10625
2 0.3796875 0.53984375 0.0265625 0.0734375
2 0.234375 0.46953125 0.0171875 0.0625
2 0.17421875 0.390625 0.0171875 0.053125
3 0.7015625 0.259375 0.0109375 0.0375
2 0.3921875 0.253125 0.009375 0.03984375
0 0.28359375 0.3625 0.0046875 0.0109375