2 0.31953125 0.3375 0.0109375 0.03984375
2 0.57734375 0.29453125 0.009375 0.0375
2 0.34765625 0.38984375 0.0140625 0.0515625
2 0.34609375 0.31015625 0.0109375 0.0359375
2 0.30703125 0.36640625 0.0171875 0.0515625
0 0.73984375 0.58046875 0.0078125 0.0125
2 0.18515625 0.4125 0.015625 0.0578125
2 0.5203125 0.321875 0.0140625 0.04453125
2 0.46875 0.33828125 0.0078125 0.046875
3 0.42421875 0.38984375 0.009375 0.0515625
2 0.19296875 0.440625 0.0109375 0.05625
2 0.15703125 0.4984375 0.021875 0.0578125
2 0.33984375 0.47265625 0.0125 0.059375
2 0.3890625 0.259375 0.0078125 0.03515625
2 0.68046875 0.346875 0.0109375 0.05
2 0.48125 0.47578125 0.0140625 0.06875
2 0.53359375 0.48828125 0.0171875 0.0625
1 0.0265625 0.3421875 0.01875 0.04921875
2 0.83125 0.5203125 0.01875 0.0671875
2 0.46015625 0.55390625 0.0140625 0.0796875
2 0.22265625 0.465625 0.009375 0.0625
2 0.5703125 0.62578125 0.01875 0.0828125
3 0.69609375 0.25390625 0.009375 0.0359375