2 0.44453125 0.28515625 0.0125 0.03125
2 0.453125 0.3 0.009375 0.0328125
2 0.29609375 0.31015625 0.009375 0.0375
1 0.0421875 0.3453125 0.0109375 0.0359375
2 0.26796875 0.36875 0.0109375 0.03984375
2 0.30234375 0.35078125 0.0109375 0.04375
2 0.2796875 0.32578125 0.009375 0.0421875
3 0.41015625 0.3296875 0.0078125 0.0421875
2 0.39375 0.3453125 0.0125 0.04453125
2 0.53515625 0.359375 0.009375 0.046875
2 0.56953125 0.31328125 0.0140625 0.0359375
2 0.671875 0.365625 0.009375 0.05078125
2 0.19296875 0.3875 0.009375 0.046875
2 0.2359375 0.35078125 0.009375 0.0484375
2 0.3734375 0.375 0.009375 0.04921875
2 0.721875 0.40234375 0.0140625 0.0578125
2 0.63515625 0.4375 0.0125 0.05625
2 0.69921875 0.44765625 0.0109375 0.05625
2 0.2109375 0.45703125 0.0140625 0.0578125
2 0.4359375 0.4125 0.0125 0.053125
2 0.35625 0.50546875 0.0171875 0.0609375
2 0.63515625 0.7578125 0.021875 0.10078125
2 0.66484375 0.765625 0.021875 0.103125
3 0.7 0.27890625 0.009375 0.040625
2 0.3046875 0.321875 0.0109375 0.0375