2 0.55625 0.28515625 0.0125 0.03125
2 0.546875 0.3 0.009375 0.0328125
2 0.70390625 0.31015625 0.009375 0.0375
1 0.95859375 0.3453125 0.0109375 0.0359375
2 0.73125 0.36875 0.0109375 0.03984375
2 0.69765625 0.35078125 0.0109375 0.04375
2 0.72109375 0.32578125 0.009375 0.0421875
3 0.58984375 0.3296875 0.0078125 0.0421875
2 0.60703125 0.3453125 0.0125 0.04453125
2 0.46484375 0.359375 0.009375 0.046875
2 0.43125 0.31328125 0.0140625 0.0359375
2 0.32734375 0.365625 0.009375 0.05078125
2 0.8078125 0.3875 0.009375 0.046875
2 0.76484375 0.35078125 0.009375 0.0484375
2 0.62578125 0.375 0.009375 0.04921875
2 0.27890625 0.40234375 0.0140625 0.0578125
2 0.365625 0.4375 0.0125 0.05625
2 0.3015625 0.44765625 0.0109375 0.05625
2 0.7890625 0.45703125 0.0140625 0.0578125
2 0.5640625 0.4125 0.0125 0.053125
2 0.64296875 0.50546875 0.0171875 0.0609375
2 0.36484375 0.7578125 0.021875 0.10078125
2 0.3359375 0.765625 0.021875 0.103125
3 0.3 0.27890625 0.009375 0.040625
2 0.69609375 0.321875 0.0109375 0.0375