2 0.50234375 0.30625 0.0140625 0.0453125
2 0.80234375 0.4296875 0.015625 0.06015625
3 0.7484375 0.225 0.0125 0.04375
2 0.8015625 0.378125 0.0140625 0.04921875
2 0.49140625 0.3265625 0.0125 0.046875
0 0.378125 0.425 0.00625 0.0125
2 0.6484375 0.253125 0.0140625 0.0375
2 0.34921875 0.24921875 0.009375 0.046875
2 0.5453125 0.2375 0.0140625 0.03984375
2 0.47109375 0.290625 0.0109375 0.0515625
2 0.3765625 0.25234375 0.009375 0.0453125
3 0.54765625 0.3390625 0.0140625 0.053125
2 0.7578125 0.29609375 0.0140625 0.0515625
2 0.653125 0.3046875 0.0125 0.0546875
2 0.63828125 0.33515625 0.0140625 0.046875
2 0.33828125 0.2703125 0.0125 0.04921875
2 0.271875 0.31875 0.0140625 0.06015625
2 0.69140625 0.31796875 0.015625 0.0546875
2 0.40390625 0.3328125 0.0140625 0.053125
2 0.5828125 0.34375 0.0171875 0.05546875
2 0.3 0.4390625 0.021875 0.06953125
2 0.7765625 0.525 0.01875 0.071875
2 0.5609375 0.2984375 0.01484375 0.05234375