2 0.73828125 0.30390625 0.009375 0.0390625
2 0.44453125 0.30546875 0.009375 0.0390625
3 0.10703125 0.61328125 0.021875 0.0796875
2 0.47578125 0.284375 0.009375 0.0375
2 0.3765625 0.34375 0.009375 0.0484375
2 0.60234375 0.34765625 0.009375 0.0421875
2 0.14765625 0.32890625 0.0125 0.046875
3 0.51015625 0.384375 0.009375 0.05
2 0.57109375 0.346875 0.0109375 0.046875
2 0.68671875 0.4734375 0.0109375 0.065625
2 0.440625 0.3828125 0.015625 0.053125
2 0.5203125 0.49921875 0.0125 0.0671875
2 0.38359375 0.37578125 0.0125 0.053125
2 0.25546875 0.51953125 0.015625 0.0703125
2 0.37109375 0.5 0.0203125 0.053125
2 0.5859375 0.54375 0.025 0.0671875
2 0.81953125 0.3828125 0.0109375 0.053125
2 0.2734375 0.52734375 0.0125 0.075
2 0.40703125 0.509375 0.0125 0.06875
2 0.56171875 0.53203125 0.0125 0.065625
2 0.31171875 0.4078125 0.0140625 0.05546875
2 0.4421875 0.5390625 0.0203125 0.0703125
2 0.84921875 0.5265625 0.0234375 0.07421875
0 0.36171875 0.28046875 0.0078125 0.0125
3 0.78671875 0.25859375 0.0078125 0.0328125