2 0.55390625 0.3453125 0.0125 0.0421875
2 0.184375 0.34375 0.009375 0.0390625
2 0.66171875 0.28515625 0.015625 0.03125
2 0.2140625 0.31953125 0.009375 0.0453125
2 0.65703125 0.3125 0.009375 0.0421875
2 0.184375 0.38359375 0.0109375 0.0578125
2 0.5359375 0.26640625 0.0078125 0.0359375
2 0.5546875 0.3640625 0.0125 0.0609375
2 0.51015625 0.29921875 0.0078125 0.046875
2 0.5265625 0.28046875 0.009375 0.040625
2 0.26953125 0.2953125 0.0078125 0.0390625
2 0.1953125 0.365625 0.0125 0.0609375
1 0.90546875 0.34453125 0.0109375 0.0515625
2 0.496875 0.30859375 0.0078125 0.0484375
3 0.39140625 0.34921875 0.009375 0.0515625
2 0.3734375 0.38359375 0.0109375 0.05
2 0.13828125 0.5359375 0.015625 0.07578125
2 0.8734375 0.41875 0.0125 0.0609375
2 0.2890625 0.3671875 0.0109375 0.05546875
3 0.07265625 0.88359375 0.028125 0.1296875
2 0.646875 0.6 0.0234375 0.1109375
2 0.15390625 0.76328125 0.0234375 0.1125
3 0.63515625 0.2578125 0.009375 0.0390625