3 0.30625 0.26484375 0.0109375 0.0375
0 0.36171875 0.60625 0.00625 0.0125
2 0.38359375 0.3 0.009375 0.03984375
2 0.66953125 0.32734375 0.009375 0.0484375
2 0.459375 0.3328125 0.0109375 0.046875
2 0.640625 0.30234375 0.0125 0.04375
3 0.990625 0.81171875 0.0171875 0.09375
2 0.496875 0.3390625 0.0125 0.05078125
3 0.571875 0.40625 0.0109375 0.05546875
2 0.84296875 0.68828125 0.015625 0.096875
2 0.69765625 0.3671875 0.0140625 0.05
2 0.68515625 0.37890625 0.0140625 0.0578125
2 0.7390625 0.39765625 0.015625 0.0625
2 0.628125 0.51015625 0.0140625 0.059375
2 0.61015625 0.45234375 0.015625 0.065625
2 0.25078125 0.346875 0.0125 0.053125
2 0.553125 0.4109375 0.0171875 0.06484375
2 0.78671875 0.4890625 0.015625 0.071875
2 0.48515625 0.628125 0.0171875 0.08984375
2 0.0890625 0.5546875 0.0203125 0.078125
2 0.796875 0.77890625 0.028125 0.1078125
2 0.3515625 0.684375 0.021875 0.0890625
2 0.33515625 0.47734375 0.015625 0.0703125
2 0.29375 0.4390625 0.0125 0.0609375