2 0.78515625 0.29765625 0.009375 0.0421875
3 0.38359375 0.2578125 0.0078125 0.0375
2 0.7875 0.334375 0.009375 0.0453125
1 0.15078125 0.35546875 0.0109375 0.0484375
2 0.365625 0.290625 0.0109375 0.0359375
2 0.74609375 0.31640625 0.009375 0.0421875
2 0.54296875 0.3109375 0.009375 0.04375
2 0.365625 0.32578125 0.0078125 0.046875
2 0.55859375 0.3328125 0.0125 0.046875
2 0.5046875 0.27578125 0.0078125 0.0375
2 0.51796875 0.2953125 0.009375 0.0421875
2 0.65 0.41328125 0.009375 0.053125
2 0.84921875 0.41015625 0.0125 0.0578125
2 0.8390625 0.37890625 0.0125 0.059375
3 0.61953125 0.36875 0.0109375 0.05078125
2 0.82578125 0.3828125 0.0140625 0.06015625
2 0.69765625 0.378125 0.0125 0.05546875
2 0.134375 0.4375 0.0109375 0.065625
2 0.434375 0.359375 0.0109375 0.0515625
2 0.86953125 0.56328125 0.0265625 0.0796875
2 0.4671875 0.40859375 0.0109375 0.059375
2 0.9125 0.8171875 0.021875 0.11484375
3 0.96875 0.871875 0.0265625 0.128125
2 0.3859375 0.60390625 0.0203125 0.0875
0 0.14921875 0.3921875 0.00625 0.01171875