2 0.48203125 0.4828125 0.0109375 0.03125
2 0.56015625 0.496875 0.009375 0.046875
1 0.821875 0.4265625 0.0140625 0.04453125
2 0.771875 0.52265625 0.009375 0.053125
2 0.68125 0.46328125 0.009375 0.0484375
2 0.68671875 0.53203125 0.009375 0.053125
2 0.5875 0.41171875 0.0125 0.0421875
2 0.47890625 0.5125 0.021875 0.053125
2 0.7640625 0.5578125 0.0125 0.05078125
2 0.69375 0.57578125 0.0109375 0.059375
2 0.559375 0.42734375 0.0125 0.040625
2 0.725 0.5609375 0.0125 0.03515625
2 0.35546875 0.434375 0.0109375 0.04375
2 0.58046875 0.51953125 0.0109375 0.0484375
2 0.56953125 0.528125 0.015625 0.05078125
3 0.60234375 0.5046875 0.015625 0.05078125
3 0.93671875 0.703125 0.0234375 0.065625
2 0.45703125 0.51484375 0.0125 0.0515625
2 0.7234375 0.64609375 0.0125 0.0625
2 0.3796875 0.5765625 0.015625 0.0671875
2 0.1609375 0.525 0.0125 0.05546875
2 0.33671875 0.58203125 0.0140625 0.0578125
2 0.509375 0.625 0.0203125 0.06015625
3 0.146875 0.3484375 0.00859375 0.034375
0 0.5515625 0.53046875 0.00625 0.0125