2 0.36015625 0.425 0.0125 0.03984375
2 0.43359375 0.365625 0.0078125 0.0296875
2 0.27109375 0.40625 0.0109375 0.034375
2 0.35078125 0.44609375 0.009375 0.0421875
2 0.51953125 0.36640625 0.00625 0.03125
2 0.2984375 0.37265625 0.009375 0.028125
2 0.52578125 0.3875 0.0125 0.0296875
2 0.3984375 0.371875 0.0140625 0.0296875
3 0.08671875 0.89921875 0.021875 0.096875
2 0.7046875 0.39375 0.0078125 0.03984375
2 0.5078125 0.3765625 0.0078125 0.0375
2 0.5078125 0.44765625 0.0125 0.0359375
2 0.2796875 0.61015625 0.0234375 0.0625
2 0.19296875 0.42578125 0.0109375 0.0390625
2 0.62734375 0.5234375 0.0125 0.0546875
2 0.58984375 0.44453125 0.0109375 0.0453125
2 0.80234375 0.55703125 0.01875 0.0515625
2 0.6984375 0.434375 0.0140625 0.040625
2 0.19453125 0.5265625 0.021875 0.0515625
0 0.25859375 0.403125 0.0046875 0.00859375
2 0.265625 0.3859375 0.0140625 0.0390625
3 0.3546875 0.428125 0.0171875 0.0375
3 0.63671875 0.3453125 0.009375 0.0390625