2 0.40703125 0.4140625 0.0125 0.046875
2 0.52890625 0.5921875 0.0140625 0.07578125
0 0.42265625 0.6578125 0.009375 0.0125
2 0.41484375 0.446875 0.0203125 0.053125
2 0.4953125 0.3625 0.0109375 0.05
2 0.63203125 0.35625 0.015625 0.053125
2 0.29375 0.6 0.0171875 0.06484375
2 0.4625 0.40625 0.015625 0.0515625
2 0.57421875 0.3515625 0.009375 0.04921875
2 0.3984375 0.44453125 0.015625 0.0578125
1 0.1140625 0.4421875 0.0140625 0.06015625
2 0.36484375 0.4703125 0.0140625 0.07578125
2 0.49453125 0.4296875 0.009375 0.0578125
3 0.5375 0.45390625 0.0125 0.0578125
2 0.44375 0.50859375 0.0171875 0.0671875
2 0.5921875 0.528125 0.0140625 0.0640625
2 0.8984375 0.41953125 0.0140625 0.059375
2 0.30625 0.50078125 0.025 0.0640625
2 0.51484375 0.6046875 0.021875 0.06484375
2 0.91953125 0.5296875 0.0171875 0.0671875
2 0.7671875 0.52734375 0.0171875 0.065625
2 0.5203125 0.58203125 0.01875 0.06875