0 0.12890625 0.7109375 0.0078125 0.0140625
2 0.2953125 0.45859375 0.009375 0.046875
2 0.159375 0.65078125 0.015625 0.065625
2 0.359375 0.4390625 0.009375 0.0578125
1 0.22109375 0.41640625 0.0125 0.053125
2 0.465625 0.4640625 0.0125 0.053125
2 0.34140625 0.4296875 0.0125 0.05625
2 0.334375 0.53203125 0.0140625 0.05625
2 0.3984375 0.40625 0.0109375 0.05078125
2 0.3046875 0.4609375 0.0140625 0.05546875
2 0.4609375 0.41484375 0.0125 0.0515625
2 0.45390625 0.39375 0.0109375 0.04921875
2 0.37734375 0.46015625 0.0125 0.0546875
3 0.4890625 0.4625 0.0109375 0.0546875
2 0.18125 0.675 0.0265625 0.046875
2 0.38046875 0.5578125 0.0171875 0.06484375
2 0.62734375 0.42734375 0.009375 0.0515625
2 0.15078125 0.7046875 0.0203125 0.075
2 0.3484375 0.6546875 0.01875 0.0671875
2 0.46953125 0.640625 0.015625 0.07578125
2 0.65390625 0.5421875 0.015625 0.0609375
2 0.8359375 0.6546875 0.0171875 0.0828125
2 0.83203125 0.4640625 0.0140625 0.059375