2 0.51875 0.4828125 0.0109375 0.03125
2 0.440625 0.496875 0.009375 0.046875
1 0.17890625 0.4265625 0.0140625 0.04453125
2 0.22890625 0.52265625 0.009375 0.053125
2 0.31953125 0.46328125 0.009375 0.0484375
2 0.3140625 0.53203125 0.009375 0.053125
2 0.41328125 0.41171875 0.0125 0.0421875
2 0.521875 0.5125 0.021875 0.053125
2 0.2359375 0.5578125 0.0125 0.05078125
2 0.30625 0.57578125 0.0109375 0.059375
2 0.44140625 0.42734375 0.0125 0.040625
2 0.27421875 0.5609375 0.0125 0.03515625
2 0.64375 0.434375 0.0109375 0.04375
2 0.4203125 0.51953125 0.0109375 0.0484375
2 0.43125 0.528125 0.015625 0.05078125
3 0.39765625 0.5046875 0.015625 0.05078125
3 0.06328125 0.703125 0.0234375 0.065625
2 0.54375 0.51484375 0.0125 0.0515625
2 0.27734375 0.64609375 0.0125 0.0625
2 0.6203125 0.5765625 0.015625 0.0671875
2 0.83984375 0.525 0.0125 0.05546875
2 0.6625 0.58203125 0.0140625 0.0578125
2 0.48984375 0.625 0.0203125 0.06015625
3 0.853125 0.3484375 0.00859375 0.034375
0 0.4484375 0.53046875 0.00625 0.0125