2 0.43359375 0.4203125 0.0109375 0.040625
2 0.43359375 0.45703125 0.0125 0.0453125
2 0.63359375 0.49765625 0.0203125 0.0625
2 0.29453125 0.35625 0.0109375 0.04375
3 0.5453125 0.5453125 0.02109375 0.06328125
2 0.64765625 0.46796875 0.01875 0.0578125
2 0.6015625 0.4984375 0.015625 0.0578125
2 0.38515625 0.3859375 0.0125 0.04453125
2 0.54609375 0.4 0.0125 0.0453125
2 0.16171875 0.43046875 0.0125 0.0515625
2 0.584375 0.50703125 0.0234375 0.0625
2 0.6765625 0.6875 0.01875 0.07421875
2 0.41015625 0.4828125 0.0125 0.05625
1 0.959375 0.4453125 0.0203125 0.0578125
2 0.32265625 0.534375 0.01875 0.0640625
2 0.68203125 0.503125 0.01875 0.0578125
2 0.38203125 0.590625 0.0125 0.0671875
2 0.66875 0.578125 0.025 0.065625
2 0.82578125 0.8140625 0.034375 0.078125
3 0.1375 0.9375 0.034375 0.103125
2 0.25703125 0.64765625 0.01875 0.078125
2 0.78359375 0.78984375 0.0265625 0.0796875
2 0.85703125 0.671875 0.0265625 0.06953125
3 0.52578125 0.30859375 0.0125 0.0390625
0 0.78984375 0.8078125 0.00625 0.015625