2 0.409375 0.36484375 0.009375 0.034375
2 0.36796875 0.3625 0.0125 0.03828125
2 0.80390625 0.428125 0.0125 0.05
2 0.3875 0.390625 0.009375 0.04375
2 0.64140625 0.36796875 0.015625 0.040625
2 0.85859375 0.45625 0.0125 0.05078125
2 0.5859375 0.453125 0.009375 0.04921875
2 0.78359375 0.653125 0.01875 0.0671875
2 0.784375 0.478125 0.0109375 0.0578125
2 0.70703125 0.5015625 0.015625 0.053125
3 0.44609375 0.48046875 0.0140625 0.053125
2 0.73828125 0.52890625 0.015625 0.0609375
2 0.21953125 0.425 0.015625 0.04921875
2 0.23671875 0.5015625 0.021875 0.0578125
2 0.18046875 0.5796875 0.0171875 0.06015625
2 0.56171875 0.57109375 0.015625 0.0640625
2 0.365625 0.44921875 0.0171875 0.0515625
2 0.68125 0.6671875 0.0203125 0.075
2 0.24765625 0.5640625 0.01875 0.0625
2 0.1859375 0.5 0.0203125 0.059375
2 0.35546875 0.559375 0.01875 0.0625
3 0.3140625 0.3375 0.01015625 0.03671875
0 0.39765625 0.3796875 0.0046875 0.00859375