2 0.6890625 0.38984375 0.0078125 0.0328125
2 0.67265625 0.453125 0.009375 0.046875
1 0.79296875 0.42421875 0.0140625 0.053125
2 0.5546875 0.55703125 0.021875 0.0578125
2 0.55859375 0.6078125 0.0234375 0.053125
2 0.6953125 0.41640625 0.0125 0.0515625
2 0.7375 0.609375 0.015625 0.065625
2 0.49921875 0.4703125 0.0140625 0.05546875
2 0.6546875 0.45625 0.0140625 0.04921875
2 0.5859375 0.4203125 0.0140625 0.046875
2 0.59296875 0.6234375 0.015625 0.06875
2 0.81796875 0.61796875 0.01875 0.065625
2 0.67734375 0.503125 0.015625 0.0625
2 0.29765625 0.734375 0.0265625 0.0703125
3 0.50625 0.52578125 0.015625 0.0625
2 0.57890625 0.64921875 0.0171875 0.0765625
2 0.75859375 0.609375 0.015625 0.0625
2 0.8375 0.503125 0.0140625 0.0625
2 0.28359375 0.70703125 0.0203125 0.0734375
2 0.290625 0.4703125 0.0140625 0.06015625
2 0.47890625 0.6359375 0.0171875 0.07578125
2 0.1328125 0.6109375 0.0265625 0.0734375
0 0.5640625 0.62578125 0.00625 0.0109375
3 0.0203125 0.33359375 0.0125 0.0421875