2 0.31015625 0.38984375 0.0078125 0.0328125
2 0.32734375 0.453125 0.009375 0.046875
1 0.20703125 0.42421875 0.0140625 0.053125
2 0.44453125 0.55703125 0.021875 0.0578125
2 0.44140625 0.6078125 0.0234375 0.053125
2 0.30546875 0.41640625 0.0125 0.0515625
2 0.2625 0.609375 0.015625 0.065625
2 0.5 0.4703125 0.0140625 0.05546875
2 0.3453125 0.45625 0.0140625 0.04921875
2 0.41328125 0.4203125 0.0140625 0.046875
2 0.40703125 0.6234375 0.015625 0.06875
2 0.1828125 0.61796875 0.01875 0.065625
2 0.3234375 0.503125 0.015625 0.0625
2 0.703125 0.734375 0.0265625 0.0703125
3 0.49453125 0.52578125 0.015625 0.0625
2 0.421875 0.64921875 0.0171875 0.0765625
2 0.2421875 0.609375 0.015625 0.0625
2 0.1625 0.503125 0.0140625 0.0625
2 0.7171875 0.70703125 0.0203125 0.0734375
2 0.70859375 0.4703125 0.0140625 0.06015625
2 0.5203125 0.6359375 0.0171875 0.07578125
2 0.86796875 0.6109375 0.0265625 0.0734375
0 0.4359375 0.62578125 0.00625 0.0109375
3 0.97890625 0.33359375 0.0125 0.0421875