2 0.4234375 0.3484375 0.0109375 0.03828125
2 0.51796875 0.36640625 0.009375 0.034375
2 0.40078125 0.365625 0.0109375 0.0359375
2 0.509375 0.365625 0.0109375 0.0359375
2 0.365625 0.3875 0.0125 0.03515625
2 0.7375 0.378125 0.0171875 0.0421875
2 0.46328125 0.38125 0.0125 0.0359375
1 0.96484375 0.4671875 0.0109375 0.0515625
2 0.26171875 0.4046875 0.0140625 0.0375
2 0.5484375 0.4453125 0.009375 0.046875
2 0.41640625 0.43828125 0.0125 0.04375
2 0.3109375 0.41953125 0.0109375 0.04375
2 0.5203125 0.45625 0.0125 0.04453125
2 0.6234375 0.52421875 0.009375 0.053125
3 0.34765625 0.434375 0.015625 0.0453125
2 0.20390625 0.44375 0.0109375 0.046875
2 0.88828125 0.60390625 0.0171875 0.0609375
2 0.39921875 0.61015625 0.0203125 0.0625
2 0.73359375 0.4328125 0.015625 0.04375
3 0.17734375 0.884375 0.025 0.0859375
2 0.24921875 0.63671875 0.0125 0.0640625
2 0.2015625 0.55234375 0.0140625 0.0609375
3 0.6640625 0.33515625 0.0109375 0.034375
0 0.4171875 0.384375 0.00703125 0.01171875
2 0.4171875 0.4234375 0.01171875 0.0421875