2 0.3140625 0.425 0.0171875 0.0375
1 0.2171875 0.446875 0.0171875 0.0328125
2 0.32890625 0.421875 0.0109375 0.04453125
2 0.3171875 0.459375 0.0171875 0.0421875
2 0.44765625 0.41953125 0.0125 0.04375
2 0.2703125 0.45625 0.0203125 0.04453125
2 0.1078125 0.525 0.015625 0.04453125
2 0.45390625 0.45 0.015625 0.046875
3 0.478125 0.471875 0.009375 0.05546875
2 0.14765625 0.5015625 0.0125 0.04921875
2 0.39921875 0.42734375 0.009375 0.040625
2 0.340625 0.46875 0.0203125 0.0484375
2 0.265625 0.50234375 0.0109375 0.0578125
2 0.3671875 0.51328125 0.0140625 0.0578125
2 0.6015625 0.43203125 0.0140625 0.053125
2 0.159375 0.53671875 0.015625 0.0546875
2 0.37265625 0.5859375 0.015625 0.0625
2 0.84140625 0.4859375 0.0109375 0.059375
2 0.29296875 0.55859375 0.0125 0.0703125
2 0.8015625 0.61171875 0.015625 0.071875
2 0.7390625 0.559375 0.0125 0.0625
2 0.51015625 0.61484375 0.0171875 0.0734375
0 0.103125 0.5421875 0.00703125 0.01484375