0 0.6359375 0.49921875 0.009375 0.0125
2 0.209375 0.4734375 0.009375 0.0328125
2 0.41875 0.378125 0.0171875 0.0390625
2 0.38671875 0.3234375 0.0140625 0.0375
2 0.50234375 0.4328125 0.0140625 0.04921875
2 0.2359375 0.425 0.01875 0.04453125
2 0.47734375 0.396875 0.0109375 0.04375
2 0.18828125 0.40625 0.0203125 0.04453125
2 0.21015625 0.50859375 0.0125 0.0609375
3 0.36875 0.48046875 0.0109375 0.0546875
2 0.48828125 0.46875 0.0109375 0.05546875
2 0.67890625 0.4046875 0.009375 0.0484375
2 0.225 0.47109375 0.0140625 0.053125
2 0.52265625 0.46171875 0.0140625 0.053125
2 0.3875 0.4734375 0.0140625 0.05078125
2 0.5390625 0.54375 0.0140625 0.0578125
2 0.4 0.5609375 0.0125 0.0640625
2 0.19609375 0.653125 0.0171875 0.06875
2 0.7078125 0.52265625 0.0171875 0.053125
2 0.540625 0.5953125 0.015625 0.06484375
2 0.328125 0.6984375 0.015625 0.07578125
2 0.640625 0.77421875 0.028125 0.0828125
3 0.628125 0.3109375 0.009375 0.0390625