2 0.60859375 0.66015625 0.0171875 0.021875
2 0.45625 0.4421875 0.0078125 0.03984375
2 0.38828125 0.39921875 0.009375 0.025
2 0.45 0.43671875 0.0078125 0.028125
2 0.60234375 0.66171875 0.0171875 0.025
3 0.34375 0.3890625 0.00703125 0.034375
3 0.81796875 0.890625 0.0140625 0.06953125
2 0.39453125 0.40234375 0.0078125 0.03125
2 0.459375 0.421875 0.01171875 0.03671875
2 0.57734375 0.4125 0.0109375 0.03046875
2 0.59296875 0.4171875 0.0125 0.03046875
2 0.38046875 0.44921875 0.0125 0.0390625
3 0.46875 0.478125 0.0078125 0.04375
2 0.59921875 0.7 0.0171875 0.0640625
1 0.00859375 0.490625 0.009375 0.04453125
2 0.7109375 0.4609375 0.009375 0.04453125
2 0.27578125 0.42578125 0.0109375 0.0375
2 0.4796875 0.44296875 0.009375 0.0375
2 0.2671875 0.49296875 0.009375 0.0453125
2 0.58046875 0.49375 0.009375 0.04453125
2 0.5640625 0.58359375 0.015625 0.05
2 0.74609375 0.5046875 0.0109375 0.046875
2 0.4515625 0.51015625 0.0125 0.0453125
2 0.76484375 0.50390625 0.0125 0.046875
2 0.28125 0.52890625 0.0125 0.046875