2 0.346875 0.578125 0.01328125 0.05078125
2 0.73046875 0.5171875 0.0109375 0.03515625
2 0.52578125 0.4671875 0.009375 0.0421875
2 0.6390625 0.44609375 0.009375 0.0328125
2 0.346875 0.5859375 0.01875 0.05546875
2 0.4234375 0.4 0.0109375 0.0328125
2 0.68671875 0.46328125 0.009375 0.0375
2 0.5015625 0.4390625 0.009375 0.03125
3 0.5140625 0.5140625 0.009375 0.040625
2 0.1953125 0.5203125 0.0109375 0.03984375
2 0.27265625 0.4578125 0.0078125 0.0390625
2 0.67578125 0.484375 0.009375 0.0421875
2 0.72890625 0.5515625 0.0109375 0.0515625
2 0.16171875 0.55703125 0.015625 0.046875
2 0.4015625 0.47421875 0.009375 0.0375
2 0.596875 0.52265625 0.0109375 0.046875
1 0.021875 0.50703125 0.0140625 0.0484375
2 0.309375 0.7375 0.0171875 0.059375
2 0.5203125 0.61875 0.009375 0.04921875
2 0.71640625 0.80703125 0.01875 0.0734375
2 0.2125 0.59453125 0.0140625 0.0484375
2 0.7640625 0.66171875 0.0125 0.05625
3 0.6609375 0.390625 0.0109375 0.03515625
0 0.3546875 0.6109375 0.00546875 0.01015625