3 0.50625 0.49765625 0.0140625 0.046875
2 0.3890625 0.409375 0.01171875 0.0421875
2 0.77421875 0.421875 0.0171875 0.04453125
2 0.72109375 0.3796875 0.0140625 0.0359375
2 0.48984375 0.525 0.0171875 0.0578125
2 0.53828125 0.44140625 0.015625 0.0453125
2 0.475 0.56484375 0.0140625 0.0578125
2 0.3390625 0.553125 0.021875 0.06171875
2 0.66953125 0.4421875 0.0125 0.0453125
2 0.43046875 0.4796875 0.01875 0.0515625
2 0.76484375 0.63203125 0.021875 0.059375
2 0.69453125 0.4734375 0.0109375 0.05
2 0.7640625 0.6875 0.0296875 0.075
2 0.7828125 0.47265625 0.0140625 0.053125
2 0.89765625 0.53203125 0.0125 0.0609375
2 0.37578125 0.540625 0.0140625 0.05625
2 0.2078125 0.53359375 0.0140625 0.059375
2 0.865625 0.5140625 0.015625 0.05546875
2 0.08671875 0.4953125 0.0171875 0.0515625
2 0.246875 0.45546875 0.01875 0.0515625
2 0.56484375 0.5390625 0.0203125 0.0578125
0 0.62734375 0.3796875 0.00625 0.0109375
3 0.30078125 0.346875 0.0078125 0.034375