0 0.14453125 0.5453125 0.0046875 0.01015625
2 0.115625 0.54921875 0.015625 0.03125
2 0.1171875 0.58125 0.015625 0.053125
1 0.13515625 0.3875 0.0125 0.046875
3 0.01484375 0.66796875 0.0234375 0.0703125
2 0.11484375 0.6046875 0.0125 0.06015625
2 0.4171875 0.371875 0.0125 0.0421875
2 0.67421875 0.3765625 0.009375 0.0421875
2 0.34453125 0.3921875 0.009375 0.0484375
2 0.371875 0.4390625 0.0109375 0.046875
2 0.55234375 0.434375 0.009375 0.04921875
2 0.2625 0.540625 0.009375 0.059375
2 0.19453125 0.609375 0.015625 0.0640625
3 0.4390625 0.4875 0.015625 0.053125
2 0.45625 0.5453125 0.0109375 0.06015625
2 0.3203125 0.58515625 0.0140625 0.0671875
2 0.1640625 0.60546875 0.0140625 0.0625
2 0.27109375 0.43984375 0.015625 0.05
2 0.60859375 0.6421875 0.015625 0.07421875
2 0.35546875 0.68125 0.015625 0.07578125
2 0.33515625 0.60078125 0.0140625 0.0640625
2 0.71875 0.6671875 0.0203125 0.07421875
2 0.53515625 0.57578125 0.0125 0.0609375
2 0.83046875 0.52734375 0.0171875 0.0609375
3 0.8140625 0.3 0.0078125 0.0375