2 0.9953125 0.4984375 0.0078125 0.0484375
2 0.53203125 0.64765625 0.0171875 0.046875
2 0.58828125 0.38671875 0.009375 0.034375
3 0.45078125 0.5453125 0.0109375 0.0484375
2 0.346875 0.4546875 0.009375 0.0390625
2 0.72578125 0.5515625 0.025 0.046875
2 0.465625 0.428125 0.009375 0.0359375
2 0.47578125 0.48046875 0.0109375 0.0421875
2 0.53671875 0.475 0.0109375 0.03984375
2 0.72109375 0.44609375 0.0109375 0.0421875
2 0.5203125 0.6671875 0.0203125 0.0546875
2 0.36328125 0.7875 0.015625 0.071875
2 0.825 0.5703125 0.015625 0.053125
2 0.32109375 0.478125 0.0125 0.04453125
2 0.55078125 0.77421875 0.021875 0.06875
3 0.97890625 0.8109375 0.025 0.0734375
2 0.39375 0.5296875 0.0125 0.04921875
2 0.7125 0.6375 0.0171875 0.05546875
2 0.3140625 0.528125 0.0109375 0.0515625
2 0.25546875 0.553125 0.0125 0.05078125
2 0.27734375 0.7265625 0.01875 0.0640625
2 0.4796875 0.7375 0.021875 0.06015625
0 0.5484375 0.79375 0.00625 0.0140625
3 0.3453125 0.36875 0.0078125 0.03125
2 0.34609375 0.43515625 0.0078125 0.0359375