2 0.3125 0.42265625 0.0109375 0.028125
2 0.5234375 0.4421875 0.009375 0.0375
3 0.46328125 0.51171875 0.0109375 0.0421875
2 0.328125 0.4828125 0.009375 0.03515625
2 0.5921875 0.44453125 0.0078125 0.034375
2 0.16875 0.52578125 0.015625 0.046875
2 0.384375 0.4515625 0.009375 0.03515625
2 0.2359375 0.4953125 0.0109375 0.040625
2 0.64453125 0.484375 0.0109375 0.040625
2 0.43515625 0.47734375 0.00625 0.0375
2 0.84609375 0.54765625 0.009375 0.0484375
2 0.60234375 0.5234375 0.0109375 0.03984375
2 0.7484375 0.4890625 0.0109375 0.03984375
2 0.684375 0.54765625 0.009375 0.05
2 0.28671875 0.5046875 0.0109375 0.0390625
2 0.709375 0.625 0.009375 0.0515625
2 0.2734375 0.57734375 0.0078125 0.046875
1 0.03515625 0.5125 0.0109375 0.046875
2 0.15625 0.56875 0.0140625 0.05
2 0.565625 0.59375 0.0125 0.05078125
2 0.50078125 0.625 0.0125 0.05078125
2 0.72578125 0.74140625 0.0140625 0.0640625
3 0.625 0.4046875 0.00859375 0.034375
0 0.175 0.54296875 0.00546875 0.0109375