1 0.003125 0.50390625 0.00625 0.0375
2 0.4078125 0.3921875 0.009375 0.0328125
2 0.625 0.46171875 0.0078125 0.0421875
2 0.53828125 0.49140625 0.0125 0.04375
2 0.5953125 0.5359375 0.0109375 0.04921875
2 0.3125 0.4546875 0.0109375 0.040625
2 0.540625 0.434375 0.009375 0.0375
2 0.66953125 0.484375 0.0125 0.04453125
2 0.6359375 0.4421875 0.0078125 0.0375
2 0.65 0.7796875 0.021875 0.0671875
2 0.52109375 0.4875 0.0078125 0.04375
3 0.5625 0.590625 0.0140625 0.05546875
3 0.03125 0.8203125 0.0234375 0.07578125
2 0.3703125 0.55703125 0.0109375 0.0453125
2 0.153125 0.61953125 0.0140625 0.0578125
2 0.6484375 0.546875 0.0140625 0.0515625
2 0.37734375 0.5859375 0.0109375 0.05078125
2 0.54296875 0.6453125 0.0140625 0.0609375
2 0.70625 0.5578125 0.0125 0.05078125
2 0.4515625 0.7703125 0.0140625 0.0671875
2 0.7125 0.6828125 0.0140625 0.0609375
2 0.48203125 0.64296875 0.0125 0.059375
2 0.509375 0.73671875 0.0140625 0.071875
3 0.615625 0.36796875 0.00859375 0.0328125
0 0.37421875 0.5671875 0.00625 0.01015625