0 0.1890625 0.546875 0.0046875 0.0109375
2 0.38359375 0.40078125 0.00625 0.0328125
2 0.45703125 0.4359375 0.0078125 0.034375
2 0.546875 0.440625 0.009375 0.0375
2 0.440625 0.65234375 0.0125 0.0484375
3 0.53359375 0.5 0.00625 0.04375
2 0.72734375 0.46953125 0.0125 0.0390625
2 0.24453125 0.46328125 0.0109375 0.0421875
1 0.034375 0.49921875 0.0078125 0.046875
2 0.61875 0.43828125 0.0078125 0.0375
2 0.42421875 0.46875 0.0078125 0.0390625
2 0.81953125 0.53203125 0.0140625 0.046875
2 0.2015625 0.51015625 0.0140625 0.0453125
2 0.68046875 0.475 0.009375 0.0421875
2 0.3015625 0.56875 0.0203125 0.03984375
2 0.3109375 0.5078125 0.009375 0.04453125
2 0.7625 0.77578125 0.015625 0.06875
2 0.73671875 0.62265625 0.0125 0.053125
2 0.3484375 0.515625 0.009375 0.04453125
2 0.55390625 0.58828125 0.009375 0.05
2 0.1453125 0.5625 0.009375 0.05
2 0.625 0.5140625 0.0140625 0.046875
2 0.71953125 0.5421875 0.0078125 0.05
3 0.6578125 0.3890625 0.00859375 0.034375