1 0.12109375 0.3453125 0.0140625 0.0484375
2 0.48515625 0.253125 0.009375 0.05390625
2 0.1625 0.334375 0.015625 0.0515625
2 0.42265625 0.221875 0.0140625 0.0546875
2 0.478125 0.2234375 0.0125 0.0484375
2 0.47890625 0.265625 0.0125 0.053125
2 0.11328125 0.37734375 0.0125 0.059375
2 0.4484375 0.234375 0.0140625 0.05078125
2 0.27734375 0.31015625 0.0109375 0.0484375
2 0.59453125 0.31171875 0.0109375 0.0625
2 0.6125 0.2296875 0.009375 0.05078125
3 0.5390625 0.27578125 0.021875 0.059375
2 0.4078125 0.3296875 0.0109375 0.0515625
2 0.4546875 0.28203125 0.0125 0.0609375
2 0.15703125 0.38046875 0.015625 0.065625
2 0.296875 0.303125 0.0125 0.0578125
2 0.209375 0.39921875 0.0125 0.0625
2 0.25859375 0.3234375 0.015625 0.0671875
2 0.7953125 0.33984375 0.0125 0.071875
2 0.83203125 0.3546875 0.021875 0.06953125
2 0.5359375 0.4703125 0.0171875 0.0765625
2 0.91484375 0.290625 0.01875 0.0671875