2 0.44296875 0.28828125 0.009375 0.034375
2 0.64609375 0.27109375 0.0109375 0.0328125
2 0.28515625 0.296875 0.009375 0.0375
2 0.2484375 0.28203125 0.009375 0.0375
2 0.21171875 0.30546875 0.0109375 0.04375
2 0.34296875 0.328125 0.0109375 0.04453125
2 0.8 0.3734375 0.009375 0.0453125
2 0.12734375 0.4171875 0.0109375 0.05546875
2 0.83125 0.340625 0.009375 0.04453125
2 0.2390625 0.3671875 0.0109375 0.04375
2 0.31015625 0.44375 0.0109375 0.05546875
2 0.18125 0.3359375 0.0125 0.0453125
2 0.6625 0.4 0.01484375 0.04453125
2 0.3296875 0.3828125 0.0140625 0.05078125
3 0.48125 0.37578125 0.009375 0.0484375
1 0.9046875 0.39375 0.015625 0.0484375
2 0.10859375 0.5578125 0.01875 0.0625
2 0.14609375 0.61875 0.015625 0.07421875
2 0.184375 0.478125 0.0140625 0.0609375
2 0.4609375 0.5703125 0.0203125 0.06484375
2 0.52734375 0.7453125 0.025 0.07578125
0 0.6484375 0.4203125 0.00625 0.01171875
3 0.68515625 0.2296875 0.0078125 0.03125
2 0.390625 0.23515625 0.01171875 0.03125