2 0.59609375 0.178125 0.0109375 0.03984375
3 0.990625 0.9765625 0.0140625 0.04453125
2 0.34921875 0.45625 0.01875 0.071875
2 0.375 0.34296875 0.0140625 0.0578125
2 0.39375 0.290625 0.015625 0.0515625
2 0.71328125 0.3546875 0.0140625 0.0578125
2 0.57734375 0.23984375 0.0078125 0.046875
2 0.34296875 0.40234375 0.015625 0.0625
2 0.78203125 0.2828125 0.015625 0.05
3 0.475 0.434375 0.0125 0.06875
2 0.27421875 0.55546875 0.01875 0.078125
2 0.4640625 0.3515625 0.0109375 0.05546875
2 0.6328125 0.446875 0.01875 0.0734375
2 0.3171875 0.43515625 0.0140625 0.0640625
2 0.634375 0.375 0.0140625 0.06015625
2 0.5140625 0.315625 0.0109375 0.0546875
2 0.80625 0.4796875 0.0171875 0.0765625
2 0.44609375 0.3703125 0.0140625 0.065625
2 0.5078125 0.56875 0.015625 0.078125
2 0.3921875 0.5125 0.0171875 0.071875
2 0.428125 0.8921875 0.0203125 0.1203125
2 0.3953125 0.2734375 0.0109375 0.04921875
3 0.47265625 0.159375 0.009375 0.040625
0 0.7453125 0.3140625 0.00546875 0.0109375