2 0.6796875 0.21796875 0.0125 0.053125
0 0.19453125 0.31875 0.00625 0.01015625
3 0.5875 0.07734375 0.009375 0.0453125
2 0.60390625 0.371875 0.015625 0.07265625
2 0.465625 0.08984375 0.0109375 0.0453125
2 0.84453125 0.62578125 0.0265625 0.0921875
2 0.6796875 0.234375 0.0109375 0.0640625
2 0.52265625 0.2421875 0.0109375 0.0625
3 0.60625 0.3875 0.0140625 0.0734375
2 0.43046875 0.175 0.009375 0.053125
2 0.18046875 0.2875 0.01875 0.06484375
2 0.5640625 0.303125 0.0171875 0.05625
2 0.84140625 0.58203125 0.0265625 0.0828125
2 0.728125 0.32578125 0.0140625 0.0671875
2 0.46015625 0.290625 0.0125 0.0671875
2 0.3453125 0.303125 0.0140625 0.06875
2 0.759375 0.3953125 0.0140625 0.07421875
2 0.6109375 0.4625 0.0203125 0.07578125
2 0.771875 0.4125 0.021875 0.0765625
2 0.1640625 0.51015625 0.0234375 0.0890625
2 0.35546875 0.52265625 0.0234375 0.0828125
2 0.6140625 0.5578125 0.0234375 0.08515625
2 0.6765625 0.9 0.0296875 0.1125