2 0.2109375 0.325 0.0140625 0.0421875
2 0.14921875 0.41875 0.009375 0.059375
2 0.2203125 0.31171875 0.0109375 0.0453125
2 0.3328125 0.2375 0.0109375 0.03984375
2 0.4 0.22734375 0.0171875 0.046875
2 0.31484375 0.23046875 0.0078125 0.0375
1 0.0953125 0.3375 0.009375 0.059375
2 0.14453125 0.365625 0.009375 0.053125
2 0.45546875 0.24921875 0.0109375 0.0421875
2 0.3015625 0.28984375 0.0078125 0.053125
2 0.5984375 0.24140625 0.0140625 0.0421875
2 0.18515625 0.31328125 0.0109375 0.0546875
3 0.4203125 0.2796875 0.0109375 0.05078125
2 0.23203125 0.378125 0.0125 0.06015625
2 0.11328125 0.384375 0.015625 0.06015625
2 0.3171875 0.32734375 0.0171875 0.05625
2 0.4390625 0.45390625 0.015625 0.06875
2 0.72890625 0.34140625 0.0109375 0.0625
2 0.75234375 0.34765625 0.015625 0.0640625
2 0.509375 0.30625 0.0140625 0.0546875
2 0.8390625 0.30234375 0.0109375 0.0578125
0 0.43671875 0.2671875 0.0046875 0.009375
2 0.33515625 0.225 0.0109375 0.05