2 0.7890625 0.325 0.0140625 0.0421875
2 0.85 0.41875 0.009375 0.059375
2 0.7796875 0.31171875 0.0109375 0.0453125
2 0.66796875 0.2375 0.0109375 0.03984375
2 0.6 0.22734375 0.0171875 0.046875
2 0.68515625 0.23046875 0.0078125 0.0375
1 0.90546875 0.3375 0.009375 0.059375
2 0.85546875 0.365625 0.009375 0.053125
2 0.54375 0.24921875 0.0109375 0.0421875
2 0.6984375 0.28984375 0.0078125 0.053125
2 0.40078125 0.24140625 0.0140625 0.0421875
2 0.8140625 0.31328125 0.0109375 0.0546875
3 0.58046875 0.2796875 0.0109375 0.05078125
2 0.76796875 0.378125 0.0125 0.06015625
2 0.8875 0.384375 0.015625 0.06015625
2 0.6828125 0.32734375 0.0171875 0.05625
2 0.5609375 0.45390625 0.015625 0.06875
2 0.271875 0.34140625 0.0109375 0.0625
2 0.24765625 0.34765625 0.015625 0.0640625
2 0.48984375 0.30625 0.0140625 0.0546875
2 0.16171875 0.30234375 0.0109375 0.0578125
0 0.5640625 0.2671875 0.0046875 0.009375
2 0.66484375 0.225 0.0109375 0.05