2 0.4046875 0.178125 0.0109375 0.03984375
3 0.00859375 0.9765625 0.0140625 0.04453125
2 0.65 0.45625 0.01875 0.071875
2 0.62578125 0.34296875 0.0140625 0.0578125
2 0.60625 0.290625 0.015625 0.0515625
2 0.2875 0.3546875 0.0140625 0.0578125
2 0.4234375 0.23984375 0.0078125 0.046875
2 0.65703125 0.40234375 0.015625 0.0625
2 0.21796875 0.2828125 0.015625 0.05
3 0.52421875 0.434375 0.0125 0.06875
2 0.725 0.55546875 0.01875 0.078125
2 0.53515625 0.3515625 0.0109375 0.05546875
2 0.36796875 0.446875 0.01875 0.0734375
2 0.68203125 0.43515625 0.0140625 0.0640625
2 0.36640625 0.375 0.0140625 0.06015625
2 0.4859375 0.315625 0.0109375 0.0546875
2 0.19375 0.4796875 0.0171875 0.0765625
2 0.553125 0.3703125 0.0140625 0.065625
2 0.49140625 0.56875 0.015625 0.078125
2 0.6078125 0.5125 0.0171875 0.071875
2 0.57109375 0.8921875 0.0203125 0.1203125
2 0.6046875 0.2734375 0.0109375 0.04921875
3 0.528125 0.159375 0.009375 0.040625
0 0.2546875 0.3140625 0.00546875 0.0109375