3 0.43984375 0.0671875 0.009375 0.034375
2 0.55078125 0.09140625 0.0109375 0.04375
0 0.8109375 0.6390625 0.0078125 0.0125
2 0.37109375 0.1921875 0.0125 0.053125
2 0.35859375 0.221875 0.0078125 0.0546875
2 0.290625 0.34765625 0.015625 0.071875
2 0.45625 0.3875 0.0125 0.071875
2 0.65625 0.371875 0.009375 0.07578125
2 0.49453125 0.24921875 0.0125 0.0609375
2 0.2390625 0.446875 0.0125 0.078125
2 0.60390625 0.18515625 0.0125 0.0578125
2 0.4203125 0.32421875 0.0171875 0.0625
2 0.46015625 0.546875 0.015625 0.09453125
3 0.3984375 0.40703125 0.015625 0.0765625
2 0.44765625 0.60546875 0.01875 0.0890625
2 0.59453125 0.31875 0.03125 0.06953125
2 0.90625 0.2765625 0.015625 0.0671875
2 0.2640625 0.40703125 0.0171875 0.078125
2 0.18828125 0.6703125 0.021875 0.09921875
2 0.209375 0.62109375 0.021875 0.0828125
2 0.671875 0.66328125 0.0296875 0.09375
2 0.4265625 0.87734375 0.0296875 0.109375
2 0.8265625 0.6171875 0.0390625 0.09453125