2 0.71875 0.3734375 0.0125 0.05546875
2 0.54453125 0.290625 0.0109375 0.0421875
2 0.6921875 0.38671875 0.0109375 0.0546875
2 0.8203125 0.47890625 0.015625 0.06875
2 0.6 0.3328125 0.0109375 0.05078125
1 0.953125 0.4359375 0.0125 0.06484375
2 0.5015625 0.2984375 0.0109375 0.046875
2 0.44296875 0.30546875 0.015625 0.05
2 0.475 0.39375 0.01484375 0.059375
2 0.91171875 0.478125 0.021875 0.065625
2 0.55625 0.48515625 0.0203125 0.0671875
2 0.428125 0.3765625 0.0140625 0.0625
2 0.73671875 0.40234375 0.021875 0.0625
2 0.640625 0.434375 0.0140625 0.0640625
2 0.8265625 0.41640625 0.0140625 0.0625
2 0.80703125 0.51171875 0.01875 0.0671875
2 0.8921875 0.465625 0.0171875 0.065625
3 0.44453125 0.371875 0.0125 0.0640625
2 0.0859375 0.48203125 0.0171875 0.0703125
2 0.67578125 0.525 0.021875 0.0765625
2 0.4171875 0.48046875 0.0203125 0.071875
0 0.53125 0.30625 0.0046875 0.009375
2 0.73828125 0.36796875 0.0140625 0.053125