2 0.5578125 0.28828125 0.009375 0.034375
2 0.353125 0.27109375 0.0109375 0.0328125
2 0.71484375 0.296875 0.009375 0.0375
2 0.75234375 0.28203125 0.009375 0.0375
2 0.7890625 0.30546875 0.0109375 0.04375
2 0.6578125 0.328125 0.0109375 0.04453125
2 0.2 0.3734375 0.009375 0.0453125
2 0.8734375 0.4171875 0.0109375 0.05546875
2 0.16953125 0.340625 0.009375 0.04453125
2 0.76015625 0.3671875 0.0109375 0.04375
2 0.690625 0.44375 0.0109375 0.05546875
2 0.81953125 0.3359375 0.0125 0.0453125
2 0.3375 0.4 0.01484375 0.04453125
2 0.67109375 0.3828125 0.0140625 0.05078125
3 0.51875 0.37578125 0.009375 0.0484375
1 0.09609375 0.39375 0.015625 0.0484375
2 0.8921875 0.5578125 0.01875 0.0625
2 0.8546875 0.61875 0.015625 0.07421875
2 0.81484375 0.478125 0.0140625 0.0609375
2 0.5390625 0.5703125 0.0203125 0.06484375
2 0.471875 0.7453125 0.025 0.07578125
0 0.3515625 0.4203125 0.00625 0.01171875
3 0.3140625 0.2296875 0.0078125 0.03125
2 0.6109375 0.23515625 0.01171875 0.03125