2 0.6078125 0.1765625 0.01640625 0.034375
3 0.93359375 0.98046875 0.0140625 0.0375
2 0.540625 0.23359375 0.015625 0.0375
3 0.48515625 0.1671875 0.009375 0.03046875
2 0.69609375 0.2390625 0.0125 0.0390625
2 0.54921875 0.2375 0.0125 0.04453125
2 0.64140625 0.2140625 0.0109375 0.040625
1 0.03125 0.3328125 0.0125 0.0578125
2 0.69296875 0.2703125 0.015625 0.0484375
2 0.559375 0.2765625 0.0109375 0.05078125
2 0.66484375 0.25234375 0.015625 0.04375
2 0.52734375 0.2859375 0.009375 0.053125
2 0.43046875 0.275 0.0109375 0.05078125
2 0.39375 0.33203125 0.0109375 0.0625
2 0.3609375 0.34296875 0.0109375 0.059375
2 0.559375 0.3625 0.0125 0.059375
2 0.76484375 0.30859375 0.0125 0.0578125
3 0.5296875 0.36015625 0.0125 0.0625
2 0.34375 0.39765625 0.0140625 0.0671875
2 0.52421875 0.5140625 0.015625 0.06953125
2 0.42421875 0.43046875 0.0125 0.0640625
2 0.878125 0.41328125 0.0171875 0.0671875
2 0.2953125 0.45234375 0.0125 0.0671875
2 0.4421875 0.69296875 0.021875 0.09375
0 0.69140625 0.2578125 0.0046875 0.009375