2 0.346875 0.33125 0.0078125 0.034375
1 0.1984375 0.34296875 0.009375 0.0359375
2 0.34140625 0.3453125 0.0078125 0.03515625
3 0.41953125 0.27734375 0.00625 0.0265625
2 0.44140625 0.31015625 0.00625 0.028125
2 0.32734375 0.32734375 0.0078125 0.0375
2 0.684375 0.31953125 0.0078125 0.028125
2 0.50078125 0.3171875 0.0078125 0.034375
2 0.296875 0.346875 0.0125 0.0390625
2 0.36328125 0.3546875 0.009375 0.0359375
2 0.3296875 0.38125 0.0125 0.0421875
2 0.3875 0.328125 0.0078125 0.03984375
2 0.49921875 0.3578125 0.0078125 0.0421875
2 0.56484375 0.32265625 0.0078125 0.0375
2 0.265625 0.371875 0.009375 0.04453125
2 0.80078125 0.34765625 0.0078125 0.0390625
2 0.76796875 0.340625 0.0125 0.03515625
2 0.81640625 0.4546875 0.0125 0.0578125
2 0.8 0.43828125 0.0125 0.0578125
2 0.8671875 0.41171875 0.0125 0.0515625
3 0.96484375 0.871875 0.025 0.1125
3 0.5 0.3421875 0.0171875 0.03984375
2 0.4640625 0.2890625 0.0109375 0.028125
2 0.47578125 0.29609375 0.009375 0.03125
0 0.4828125 0.2984375 0.0046875 0.0078125