2 0.3234375 0.41875 0.0125 0.03984375
2 0.1171875 0.48046875 0.015625 0.0453125
2 0.37734375 0.421875 0.00625 0.0421875
2 0.134375 0.4875 0.0109375 0.0484375
2 0.46953125 0.47890625 0.0125 0.046875
2 0.42578125 0.5015625 0.0078125 0.04921875
2 0.5828125 0.375 0.0078125 0.0328125
2 0.765625 0.58046875 0.009375 0.053125
3 0.48984375 0.4515625 0.0109375 0.04375
2 0.31171875 0.59453125 0.009375 0.059375
2 0.82578125 0.4515625 0.0109375 0.0421875
2 0.80390625 0.43515625 0.009375 0.0421875
2 0.5890625 0.42265625 0.0125 0.0421875
2 0.54140625 0.584375 0.0109375 0.0546875
2 0.39609375 0.7015625 0.0203125 0.06484375
2 0.6359375 0.53046875 0.0125 0.053125
2 0.8875 0.7078125 0.0171875 0.06953125
2 0.46484375 0.63046875 0.0125 0.0609375
2 0.8921875 0.54140625 0.0140625 0.053125
2 0.87109375 0.8046875 0.01875 0.078125
2 0.56015625 0.74296875 0.025 0.0671875
3 0.91953125 0.35625 0.0109375 0.0390625