2 0.3484375 0.3359375 0.0078125 0.0328125
2 0.5765625 0.34375 0.0078125 0.03984375
2 0.27421875 0.2953125 0.009375 0.0328125
2 0.2203125 0.29375 0.0078125 0.03046875
2 0.5734375 0.375 0.009375 0.0453125
2 0.584375 0.3828125 0.0078125 0.0453125
2 0.35 0.3609375 0.0109375 0.040625
2 0.51484375 0.42421875 0.0109375 0.046875
2 0.44765625 0.30625 0.00625 0.0328125
1 0.99296875 0.4125 0.0125 0.04921875
2 0.4046875 0.35390625 0.0109375 0.040625
2 0.475 0.4546875 0.0140625 0.05
2 0.1296875 0.428125 0.0125 0.05
2 0.215625 0.36328125 0.009375 0.040625
2 0.25 0.44375 0.0125 0.0484375
2 0.071875 0.4328125 0.0109375 0.05
3 0.4265625 0.4078125 0.009375 0.0484375
2 0.62421875 0.45234375 0.0125 0.053125
2 0.5734375 0.6703125 0.0171875 0.06484375
2 0.19765625 0.6515625 0.015625 0.0671875
2 0.61015625 0.53046875 0.0109375 0.0609375
2 0.48984375 0.7109375 0.025 0.06875
3 0.5765625 0.2703125 0.00703125 0.0328125
0 0.2625 0.3203125 0.00625 0.009375