3 0.88828125 0.26953125 0.0078125 0.0328125
1 0.16640625 0.34296875 0.015625 0.0359375
2 0.346875 0.35625 0.0125 0.040625
2 0.65 0.334375 0.009375 0.0421875
3 0.5234375 0.3796875 0.009375 0.046875
2 0.47421875 0.4140625 0.0109375 0.046875
2 0.59296875 0.45703125 0.009375 0.05625
2 0.6015625 0.453125 0.015625 0.0578125
2 0.853125 0.4671875 0.0109375 0.059375
2 0.32265625 0.3625 0.0171875 0.03984375
2 0.79765625 0.74296875 0.015625 0.0765625
2 0.2703125 0.41015625 0.0171875 0.046875
2 0.4359375 0.3890625 0.0140625 0.046875
2 0.4890625 0.365625 0.015625 0.046875
2 0.45546875 0.44296875 0.0109375 0.053125
2 0.8875 0.60234375 0.0171875 0.071875
2 0.8359375 0.4546875 0.0171875 0.053125
2 0.575 0.50703125 0.0125 0.0578125
2 0.26015625 0.51171875 0.0140625 0.053125
2 0.8671875 0.72109375 0.0203125 0.084375
2 0.61484375 0.5953125 0.0234375 0.06015625
2 0.340625 0.35 0.0109375 0.0375
2 0.35 0.3453125 0.015625 0.046875