2 0.65078125 0.3359375 0.0078125 0.0328125
2 0.4234375 0.34375 0.0078125 0.03984375
2 0.7265625 0.2953125 0.009375 0.0328125
2 0.78046875 0.29375 0.0078125 0.03046875
2 0.42578125 0.375 0.009375 0.0453125
2 0.415625 0.3828125 0.0078125 0.0453125
2 0.65078125 0.3609375 0.0109375 0.040625
2 0.48515625 0.42421875 0.0109375 0.046875
2 0.5515625 0.30625 0.00625 0.0328125
1 0.0078125 0.4125 0.0125 0.04921875
2 0.59453125 0.35390625 0.0109375 0.040625
2 0.52578125 0.4546875 0.0140625 0.05
2 0.87109375 0.428125 0.0125 0.05
2 0.78359375 0.36328125 0.009375 0.040625
2 0.74921875 0.44375 0.0125 0.0484375
2 0.928125 0.4328125 0.0109375 0.05
3 0.57265625 0.4078125 0.009375 0.0484375
2 0.3765625 0.45234375 0.0125 0.053125
2 0.42734375 0.6703125 0.0171875 0.06484375
2 0.803125 0.6515625 0.015625 0.0671875
2 0.3890625 0.53046875 0.0109375 0.0609375
2 0.51015625 0.7109375 0.025 0.06875
3 0.4234375 0.2703125 0.00703125 0.0328125
0 0.7375 0.3203125 0.00625 0.009375