2 0.5984375 0.2765625 0.0078125 0.03046875
2 0.2984375 0.309375 0.0109375 0.0390625
2 0.65703125 0.39296875 0.009375 0.04375
2 0.56953125 0.31796875 0.0109375 0.034375
2 0.79296875 0.37265625 0.009375 0.040625
2 0.75703125 0.34296875 0.00625 0.0375
2 0.7515625 0.525 0.0078125 0.05546875
2 0.74296875 0.4734375 0.009375 0.04921875
2 0.78515625 0.359375 0.0078125 0.0421875
2 0.77578125 0.578125 0.0109375 0.06015625
1 0.2109375 0.384375 0.0140625 0.0484375
2 0.10234375 0.4671875 0.0109375 0.0484375
2 0.7046875 0.353125 0.0078125 0.0375
2 0.3421875 0.421875 0.0078125 0.04921875
2 0.45078125 0.38125 0.0078125 0.03984375
3 0.628125 0.3859375 0.0078125 0.0421875
2 0.796875 0.4890625 0.009375 0.05546875
2 0.43046875 0.4171875 0.0078125 0.04921875
2 0.72421875 0.6125 0.015625 0.0625
2 0.35 0.765625 0.01875 0.07421875
2 0.6453125 0.603125 0.0125 0.0625
2 0.509375 0.6234375 0.0140625 0.0625
3 0.853125 0.93125 0.025 0.0859375
0 0.228125 0.4046875 0.00546875 0.0109375
3 0.359375 0.2453125 0.009375 0.03359375