2 0.11640625 0.98515625 0.0171875 0.028125
2 0.5125 0.3875 0.0109375 0.03515625
2 0.4265625 0.3703125 0.0078125 0.03515625
2 0.58828125 0.4109375 0.0140625 0.0359375
2 0.2578125 0.79375 0.0140625 0.078125
2 0.796875 0.5578125 0.021875 0.04921875
2 0.6234375 0.559375 0.0171875 0.05078125
2 0.66015625 0.51953125 0.0140625 0.0515625
2 0.5375 0.42421875 0.009375 0.0421875
2 0.34375 0.596875 0.0125 0.06015625
2 0.33125 0.43828125 0.0109375 0.0390625
2 0.22734375 0.5421875 0.0125 0.0546875
2 0.25625 0.72578125 0.015625 0.071875
3 0.48984375 0.50703125 0.0140625 0.0515625
2 0.63984375 0.70390625 0.01875 0.06875
2 0.60390625 0.6828125 0.0125 0.0640625
2 0.70546875 0.5390625 0.0125 0.05078125
2 0.70390625 0.4671875 0.015625 0.0453125
2 0.68515625 0.625 0.015625 0.05546875
2 0.621875 0.6171875 0.0140625 0.06015625
2 0.86015625 0.60234375 0.0203125 0.0546875
2 0.52265625 0.565625 0.0109375 0.06015625
0 0.86875 0.5328125 0.0046875 0.009375
1 0.8453125 0.4296875 0.02109375 0.034375
3 0.1828125 0.3296875 0.00859375 0.0359375