2 0.59921875 0.3 0.009375 0.03046875
2 0.51171875 0.32734375 0.0078125 0.0328125
2 0.60078125 0.3625 0.00625 0.03515625
2 0.425 0.38203125 0.0078125 0.0390625
2 0.490625 0.44765625 0.009375 0.046875
2 0.63125 0.38515625 0.0078125 0.0359375
2 0.55234375 0.4 0.009375 0.03984375
2 0.37265625 0.63125 0.0109375 0.06015625
2 0.5140625 0.4796875 0.009375 0.046875
2 0.6984375 0.40234375 0.0109375 0.0390625
2 0.728125 0.34140625 0.0078125 0.0359375
2 0.4171875 0.4125 0.009375 0.04375
2 0.7109375 0.453125 0.009375 0.046875
2 0.38671875 0.4625 0.009375 0.0484375
2 0.72265625 0.38671875 0.00625 0.0375
2 0.39921875 0.459375 0.0078125 0.0515625
2 0.91640625 0.475 0.009375 0.04453125
2 0.5046875 0.4921875 0.0125 0.046875
1 0.084375 0.4125 0.0125 0.04453125
2 0.73125 0.68046875 0.015625 0.0671875
2 0.3546875 0.79296875 0.0171875 0.0734375
0 0.903125 0.49375 0.0046875 0.01015625
2 0.43984375 0.284375 0.00625 0.02890625
2 0.4234375 0.375 0.00859375 0.03828125