2 0.19453125 0.30234375 0.009375 0.0265625
2 0.28125 0.29921875 0.0078125 0.0296875
2 0.59765625 0.40703125 0.009375 0.046875
1 0.9796875 0.4296875 0.009375 0.04921875
2 0.115625 0.42421875 0.0140625 0.04375
2 0.43828125 0.325 0.00625 0.03515625
2 0.40078125 0.375 0.0078125 0.03984375
2 0.59453125 0.5015625 0.0109375 0.05546875
2 0.4953125 0.45859375 0.0078125 0.046875
2 0.31953125 0.359375 0.0109375 0.0375
2 0.37109375 0.371875 0.009375 0.0390625
2 0.59140625 0.3671875 0.0078125 0.0421875
3 0.38828125 0.4234375 0.0125 0.0453125
2 0.47265625 0.478125 0.009375 0.05078125
2 0.17734375 0.5109375 0.0140625 0.0515625
2 0.590625 0.5734375 0.015625 0.0578125
2 0.19765625 0.4203125 0.0125 0.04453125
2 0.44453125 0.70625 0.0140625 0.065625
2 0.409375 0.7078125 0.0171875 0.06953125
2 0.1765625 0.6453125 0.021875 0.0625
2 0.11953125 0.4140625 0.0125 0.0453125
0 0.203125 0.31328125 0.003125 0.00625
3 0.6 0.2859375 0.0078125 0.03046875