2 0.67734375 0.41875 0.0125 0.03984375
2 0.88359375 0.48046875 0.015625 0.0453125
2 0.62265625 0.421875 0.00625 0.0421875
2 0.86484375 0.4875 0.0109375 0.0484375
2 0.5296875 0.47890625 0.0125 0.046875
2 0.575 0.5015625 0.0078125 0.04921875
2 0.41796875 0.375 0.0078125 0.0328125
2 0.234375 0.58046875 0.009375 0.053125
3 0.51015625 0.4515625 0.0109375 0.04375
2 0.6875 0.59453125 0.009375 0.059375
2 0.17421875 0.4515625 0.0109375 0.0421875
2 0.196875 0.43515625 0.009375 0.0421875
2 0.4109375 0.42265625 0.0125 0.0421875
2 0.45859375 0.584375 0.0109375 0.0546875
2 0.603125 0.7015625 0.0203125 0.06484375
2 0.36484375 0.53046875 0.0125 0.053125
2 0.11171875 0.7078125 0.0171875 0.06953125
2 0.5359375 0.63046875 0.0125 0.0609375
2 0.1078125 0.54140625 0.0140625 0.053125
2 0.12890625 0.8046875 0.01875 0.078125
2 0.440625 0.74296875 0.025 0.0671875
3 0.0796875 0.35625 0.0109375 0.0390625