2 0.884375 0.98515625 0.0171875 0.028125
2 0.48828125 0.3875 0.0109375 0.03515625
2 0.57265625 0.3703125 0.0078125 0.03515625
2 0.4125 0.4109375 0.0140625 0.0359375
2 0.7421875 0.79375 0.0140625 0.078125
2 0.20390625 0.5578125 0.021875 0.04921875
2 0.3765625 0.559375 0.0171875 0.05078125
2 0.340625 0.51953125 0.0140625 0.0515625
2 0.46328125 0.42421875 0.009375 0.0421875
2 0.65703125 0.596875 0.0125 0.06015625
2 0.66953125 0.43828125 0.0109375 0.0390625
2 0.771875 0.5421875 0.0125 0.0546875
2 0.74296875 0.72578125 0.015625 0.071875
3 0.5109375 0.50703125 0.0140625 0.0515625
2 0.36015625 0.70390625 0.01875 0.06875
2 0.396875 0.6828125 0.0125 0.0640625
2 0.29453125 0.5390625 0.0125 0.05078125
2 0.2953125 0.4671875 0.015625 0.0453125
2 0.315625 0.625 0.015625 0.05546875
2 0.37734375 0.6171875 0.0140625 0.06015625
2 0.13984375 0.60234375 0.0203125 0.0546875
2 0.4765625 0.565625 0.0109375 0.06015625
0 0.13125 0.5328125 0.0046875 0.009375
1 0.1546875 0.4296875 0.02109375 0.034375
3 0.81875 0.3296875 0.00859375 0.0359375