3 0.7546875 0.26796875 0.0078125 0.0296875
2 0.33125 0.3796875 0.0125 0.0484375
2 0.3234375 0.3359375 0.0109375 0.03515625
2 0.57890625 0.40078125 0.009375 0.0484375
2 0.3203125 0.378125 0.0171875 0.05078125
2 0.41015625 0.36484375 0.0109375 0.0421875
2 0.47890625 0.34140625 0.00625 0.0421875
2 0.70078125 0.3265625 0.0125 0.0421875
2 0.84765625 0.3859375 0.01875 0.05078125
2 0.84296875 0.4328125 0.015625 0.05546875
2 0.5703125 0.496875 0.0109375 0.05546875
2 0.6171875 0.3515625 0.0109375 0.0453125
2 0.6484375 0.97890625 0.01875 0.040625
2 0.39609375 0.38984375 0.0109375 0.046875
2 0.875 0.49453125 0.0203125 0.059375
3 0.46484375 0.43125 0.0140625 0.05078125
2 0.5484375 0.42578125 0.01875 0.0484375
2 0.88125 0.5578125 0.0234375 0.065625
2 0.2703125 0.61640625 0.0203125 0.0625
2 0.85625 0.7328125 0.021875 0.07578125
2 0.22734375 0.54765625 0.0140625 0.059375
2 0.50234375 0.53984375 0.015625 0.0625
2 0.1890625 0.44765625 0.0125 0.05625
0 0.33671875 0.3421875 0.0046875 0.0109375