2 0.2140625 0.378125 0.0078125 0.04375
2 0.22265625 0.346875 0.0078125 0.0375
2 0.21015625 0.36796875 0.0109375 0.046875
2 0.25625 0.52265625 0.009375 0.053125
2 0.4328125 0.28125 0.00625 0.0328125
2 0.825 0.378125 0.0140625 0.040625
2 0.24453125 0.5140625 0.009375 0.0515625
2 0.51875 0.6234375 0.009375 0.0578125
2 0.7046875 0.32890625 0.009375 0.0375
2 0.21015625 0.4859375 0.009375 0.05546875
3 0.42109375 0.38125 0.009375 0.04375
2 0.34765625 0.39609375 0.009375 0.04375
2 0.91484375 0.45703125 0.0109375 0.05
2 0.30546875 0.35859375 0.009375 0.0375
2 0.58125 0.3828125 0.0078125 0.04375
2 0.46953125 0.31796875 0.0078125 0.0359375
2 0.26953125 0.621875 0.01875 0.0625
3 0.13984375 0.92421875 0.021875 0.0875
2 0.64375 0.775 0.0203125 0.07421875
2 0.21953125 0.57578125 0.0140625 0.059375
2 0.33125 0.6453125 0.015625 0.0671875
2 0.6484375 0.446875 0.0125 0.053125
2 0.59296875 0.4421875 0.0125 0.053125
0 0.8171875 0.3953125 0.00546875 0.01015625
3 0.6375 0.2421875 0.00859375 0.034375