2 0.3609375 0.58984375 0.009375 0.0390625
0 0.5296875 0.72890625 0.00625 0.0109375
2 0.421875 0.3734375 0.009375 0.040625
2 0.3640625 0.6328125 0.0234375 0.06484375
2 0.19765625 0.70625 0.0109375 0.06484375
2 0.6421875 0.3875 0.0078125 0.0390625
1 0.1421875 0.4125 0.0140625 0.04375
2 0.45390625 0.5625 0.0109375 0.0515625
2 0.44140625 0.425 0.0078125 0.04453125
2 0.23671875 0.5921875 0.009375 0.06015625
2 0.35390625 0.41484375 0.0125 0.0453125
2 0.3390625 0.42109375 0.009375 0.0453125
2 0.30390625 0.4875 0.009375 0.05078125
3 0.45390625 0.5 0.0125 0.04921875
3 0.834375 0.93984375 0.0203125 0.08125
2 0.20703125 0.61015625 0.0140625 0.0625
2 0.75703125 0.64453125 0.015625 0.0640625
2 0.4046875 0.6859375 0.0234375 0.06875
2 0.73359375 0.46796875 0.0125 0.05
2 0.59921875 0.509375 0.015625 0.046875
2 0.37734375 0.73984375 0.0109375 0.071875
2 0.5390625 0.7046875 0.0109375 0.06875
2 0.50625 0.575 0.0125 0.0546875
2 0.68359375 0.62265625 0.0125 0.0671875
3 0.4546875 0.29140625 0.009375 0.03125