2 0.7859375 0.378125 0.0078125 0.04375
2 0.778125 0.346875 0.0078125 0.0375
2 0.790625 0.36796875 0.0109375 0.046875
2 0.74453125 0.52265625 0.009375 0.053125
2 0.56640625 0.28125 0.00625 0.0328125
2 0.175 0.378125 0.0140625 0.040625
2 0.7546875 0.5140625 0.009375 0.0515625
2 0.48046875 0.6234375 0.009375 0.0578125
2 0.2953125 0.32890625 0.009375 0.0375
2 0.790625 0.4859375 0.009375 0.05546875
3 0.5796875 0.38125 0.009375 0.04375
2 0.65234375 0.39609375 0.009375 0.04375
2 0.084375 0.45703125 0.0109375 0.05
2 0.69453125 0.35859375 0.009375 0.0375
2 0.41953125 0.3828125 0.0078125 0.04375
2 0.53046875 0.31796875 0.0078125 0.0359375
2 0.73046875 0.621875 0.01875 0.0625
3 0.86015625 0.92421875 0.021875 0.0875
2 0.35625 0.775 0.0203125 0.07421875
2 0.78125 0.57578125 0.0140625 0.059375
2 0.66953125 0.6453125 0.015625 0.0671875
2 0.3515625 0.446875 0.0125 0.053125
2 0.40703125 0.4421875 0.0125 0.053125
0 0.184375 0.3953125 0.00546875 0.01015625
3 0.3625 0.2421875 0.00859375 0.034375