2 0.3953125 0.40078125 0.0078125 0.0421875
2 0.375 0.4328125 0.009375 0.040625
2 0.40390625 0.40703125 0.0140625 0.0421875
2 0.4765625 0.33984375 0.0109375 0.0328125
2 0.65546875 0.41015625 0.009375 0.040625
2 0.44609375 0.540625 0.0140625 0.05078125
2 0.665625 0.41875 0.009375 0.0390625
2 0.57890625 0.38828125 0.009375 0.0375
2 0.48515625 0.421875 0.009375 0.0390625
2 0.3859375 0.4375 0.0109375 0.046875
2 0.63828125 0.503125 0.009375 0.0515625
3 0.45859375 0.46875 0.009375 0.046875
2 0.721875 0.36328125 0.009375 0.0375
2 0.55703125 0.38984375 0.009375 0.0375
2 0.34375 0.484375 0.0125 0.05
1 0.0859375 0.4203125 0.0140625 0.046875
2 0.41796875 0.4984375 0.0171875 0.0484375
3 0.98828125 0.909375 0.021875 0.08125
2 0.2953125 0.65859375 0.0125 0.059375
2 0.64375 0.70390625 0.0140625 0.06875
2 0.84140625 0.5078125 0.0109375 0.05
2 0.253125 0.81953125 0.0171875 0.078125
3 0.43828125 0.28203125 0.0078125 0.028125
2 0.59296875 0.3109375 0.0078125 0.03515625