2 0.63828125 0.58984375 0.009375 0.0390625
0 0.4703125 0.72890625 0.00625 0.0109375
2 0.57890625 0.3734375 0.009375 0.040625
2 0.63671875 0.6328125 0.0234375 0.06484375
2 0.8015625 0.70625 0.0109375 0.06484375
2 0.35703125 0.3875 0.0078125 0.0390625
1 0.85703125 0.4125 0.0140625 0.04375
2 0.54609375 0.5625 0.0109375 0.0515625
2 0.5578125 0.425 0.0078125 0.04453125
2 0.76328125 0.5921875 0.009375 0.06015625
2 0.646875 0.41484375 0.0125 0.0453125
2 0.6609375 0.42109375 0.009375 0.0453125
2 0.69609375 0.4875 0.009375 0.05078125
3 0.546875 0.5 0.0125 0.04921875
3 0.165625 0.93984375 0.0203125 0.08125
2 0.7921875 0.61015625 0.0140625 0.0625
2 0.24296875 0.64453125 0.015625 0.0640625
2 0.59609375 0.6859375 0.0234375 0.06875
2 0.26640625 0.46796875 0.0125 0.05
2 0.4015625 0.509375 0.015625 0.046875
2 0.621875 0.73984375 0.0109375 0.071875
2 0.4609375 0.7046875 0.0109375 0.06875
2 0.49375 0.575 0.0125 0.0546875
2 0.315625 0.62265625 0.0125 0.0671875
3 0.54609375 0.29140625 0.009375 0.03125