2 0.7359375 0.3453125 0.0078125 0.0359375
2 0.58046875 0.32265625 0.00625 0.0359375
2 0.671875 0.353125 0.0078125 0.0359375
2 0.76875 0.375 0.0078125 0.0421875
2 0.66640625 0.390625 0.009375 0.0375
2 0.303125 0.31484375 0.0125 0.034375
2 0.74609375 0.36015625 0.0109375 0.040625
2 0.51953125 0.5890625 0.009375 0.053125
2 0.725 0.45625 0.0140625 0.04375
2 0.44921875 0.4328125 0.0109375 0.0484375
2 0.459375 0.39375 0.0078125 0.03984375
2 0.696875 0.5171875 0.0109375 0.0546875
2 0.7859375 0.47265625 0.009375 0.0515625
1 0.1953125 0.3953125 0.0140625 0.046875
3 0.6296875 0.38671875 0.0109375 0.04375
2 0.3046875 0.4390625 0.009375 0.0484375
3 0.88828125 0.9390625 0.028125 0.090625
2 0.7109375 0.60078125 0.0171875 0.0640625
2 0.74375 0.571875 0.015625 0.0609375
2 0.11953125 0.5390625 0.0109375 0.06015625
2 0.62734375 0.56796875 0.0171875 0.0578125
2 0.43515625 0.828125 0.028125 0.075
0 0.26875 0.3796875 0.00546875 0.01171875
3 0.3578125 0.25390625 0.0078125 0.0296875