2 0.70625 0.34921875 0.0125 0.0390625
2 0.3 0.3875 0.0078125 0.0421875
2 0.1859375 0.4015625 0.0109375 0.040625
2 0.30625 0.39375 0.009375 0.03984375
1 0.8703125 0.3890625 0.0109375 0.040625
2 0.63203125 0.42265625 0.009375 0.0421875
2 0.73828125 0.3828125 0.0078125 0.0375
2 0.77109375 0.37734375 0.009375 0.040625
2 0.1375 0.5078125 0.0140625 0.06015625
2 0.5515625 0.55 0.015625 0.05078125
2 0.8234375 0.45859375 0.009375 0.046875
3 0.6765625 0.375 0.009375 0.03984375
2 0.840625 0.43046875 0.0125 0.046875
2 0.7171875 0.4296875 0.009375 0.0421875
2 0.2859375 0.38515625 0.00625 0.0375
2 0.3203125 0.4515625 0.0109375 0.04921875
2 0.51953125 0.41875 0.0125 0.0484375
2 0.16484375 0.4453125 0.0125 0.05078125
2 0.58359375 0.39375 0.0078125 0.03984375
2 0.496875 0.45234375 0.009375 0.0484375
2 0.14765625 0.54765625 0.01875 0.0625
3 0.1671875 0.35 0.00859375 0.03203125
2 0.7734375 0.3546875 0.00859375 0.034375
0 0.77890625 0.36484375 0.0046875 0.0078125