2 0.43046875 0.428125 0.009375 0.02578125
1 0.7765625 0.43046875 0.009375 0.0375
2 0.55078125 0.39296875 0.0109375 0.0296875
2 0.45546875 0.43828125 0.009375 0.0296875
2 0.753125 0.490625 0.009375 0.0453125
2 0.5234375 0.4609375 0.0109375 0.0328125
2 0.62734375 0.42578125 0.0140625 0.0390625
2 0.6671875 0.478125 0.0109375 0.03984375
2 0.3046875 0.4375 0.0125 0.03203125
2 0.48515625 0.46796875 0.009375 0.0421875
2 0.1515625 0.52734375 0.0109375 0.0484375
2 0.77890625 0.5109375 0.015625 0.04375
2 0.675 0.5578125 0.015625 0.0484375
2 0.1609375 0.54765625 0.0109375 0.0546875
2 0.31484375 0.5984375 0.021875 0.05546875
2 0.4734375 0.61640625 0.0140625 0.0515625
2 0.15625 0.4640625 0.015625 0.0375
2 0.94296875 0.603125 0.0125 0.053125
3 0.08515625 0.83515625 0.025 0.090625
3 0.5609375 0.35390625 0.00625 0.03125
2 0.66328125 0.434375 0.0109375 0.0421875
2 0.65703125 0.425 0.009375 0.04375
0 0.359375 0.4625 0.0046875 0.0109375
2 0.3015625 0.43125 0.00859375 0.034375