2 0.37421875 0.4125 0.015625 0.0453125
2 0.3875 0.4359375 0.0125 0.0484375
2 0.26640625 0.3703125 0.0109375 0.03984375
2 0.53984375 0.38984375 0.0109375 0.040625
2 0.521875 0.4453125 0.0234375 0.0484375
3 0.5828125 0.4140625 0.01328125 0.046875
2 0.20546875 0.37421875 0.0140625 0.040625
2 0.6109375 0.465625 0.02421875 0.04765625
2 0.30390625 0.3640625 0.0109375 0.0375
2 0.3359375 0.3671875 0.0078125 0.0390625
2 0.8375 0.5234375 0.01953125 0.06328125
2 0.2578125 0.428125 0.0171875 0.0453125
2 0.72109375 0.596875 0.021875 0.06171875
2 0.221875 0.4015625 0.01875 0.046875
2 0.46640625 0.58046875 0.0328125 0.0625
2 0.80234375 0.53359375 0.028125 0.05625
2 0.86171875 0.496875 0.0125 0.0578125
2 0.734375 0.43515625 0.0125 0.0484375
2 0.190625 0.4859375 0.0109375 0.0578125
2 0.15625 0.44765625 0.015625 0.0515625
0 0.625 0.48984375 0.00546875 0.009375
2 0.5171875 0.44375 0.0140625 0.04765625
3 0.2453125 0.3203125 0.009375 0.0390625