2 0.45546875 0.459375 0.0109375 0.0328125
2 0.253125 0.4265625 0.0078125 0.03515625
2 0.32109375 0.5390625 0.0125 0.03984375
2 0.23984375 0.43984375 0.0078125 0.034375
2 0.31796875 0.5046875 0.009375 0.0390625
2 0.5140625 0.47734375 0.009375 0.0421875
3 0.36953125 0.4875 0.0109375 0.04375
2 0.31484375 0.571875 0.009375 0.05546875
2 0.534375 0.5203125 0.015625 0.03984375
2 0.515625 0.525 0.0109375 0.04375
2 0.7546875 0.553125 0.009375 0.0484375
1 0.8515625 0.4890625 0.0109375 0.04453125
2 0.19296875 0.58125 0.0109375 0.053125
2 0.22109375 0.4921875 0.009375 0.04375
2 0.14453125 0.61796875 0.0171875 0.0609375
2 0.33515625 0.7203125 0.0140625 0.0625
2 0.196875 0.6671875 0.0140625 0.0625
2 0.66171875 0.4703125 0.0078125 0.0421875
2 0.5421875 0.6125 0.0140625 0.05546875
2 0.62734375 0.71015625 0.0203125 0.0625
3 0.06015625 0.82578125 0.021875 0.0828125
0 0.69296875 0.52890625 0.00625 0.0125
3 0.584375 0.3765625 0.0078125 0.02890625
2 0.4625 0.403125 0.009375 0.0328125
2 0.40703125 0.4375 0.009375 0.03828125