2 0.55703125 0.41640625 0.0125 0.0328125
2 0.2671875 0.453125 0.0109375 0.03984375
2 0.58046875 0.42890625 0.009375 0.0390625
2 0.69453125 0.50859375 0.0125 0.046875
2 0.14453125 0.5984375 0.0125 0.0578125
2 0.13828125 0.571875 0.0140625 0.0578125
2 0.84296875 0.584375 0.015625 0.046875
2 0.61484375 0.4421875 0.0078125 0.0421875
2 0.8921875 0.61328125 0.01953125 0.0578125
2 0.48828125 0.471875 0.009375 0.0421875
2 0.33828125 0.57265625 0.0109375 0.0578125
2 0.68359375 0.5796875 0.0140625 0.053125
2 0.334375 0.44296875 0.00625 0.040625
2 0.771875 0.640625 0.015625 0.05546875
3 0.55703125 0.509375 0.0125 0.0484375
2 0.16640625 0.615625 0.0125 0.06015625
2 0.5921875 0.59453125 0.0109375 0.0578125
3 0.109375 0.82734375 0.021875 0.0859375
2 0.35078125 0.584375 0.0203125 0.0546875
2 0.57734375 0.64375 0.01875 0.0578125
2 0.7515625 0.63984375 0.0125 0.0578125
2 0.53515625 0.671875 0.0171875 0.06875
1 0.72734375 0.4140625 0.0109375 0.040625
0 0.8859375 0.5953125 0.00546875 0.01015625
3 0.46953125 0.34296875 0.0078125 0.028125