0 0.5671875 0.4484375 0.00625 0.01015625
2 0.35625 0.3390625 0.0109375 0.04453125
2 0.23046875 0.371875 0.0140625 0.05
2 0.32265625 0.3328125 0.0109375 0.04375
2 0.2421875 0.35234375 0.0109375 0.046875
2 0.4703125 0.40546875 0.0171875 0.0546875
2 0.59453125 0.38046875 0.01875 0.05
2 0.4234375 0.34921875 0.0125 0.05
2 0.553125 0.42265625 0.01875 0.046875
2 0.3859375 0.41171875 0.0140625 0.0515625
2 0.3328125 0.43125 0.01875 0.05546875
2 0.80859375 0.4171875 0.0171875 0.06015625
2 0.18984375 0.415625 0.0109375 0.0578125
2 0.40703125 0.37578125 0.015625 0.0546875
2 0.46328125 0.5984375 0.021875 0.06953125
2 0.1984375 0.45625 0.0171875 0.06484375
2 0.29765625 0.403125 0.015625 0.0546875
3 0.51171875 0.421875 0.025 0.0515625
2 0.8421875 0.55546875 0.0265625 0.071875
2 0.61953125 0.57421875 0.0296875 0.06875
2 0.9140625 0.51875 0.0265625 0.0671875
2 0.2390625 0.5421875 0.0265625 0.06484375
3 0.3109375 0.29375 0.0109375 0.040625