2 0.4484375 0.3546875 0.0125 0.03671875
2 0.3234375 0.40390625 0.009375 0.0390625
2 0.31640625 0.425 0.009375 0.03515625
2 0.28984375 0.4 0.009375 0.0421875
2 0.4421875 0.38671875 0.0109375 0.0421875
2 0.66640625 0.375 0.009375 0.0375
3 0.878125 0.3625 0.0109375 0.0390625
2 0.33203125 0.35 0.0078125 0.0375
1 0.1546875 0.39296875 0.009375 0.0421875
2 0.82734375 0.446875 0.0078125 0.0453125
2 0.24140625 0.43515625 0.009375 0.046875
2 0.26015625 0.4265625 0.009375 0.046875
2 0.6109375 0.36484375 0.0078125 0.0390625
2 0.875 0.44296875 0.01875 0.0546875
2 0.56171875 0.4234375 0.0125 0.046875
3 0.47890625 0.38203125 0.0140625 0.040625
2 0.175 0.46796875 0.0125 0.0578125
2 0.37578125 0.36953125 0.009375 0.0421875
2 0.63046875 0.44921875 0.0140625 0.046875
2 0.8234375 0.478125 0.0125 0.05078125
2 0.54921875 0.56484375 0.0265625 0.0578125
2 0.30078125 0.45078125 0.0171875 0.0484375
2 0.44375 0.3390625 0.00859375 0.0328125