2 0.29375 0.34921875 0.0125 0.0390625
2 0.70078125 0.3875 0.0078125 0.0421875
2 0.81484375 0.4015625 0.0109375 0.040625
2 0.69453125 0.39375 0.009375 0.03984375
1 0.13046875 0.3890625 0.0109375 0.040625
2 0.36875 0.42265625 0.009375 0.0421875
2 0.2609375 0.3828125 0.0078125 0.0375
2 0.22890625 0.37734375 0.009375 0.040625
2 0.86328125 0.5078125 0.0140625 0.06015625
2 0.44765625 0.55 0.015625 0.05078125
2 0.17734375 0.45859375 0.009375 0.046875
3 0.3234375 0.375 0.009375 0.03984375
2 0.15859375 0.43046875 0.0125 0.046875
2 0.2828125 0.4296875 0.009375 0.0421875
2 0.71328125 0.38515625 0.00625 0.0375
2 0.67890625 0.4515625 0.0109375 0.04921875
2 0.48125 0.41875 0.0125 0.0484375
2 0.83515625 0.4453125 0.0125 0.05078125
2 0.415625 0.39375 0.0078125 0.03984375
2 0.50390625 0.45234375 0.009375 0.0484375
2 0.85234375 0.54765625 0.01875 0.0625
3 0.834375 0.35 0.00859375 0.03203125
2 0.2265625 0.3546875 0.00859375 0.034375
0 0.221875 0.36484375 0.0046875 0.0078125