2 0.4515625 0.409375 0.00625 0.028125
2 0.72109375 0.4453125 0.0078125 0.03046875
2 0.46015625 0.4203125 0.00625 0.02578125
2 0.34453125 0.4375 0.0109375 0.03515625
2 0.81171875 0.496875 0.0109375 0.03515625
2 0.49609375 0.48203125 0.0078125 0.034375
2 0.38125 0.515625 0.009375 0.03984375
2 0.78828125 0.49453125 0.009375 0.0359375
2 0.6734375 0.5046875 0.0078125 0.0375
2 0.88125 0.63203125 0.01953125 0.0484375
2 0.403125 0.7046875 0.015625 0.06015625
3 0.64921875 0.5375 0.0171875 0.04375
2 0.39609375 0.53125 0.009375 0.0421875
2 0.64140625 0.56796875 0.01875 0.04375
2 0.92890625 0.5703125 0.0203125 0.0453125
2 0.69453125 0.503125 0.0140625 0.0421875
1 0.1328125 0.46171875 0.0109375 0.034375
2 0.18046875 0.5703125 0.0109375 0.05078125
2 0.12265625 0.5953125 0.0171875 0.04921875
3 0.08359375 0.69375 0.0171875 0.06015625
2 0.26171875 0.6703125 0.015625 0.05625
2 0.8484375 0.68515625 0.0265625 0.053125
2 0.60625 0.428125 0.01015625 0.03203125
0 0.9234375 0.56796875 0.00625 0.0109375