1 0.03984375 0.44765625 0.0171875 0.0484375
2 0.5515625 0.41875 0.0125 0.0375
2 0.7 0.44296875 0.0125 0.046875
2 0.55703125 0.453125 0.0109375 0.04453125
2 0.8234375 0.43671875 0.0140625 0.0421875
2 0.42109375 0.41484375 0.009375 0.0421875
2 0.42734375 0.45 0.009375 0.046875
2 0.5140625 0.5609375 0.0109375 0.0578125
2 0.31328125 0.46171875 0.015625 0.053125
2 0.81328125 0.5015625 0.01875 0.0515625
2 0.8046875 0.47890625 0.0125 0.05
2 0.590625 0.4828125 0.0171875 0.04453125
2 0.4015625 0.4859375 0.009375 0.04921875
2 0.3703125 0.46953125 0.0109375 0.046875
2 0.51328125 0.60859375 0.0203125 0.0578125
2 0.284375 0.4796875 0.0125 0.05078125
2 0.86953125 0.55625 0.0171875 0.0625
2 0.21953125 0.57890625 0.0125 0.059375
2 0.93671875 0.52734375 0.015625 0.0578125
3 0.3671875 0.52578125 0.0125 0.0578125
2 0.17578125 0.66328125 0.0234375 0.071875
0 0.5796875 0.4546875 0.00625 0.01171875
2 0.30859375 0.44375 0.009375 0.046875
3 0.4140625 0.3515625 0.009375 0.03515625