3 0.15390625 0.3296875 0.009375 0.0359375
2 0.3484375 0.33515625 0.01328125 0.0328125
2 0.3609375 0.3375 0.01015625 0.0375
2 0.75390625 0.32265625 0.0078125 0.0375
2 0.7125 0.33515625 0.009375 0.0390625
2 0.26875 0.35859375 0.009375 0.0375
2 0.3796875 0.3578125 0.0125 0.040625
1 0.9078125 0.36953125 0.0109375 0.046875
2 0.72578125 0.3421875 0.0078125 0.0421875
2 0.3640625 0.4 0.009375 0.04453125
3 0.60234375 0.3515625 0.0109375 0.04375
2 0.578125 0.3453125 0.0078125 0.03984375
2 0.5453125 0.37421875 0.0109375 0.0390625
2 0.62734375 0.384375 0.0109375 0.04453125
2 0.5859375 0.38515625 0.009375 0.046875
2 0.80546875 0.41953125 0.0140625 0.05
2 0.7890625 0.4421875 0.015625 0.046875
2 0.14609375 0.4125 0.0125 0.053125
2 0.4609375 0.4296875 0.0078125 0.05
2 0.1890625 0.53046875 0.0171875 0.0671875
2 0.16484375 0.48203125 0.0109375 0.0609375
2 0.39921875 0.55 0.01875 0.06015625