2 0.69609375 0.3734375 0.0109375 0.040625
2 0.50859375 0.36640625 0.00625 0.0328125
2 0.33515625 0.375 0.009375 0.04375
2 0.86484375 0.459375 0.0109375 0.053125
2 0.79296875 0.3984375 0.0125 0.0375
2 0.72734375 0.43125 0.0109375 0.04375
2 0.52734375 0.3875 0.009375 0.0390625
2 0.6828125 0.41328125 0.009375 0.0453125
2 0.16328125 0.51015625 0.0140625 0.0578125
2 0.4265625 0.42265625 0.0109375 0.0484375
2 0.8671875 0.49453125 0.0140625 0.0578125
2 0.81171875 0.56015625 0.0140625 0.0578125
1 0.1421875 0.40703125 0.0109375 0.046875
2 0.69296875 0.53046875 0.0109375 0.053125
2 0.4 0.40703125 0.0078125 0.0421875
2 0.715625 0.48125 0.0140625 0.05078125
2 0.88359375 0.50703125 0.0140625 0.0578125
2 0.525 0.55703125 0.0140625 0.0578125
3 0.59921875 0.45859375 0.0109375 0.046875
2 0.3546875 0.475 0.0109375 0.05546875
2 0.3171875 0.65234375 0.01875 0.071875
3 0.8546875 0.359375 0.0109375 0.040625
2 0.4703125 0.3484375 0.01171875 0.03828125
0 0.1765625 0.534375 0.00625 0.0125