2 0.6890625 0.440625 0.00625 0.03046875
2 0.43046875 0.4375 0.00625 0.0296875
2 0.43046875 0.4765625 0.00625 0.034375
2 0.52890625 0.44453125 0.00625 0.03125
2 0.74296875 0.54921875 0.0125 0.040625
2 0.2953125 0.47265625 0.0078125 0.034375
2 0.77265625 0.48046875 0.0078125 0.0390625
2 0.1078125 0.559375 0.009375 0.04375
2 0.37578125 0.4921875 0.0078125 0.0375
2 0.6171875 0.51875 0.0078125 0.040625
3 0.9484375 0.784375 0.025 0.0703125
2 0.21640625 0.6015625 0.009375 0.0421875
3 0.41640625 0.51953125 0.0125 0.0390625
2 0.9265625 0.61796875 0.0109375 0.053125
1 0.128125 0.53046875 0.0140625 0.0375
2 0.4734375 0.50859375 0.0078125 0.0375
2 0.39765625 0.58046875 0.0078125 0.046875
2 0.86953125 0.6109375 0.0203125 0.05
2 0.65625 0.5609375 0.009375 0.0453125
2 0.61796875 0.715625 0.01875 0.05625
2 0.21796875 0.68828125 0.0125 0.05625
2 0.7578125 0.69140625 0.0140625 0.0625
2 0.703125 0.440625 0.00703125 0.0328125
0 0.1265625 0.53125 0.0046875 0.0109375