3 0.365625 0.28828125 0.0078125 0.04375
2 0.68125 0.3296875 0.0078125 0.0421875
2 0.7625 0.346875 0.009375 0.05078125
2 0.61171875 0.371875 0.0125 0.0546875
2 0.5828125 0.365625 0.015625 0.0484375
2 0.75625 0.453125 0.015625 0.0625
2 0.45234375 0.3140625 0.015625 0.040625
2 0.42109375 0.409375 0.0109375 0.05234375
2 0.66328125 0.3953125 0.0109375 0.053125
3 0.7140625 0.4171875 0.0109375 0.0640625
2 0.74140625 0.4703125 0.0125 0.06953125
2 0.465625 0.4765625 0.01875 0.0734375
2 0.20234375 0.52734375 0.015625 0.0765625
2 0.8953125 0.51875 0.0171875 0.0796875
2 0.3234375 0.4125 0.0203125 0.0625
2 0.41953125 0.7546875 0.0171875 0.09921875
2 0.49375 0.48046875 0.0140625 0.0671875
2 0.8328125 0.41640625 0.0171875 0.065625
2 0.91640625 0.49453125 0.01875 0.075
2 0.86328125 0.63828125 0.021875 0.0859375
2 0.7046875 0.61875 0.015625 0.0875
2 0.928125 0.5953125 0.01875 0.084375
0 0.421875 0.38125 0.0046875 0.0109375