2 0.484375 0.34296875 0.01171875 0.0421875
2 0.5984375 0.32890625 0.0125 0.0390625
3 0.2609375 0.32265625 0.009375 0.040625
2 0.58515625 0.35546875 0.009375 0.0421875
2 0.61875 0.35234375 0.0125 0.040625
2 0.53671875 0.334375 0.0109375 0.0375
2 0.346875 0.35 0.0109375 0.040625
2 0.51171875 0.3671875 0.0140625 0.03984375
3 0.6 0.39921875 0.0109375 0.0578125
2 0.74296875 0.36875 0.0125 0.05078125
2 0.696875 0.40546875 0.0140625 0.05
2 0.8015625 0.43828125 0.0140625 0.059375
2 0.390625 0.38515625 0.0125 0.053125
2 0.71953125 0.40625 0.0140625 0.053125
2 0.43125 0.753125 0.0203125 0.090625
2 0.8546875 0.521875 0.0171875 0.0671875
2 0.48359375 0.4609375 0.0140625 0.0578125
2 0.1703125 0.52265625 0.0140625 0.0703125
2 0.825 0.5203125 0.028125 0.0734375
2 0.77734375 0.715625 0.015625 0.0859375
2 0.23828125 0.4046875 0.0109375 0.0578125
2 0.640625 0.521875 0.0203125 0.06484375
0 0.5734375 0.3625 0.0046875 0.0109375