2 0.45078125 0.3515625 0.0109375 0.0375
2 0.77421875 0.3921875 0.0078125 0.05078125
2 0.66328125 0.365625 0.009375 0.040625
2 0.41484375 0.340625 0.0125 0.04375
2 0.440625 0.3953125 0.0109375 0.04453125
2 0.26484375 0.353125 0.009375 0.04453125
2 0.7109375 0.4125 0.0109375 0.04921875
2 0.70703125 0.4546875 0.0125 0.04921875
2 0.4609375 0.4015625 0.009375 0.04921875
1 0.14375 0.371875 0.0125 0.046875
2 0.64453125 0.403125 0.0125 0.05078125
2 0.8625 0.4421875 0.015625 0.05625
2 0.5203125 0.384375 0.009375 0.046875
3 0.5515625 0.43125 0.009375 0.05546875
2 0.1796875 0.4734375 0.009375 0.0609375
2 0.89609375 0.50234375 0.0140625 0.0671875
2 0.8359375 0.54765625 0.0171875 0.0625
2 0.3640625 0.44765625 0.0140625 0.059375
2 0.85625 0.51484375 0.0171875 0.06875
2 0.67734375 0.50546875 0.0109375 0.0609375
2 0.51953125 0.525 0.01875 0.06015625
2 0.3640625 0.5578125 0.0125 0.0671875
0 0.26875 0.3734375 0.00546875 0.01015625
3 0.8640625 0.35 0.009375 0.0453125