2 0.2859375 0.365625 0.009375 0.02578125
0 0.084375 0.4265625 0.00625 0.01015625
2 0.2890625 0.39921875 0.015625 0.040625
2 0.63046875 0.378125 0.0125 0.03984375
2 0.4984375 0.415625 0.0125 0.0375
2 0.31953125 0.36328125 0.009375 0.04375
2 0.325 0.41171875 0.0140625 0.0515625
2 0.61484375 0.37734375 0.0109375 0.0453125
2 0.6703125 0.45234375 0.01484375 0.0546875
2 0.53984375 0.4015625 0.009375 0.0453125
2 0.68359375 0.4625 0.009375 0.053125
2 0.578125 0.39765625 0.0125 0.0515625
2 0.63984375 0.3890625 0.0109375 0.05078125
2 0.90625 0.396875 0.0109375 0.053125
2 0.39453125 0.440625 0.01875 0.05625
2 0.0484375 0.41171875 0.0125 0.0515625
2 0.36171875 0.534375 0.0140625 0.0640625
2 0.2796875 0.4890625 0.01875 0.0578125
3 0.1578125 0.8640625 0.0203125 0.1015625
3 0.52265625 0.4515625 0.0140625 0.05546875
2 0.2671875 0.58828125 0.021875 0.065625
3 0.55625 0.29921875 0.009375 0.0390625
2 0.55859375 0.340625 0.015625 0.04375
2 0.671875 0.43203125 0.0140625 0.0546875
2 0.5 0.40234375 0.01171875 0.0484375