2 0.30390625 0.3734375 0.0109375 0.040625
2 0.4921875 0.36640625 0.00625 0.0328125
2 0.66484375 0.375 0.009375 0.04375
2 0.1359375 0.459375 0.0109375 0.053125
2 0.20703125 0.3984375 0.0125 0.0375
2 0.2734375 0.43125 0.0109375 0.04375
2 0.4734375 0.3875 0.009375 0.0390625
2 0.31796875 0.41328125 0.009375 0.0453125
2 0.8375 0.51015625 0.0140625 0.0578125
2 0.5734375 0.42265625 0.0109375 0.0484375
2 0.13359375 0.49453125 0.0140625 0.0578125
2 0.1875 0.56015625 0.0140625 0.0578125
1 0.85859375 0.40703125 0.0109375 0.046875
2 0.30703125 0.53046875 0.0109375 0.053125
2 0.59921875 0.40703125 0.0078125 0.0421875
2 0.28515625 0.48125 0.0140625 0.05078125
2 0.1171875 0.50703125 0.0140625 0.0578125
2 0.47578125 0.55703125 0.0140625 0.0578125
3 0.40078125 0.45859375 0.0109375 0.046875
2 0.6453125 0.475 0.0109375 0.05546875
2 0.68359375 0.65234375 0.01875 0.071875
3 0.1453125 0.359375 0.0109375 0.040625
2 0.53125 0.3484375 0.01171875 0.03828125
0 0.82265625 0.534375 0.00625 0.0125