2 0.421875 0.41875 0.00703125 0.034375
2 0.6421875 0.4421875 0.0109375 0.0375
2 0.6625 0.43984375 0.0125 0.0359375
2 0.38359375 0.421875 0.00625 0.0359375
2 0.35 0.475 0.009375 0.0390625
2 0.471875 0.4671875 0.0109375 0.04375
2 0.15 0.56171875 0.0171875 0.04375
3 0.41953125 0.496875 0.009375 0.04453125
2 0.6359375 0.5515625 0.0125 0.0515625
2 0.84921875 0.55703125 0.0109375 0.05625
2 0.4171875 0.553125 0.0109375 0.05
2 0.62265625 0.5578125 0.015625 0.05
2 0.86328125 0.628125 0.0125 0.06015625
2 0.8515625 0.6171875 0.0140625 0.06484375
3 0.8875 0.815625 0.0140625 0.08515625
2 0.2890625 0.53359375 0.009375 0.0484375
2 0.43984375 0.63046875 0.0140625 0.0625
2 0.396875 0.61640625 0.0171875 0.053125
2 0.21640625 0.60859375 0.0203125 0.0578125
3 0.5171875 0.346875 0.00625 0.0234375
2 0.071875 0.54609375 0.0109375 0.0484375
2 0.06171875 0.553125 0.0140625 0.034375
0 0.053125 0.5703125 0.0046875 0.00703125
1 0.32421875 0.4125 0.0109375 0.040625