2 0.54921875 0.409375 0.00625 0.028125
2 0.278125 0.4453125 0.0078125 0.03046875
2 0.5390625 0.4203125 0.00625 0.02578125
2 0.65625 0.4375 0.0109375 0.03515625
2 0.1875 0.496875 0.0109375 0.03515625
2 0.50390625 0.48203125 0.0078125 0.034375
2 0.61796875 0.515625 0.009375 0.03984375
2 0.21171875 0.49453125 0.009375 0.0359375
2 0.32734375 0.5046875 0.0078125 0.0375
2 0.11875 0.63203125 0.01953125 0.0484375
2 0.59765625 0.7046875 0.015625 0.06015625
3 0.35078125 0.5375 0.0171875 0.04375
2 0.6046875 0.53125 0.009375 0.0421875
2 0.3578125 0.56796875 0.01875 0.04375
2 0.071875 0.5703125 0.0203125 0.0453125
2 0.30546875 0.503125 0.0140625 0.0421875
1 0.8671875 0.46171875 0.0109375 0.034375
2 0.81953125 0.5703125 0.0109375 0.05078125
2 0.87734375 0.5953125 0.0171875 0.04921875
3 0.91640625 0.69375 0.0171875 0.06015625
2 0.7390625 0.6703125 0.015625 0.05625
2 0.1515625 0.68515625 0.0265625 0.053125
2 0.3953125 0.428125 0.01015625 0.03203125
0 0.0765625 0.56796875 0.00625 0.0109375