0 0.43359375 0.4484375 0.00625 0.01015625
2 0.64375 0.3390625 0.0109375 0.04453125
2 0.7703125 0.371875 0.0140625 0.05
2 0.678125 0.3328125 0.0109375 0.04375
2 0.75859375 0.35234375 0.0109375 0.046875
2 0.53046875 0.40546875 0.0171875 0.0546875
2 0.40546875 0.38046875 0.01875 0.05
2 0.57578125 0.34921875 0.0125 0.05
2 0.44765625 0.42265625 0.01875 0.046875
2 0.61484375 0.41171875 0.0140625 0.0515625
2 0.66796875 0.43125 0.01875 0.05546875
2 0.1921875 0.4171875 0.0171875 0.06015625
2 0.8109375 0.415625 0.0109375 0.0578125
2 0.59296875 0.37578125 0.015625 0.0546875
2 0.53671875 0.5984375 0.021875 0.06953125
2 0.8015625 0.45625 0.0171875 0.06484375
2 0.70234375 0.403125 0.015625 0.0546875
3 0.4890625 0.421875 0.025 0.0515625
2 0.15859375 0.55546875 0.0265625 0.071875
2 0.38125 0.57421875 0.0296875 0.06875
2 0.08671875 0.51875 0.0265625 0.0671875
2 0.7609375 0.5421875 0.0265625 0.06484375
3 0.68828125 0.29375 0.0109375 0.040625