2 0.55234375 0.3546875 0.0125 0.03671875
2 0.67578125 0.40390625 0.009375 0.0390625
2 0.68359375 0.425 0.009375 0.03515625
2 0.7109375 0.4 0.009375 0.0421875
2 0.5578125 0.38671875 0.0109375 0.0421875
2 0.3328125 0.375 0.009375 0.0375
3 0.121875 0.3625 0.0109375 0.0390625
2 0.66796875 0.35 0.0078125 0.0375
1 0.8453125 0.39296875 0.009375 0.0421875
2 0.171875 0.446875 0.0078125 0.0453125
2 0.75859375 0.43515625 0.009375 0.046875
2 0.73984375 0.4265625 0.009375 0.046875
2 0.38984375 0.36484375 0.0078125 0.0390625
2 0.125 0.44296875 0.01875 0.0546875
2 0.4375 0.4234375 0.0125 0.046875
3 0.52109375 0.38203125 0.0140625 0.040625
2 0.82578125 0.46796875 0.0125 0.0578125
2 0.6234375 0.36953125 0.009375 0.0421875
2 0.36953125 0.44921875 0.0140625 0.046875
2 0.17734375 0.478125 0.0125 0.05078125
2 0.45078125 0.56484375 0.0265625 0.0578125
2 0.7 0.45078125 0.0171875 0.0484375
2 0.55625 0.3390625 0.00859375 0.0328125