2 0.6203125 0.51015625 0.0125 0.0390625
2 0.52734375 0.375 0.0078125 0.03046875
2 0.6109375 0.53359375 0.0171875 0.0421875
2 0.53984375 0.39140625 0.0078125 0.03125
2 0.7109375 0.4796875 0.009375 0.040625
2 0.70546875 0.4 0.0078125 0.0375
2 0.8 0.4234375 0.0109375 0.03984375
2 0.853125 0.5078125 0.01328125 0.05
0 0.24296875 0.75234375 0.00625 0.0125
2 0.68203125 0.63359375 0.0203125 0.05
2 0.69453125 0.4671875 0.0109375 0.04375
2 0.0703125 0.5546875 0.0203125 0.05078125
2 0.54609375 0.434375 0.0078125 0.040625
2 0.3765625 0.40234375 0.009375 0.040625
2 0.2359375 0.7140625 0.0296875 0.06484375
1 0.14609375 0.4359375 0.0125 0.04453125
2 0.290625 0.684375 0.01875 0.06015625
2 0.40234375 0.4796875 0.009375 0.04921875
2 0.4171875 0.465625 0.009375 0.04375
2 0.90078125 0.540625 0.0203125 0.04921875
2 0.2125 0.5375 0.021875 0.0578125
2 0.6875 0.6109375 0.025 0.03984375
3 0.83125 0.375 0.00859375 0.03359375
2 0.85390625 0.4921875 0.0140625 0.053125