2 0.28125 0.4671875 0.01640625 0.0375
2 0.43984375 0.40703125 0.009375 0.0328125
2 0.2609375 0.478125 0.0125 0.0390625
3 0.4 0.4859375 0.0078125 0.04296875
2 0.184375 0.4875 0.0078125 0.040625
2 0.4234375 0.4171875 0.0109375 0.0359375
2 0.40234375 0.50625 0.009375 0.04453125
2 0.08984375 0.55 0.0109375 0.046875
2 0.63671875 0.4328125 0.00625 0.03984375
2 0.11953125 0.528125 0.0125 0.04921875
2 0.60390625 0.4296875 0.009375 0.0375
2 0.8890625 0.6515625 0.0109375 0.06953125
2 0.228125 0.5625 0.0125 0.053125
2 0.90625 0.540625 0.0140625 0.053125
2 0.5875 0.5296875 0.009375 0.053125
2 0.4390625 0.59921875 0.0140625 0.0578125
2 0.9109375 0.6609375 0.0125 0.06875
2 0.41171875 0.59765625 0.0171875 0.053125
2 0.571875 0.5390625 0.0109375 0.05078125
3 0.94296875 0.83984375 0.0140625 0.0921875
2 0.2765625 0.45546875 0.00859375 0.0390625
1 0.33828125 0.4171875 0.015625 0.034375
2 0.43203125 0.4171875 0.009375 0.0375
3 0.525 0.3375 0.00703125 0.028125