3 0.215625 0.221875 0.01015625 0.04140625
0 0.790625 0.32109375 0.00625 0.0125
2 0.34375 0.24375 0.009375 0.0390625
2 0.1140625 0.453125 0.0171875 0.071875
2 0.40546875 0.2796875 0.0125 0.0421875
2 0.25859375 0.27890625 0.0109375 0.046875
2 0.10390625 0.475 0.0125 0.0640625
2 0.63046875 0.2609375 0.0109375 0.04453125
2 0.2765625 0.32265625 0.01875 0.05
2 0.153125 0.30703125 0.0140625 0.0515625
2 0.678125 0.253125 0.0171875 0.03984375
2 0.55546875 0.315625 0.0125 0.04921875
2 0.52421875 0.41015625 0.021875 0.065625
2 0.68203125 0.31484375 0.01875 0.040625
2 0.19765625 0.3546875 0.0140625 0.0609375
2 0.50703125 0.475 0.0234375 0.0671875
2 0.44375 0.396875 0.0203125 0.0625
2 0.17734375 0.4 0.0234375 0.06484375
3 0.31875 0.40703125 0.0171875 0.06875
2 0.353125 0.725 0.0265625 0.10625
2 0.90703125 0.3484375 0.009375 0.0578125
2 0.8765625 0.559375 0.025 0.08984375