2 0.47421875 0.25 0.0109375 0.04921875
2 0.56640625 0.23984375 0.0078125 0.046875
2 0.52890625 0.25390625 0.0125 0.05
2 0.484375 0.2625 0.021875 0.05078125
2 0.45625 0.2375 0.0140625 0.046875
2 0.40625 0.246875 0.009375 0.0515625
2 0.6734375 0.25546875 0.009375 0.0546875
2 0.55078125 0.2546875 0.009375 0.040625
2 0.66015625 0.25546875 0.0109375 0.0515625
2 0.86171875 0.275 0.009375 0.053125
1 0.14296875 0.26953125 0.015625 0.0609375
2 0.41875 0.296875 0.0140625 0.05546875
2 0.34921875 0.27578125 0.0125 0.0546875
2 0.91796875 0.2734375 0.0140625 0.0578125
2 0.275 0.315625 0.015625 0.0578125
3 0.6421875 0.2765625 0.015625 0.05546875
2 0.88125 0.346875 0.0203125 0.06484375
2 0.56171875 0.28671875 0.0171875 0.0578125
2 0.8484375 0.346875 0.0140625 0.0671875
2 0.51484375 0.3859375 0.028125 0.0640625
0 0.5203125 0.271875 0.00546875 0.0109375
2 0.53125 0.2109375 0.0109375 0.03671875
2 0.5265625 0.2390625 0.0140625 0.046875