2 0.18515625 0.2578125 0.0125 0.046875
0 0.81953125 0.56015625 0.0078125 0.0125
2 0.1515625 0.31640625 0.01640625 0.053125
2 0.53671875 0.7234375 0.0375 0.1078125
2 0.28359375 0.3375 0.0125 0.06015625
2 0.58671875 0.25859375 0.0109375 0.0484375
2 0.46171875 0.36875 0.0171875 0.0578125
2 0.44140625 0.3765625 0.0234375 0.0625
2 0.68203125 0.3515625 0.0203125 0.0640625
2 0.49921875 0.3046875 0.0140625 0.0515625
2 0.78515625 0.41328125 0.015625 0.0703125
3 0.25234375 0.434375 0.015625 0.078125
2 0.5171875 0.47734375 0.0171875 0.078125
2 0.12109375 0.453125 0.015625 0.078125
2 0.275 0.4046875 0.021875 0.06875
2 0.159375 0.66328125 0.0234375 0.1
2 0.42109375 0.48203125 0.0203125 0.08125
2 0.03046875 0.60234375 0.0234375 0.096875
2 0.5765625 0.7453125 0.0359375 0.11015625
2 0.85859375 0.53203125 0.0171875 0.0859375
2 0.07421875 0.45234375 0.028125 0.0828125
2 0.38359375 0.596875 0.0328125 0.0890625
3 0.12890625 0.22578125 0.0109375 0.046875