2 0.7078125 0.1796875 0.01875 0.053125
2 0.70078125 0.203125 0.0140625 0.0625
2 0.68671875 0.19453125 0.0171875 0.065625
2 0.73828125 0.2234375 0.0203125 0.0546875
2 0.7390625 0.275 0.021875 0.08125
2 0.45 0.15 0.009375 0.06015625
2 0.79765625 0.2265625 0.0109375 0.07421875
2 0.20078125 0.19453125 0.0125 0.0703125
2 0.3046875 0.1984375 0.0140625 0.065625
2 0.57890625 0.203125 0.021875 0.0578125
2 0.2953125 0.2578125 0.0171875 0.06953125
2 0.4171875 0.2 0.015625 0.0703125
2 0.81796875 0.2625 0.0140625 0.07421875
2 0.51484375 0.22890625 0.025 0.0578125
2 0.61640625 0.221875 0.01875 0.071875
3 0.4640625 0.2640625 0.0203125 0.0796875
2 0.48359375 0.22734375 0.015625 0.06875
2 0.20859375 0.253125 0.0140625 0.078125
2 0.3921875 0.3484375 0.0234375 0.07578125
2 0.8796875 0.31484375 0.0171875 0.0796875
3 0.1828125 0.13046875 0.01484375 0.0671875
2 0.6890625 0.1765625 0.0203125 0.06328125