0 0.64140625 0.3859375 0.00625 0.01015625
2 0.44140625 0.25703125 0.0078125 0.0390625
2 0.38359375 0.23828125 0.0109375 0.0375
2 0.48828125 0.2546875 0.009375 0.0453125
2 0.221875 0.26328125 0.009375 0.04375
2 0.63515625 0.265625 0.009375 0.0421875
2 0.471875 0.2609375 0.009375 0.0421875
3 0.33828125 0.3203125 0.009375 0.04921875
1 0.95078125 0.3203125 0.0140625 0.0515625
2 0.615625 0.26328125 0.015625 0.046875
2 0.6078125 0.346875 0.0109375 0.05078125
2 0.36484375 0.3546875 0.015625 0.0546875
2 0.2890625 0.2828125 0.0125 0.04921875
2 0.153125 0.3265625 0.0109375 0.05546875
2 0.16640625 0.32578125 0.0125 0.053125
2 0.8828125 0.43828125 0.015625 0.071875
2 0.440625 0.415625 0.0109375 0.0578125
2 0.59921875 0.4328125 0.0203125 0.06484375
2 0.65078125 0.359375 0.0109375 0.06015625
2 0.190625 0.49921875 0.015625 0.0765625
2 0.3296875 0.734375 0.0296875 0.103125
2 0.4203125 0.340625 0.0109375 0.05078125
2 0.32421875 0.51328125 0.0203125 0.078125
3 0.15546875 0.24140625 0.0125 0.04375