2 0.63828125 0.19375 0.009375 0.059375
2 0.6453125 0.17734375 0.0109375 0.046875
2 0.6328125 0.20078125 0.0109375 0.053125
2 0.60703125 0.178125 0.0140625 0.04921875
3 0.19140625 0.165625 0.0125 0.05
2 0.4328125 0.178125 0.0125 0.046875
2 0.4640625 0.2109375 0.0125 0.059375
2 0.559375 0.209375 0.0140625 0.06015625
2 0.49375 0.209375 0.0140625 0.0546875
2 0.28203125 0.203125 0.0203125 0.05078125
2 0.7546875 0.2109375 0.0125 0.059375
2 0.2953125 0.2640625 0.0109375 0.0671875
2 0.596875 0.23359375 0.0171875 0.0578125
2 0.78984375 0.24921875 0.0109375 0.0671875
2 0.26015625 0.20234375 0.0125 0.0609375
2 0.8296875 0.3328125 0.0109375 0.078125
2 0.75078125 0.296875 0.0140625 0.06875
2 0.19140625 0.26875 0.021875 0.0671875
2 0.4609375 0.27421875 0.021875 0.059375
3 0.553125 0.26015625 0.0140625 0.0703125
2 0.24765625 0.35703125 0.01875 0.084375