2 0.50703125 0.2046875 0.0078125 0.05
2 0.51875 0.1828125 0.0109375 0.0515625
2 0.57890625 0.2015625 0.0078125 0.04453125
2 0.29453125 0.209375 0.0125 0.0609375
2 0.55078125 0.1890625 0.0171875 0.0578125
2 0.6125 0.1984375 0.009375 0.0640625
2 0.39765625 0.1828125 0.0140625 0.0546875
2 0.43515625 0.21171875 0.0171875 0.0546875
2 0.4453125 0.2140625 0.015625 0.05625
2 0.34140625 0.215625 0.0140625 0.06015625
2 0.30234375 0.253125 0.0140625 0.0671875
2 0.509375 0.25078125 0.0171875 0.0703125
2 0.76640625 0.2671875 0.015625 0.071875
2 0.5859375 0.2375 0.01875 0.0703125
2 0.265625 0.26171875 0.0171875 0.071875
2 0.6890625 0.28984375 0.01875 0.0703125
2 0.2765625 0.325 0.0140625 0.0828125
2 0.728125 0.2265625 0.0203125 0.06484375
3 0.4640625 0.2890625 0.021875 0.07578125
2 0.74140625 0.340625 0.025 0.08125
3 0.23515625 0.1546875 0.0140625 0.05625
0 0.4609375 0.0421875 0.00703125 0.0125