2 0.7109375 0.2609375 0.009375 0.0390625
2 0.803125 0.290625 0.009375 0.04453125
2 0.67890625 0.2796875 0.009375 0.03984375
2 0.79140625 0.3171875 0.0109375 0.046875
1 0.034375 0.34296875 0.0125 0.0484375
0 0.16875 0.55859375 0.0078125 0.0109375
2 0.55703125 0.27734375 0.0109375 0.0421875
2 0.38203125 0.3015625 0.009375 0.04453125
2 0.51796875 0.2671875 0.009375 0.0421875
2 0.84140625 0.37421875 0.0125 0.05625
2 0.8765625 0.609375 0.0296875 0.07578125
2 0.41328125 0.28203125 0.009375 0.046875
2 0.8546875 0.35546875 0.0125 0.05625
2 0.75703125 0.4203125 0.0171875 0.0625
3 0.71171875 0.375 0.0125 0.059375
2 0.6875 0.52109375 0.0171875 0.075
2 0.571875 0.390625 0.0171875 0.05546875
2 0.56640625 0.4859375 0.015625 0.0625
2 0.39609375 0.4359375 0.0125 0.0640625
2 0.7234375 0.78203125 0.028125 0.1015625
2 0.48515625 0.43515625 0.01875 0.0625
2 0.315625 0.4921875 0.0140625 0.0671875
2 0.10390625 0.5234375 0.0203125 0.0765625