2 0.47109375 0.2421875 0.00625 0.03046875
2 0.67109375 0.24453125 0.0078125 0.0375
2 0.6640625 0.25625 0.009375 0.04453125
2 0.3703125 0.2546875 0.0171875 0.05
2 0.3296875 0.2421875 0.009375 0.0421875
2 0.471875 0.271875 0.0078125 0.04375
2 0.5046875 0.25 0.009375 0.0421875
2 0.4953125 0.25 0.0078125 0.0421875
1 0.090625 0.296875 0.009375 0.0484375
3 0.59609375 0.30234375 0.009375 0.046875
2 0.41171875 0.29140625 0.0234375 0.0421875
2 0.83046875 0.28984375 0.0125 0.046875
2 0.8453125 0.2875 0.0109375 0.04921875
2 0.6953125 0.321875 0.0171875 0.046875
2 0.775 0.328125 0.0125 0.0515625
2 0.59296875 0.3828125 0.0125 0.0609375
2 0.73203125 0.48125 0.0140625 0.07421875
2 0.2421875 0.4125 0.01875 0.06875
2 0.45234375 0.63125 0.0234375 0.09453125
2 0.40546875 0.415625 0.0125 0.06484375
2 0.8109375 0.4375 0.0203125 0.06953125
0 0.3984375 0.3125 0.00625 0.01015625
2 0.47890625 0.22890625 0.0109375 0.0359375
3 0.84296875 0.240625 0.009375 0.04609375