2 0.5296875 0.2421875 0.00625 0.03046875
2 0.3296875 0.24453125 0.0078125 0.0375
2 0.33671875 0.25625 0.009375 0.04453125
2 0.63046875 0.2546875 0.0171875 0.05
2 0.6703125 0.2421875 0.009375 0.0421875
2 0.52734375 0.271875 0.0078125 0.04375
2 0.49609375 0.25 0.009375 0.0421875
2 0.50390625 0.25 0.0078125 0.0421875
1 0.91015625 0.296875 0.009375 0.0484375
3 0.4046875 0.30234375 0.009375 0.046875
2 0.58828125 0.29140625 0.0234375 0.0421875
2 0.1703125 0.28984375 0.0125 0.046875
2 0.15546875 0.2875 0.0109375 0.04921875
2 0.3046875 0.321875 0.0171875 0.046875
2 0.22578125 0.328125 0.0125 0.0515625
2 0.40703125 0.3828125 0.0125 0.0609375
2 0.26796875 0.48125 0.0140625 0.07421875
2 0.75703125 0.4125 0.01875 0.06875
2 0.5484375 0.63125 0.0234375 0.09453125
2 0.59453125 0.415625 0.0125 0.06484375
2 0.1890625 0.4375 0.0203125 0.06953125
0 0.6015625 0.3125 0.00625 0.01015625
2 0.52109375 0.22890625 0.0109375 0.0359375
3 0.15625 0.240625 0.009375 0.04609375