0 0.4078125 0.628125 0.0078125 0.0125
2 0.7046875 0.3078125 0.0078125 0.0375
2 0.40078125 0.36484375 0.009375 0.0453125
2 0.75859375 0.38125 0.009375 0.04921875
2 0.80390625 0.4046875 0.0109375 0.05
2 0.43671875 0.52265625 0.0125 0.0625
2 0.40078125 0.43125 0.0140625 0.04921875
2 0.52890625 0.309375 0.0078125 0.0390625
2 0.89296875 0.540625 0.0171875 0.075
2 0.5890625 0.32265625 0.009375 0.040625
2 0.42265625 0.3421875 0.009375 0.046875
3 0.7265625 0.44375 0.0125 0.06015625
2 0.81796875 0.42578125 0.0109375 0.059375
1 0.10390625 0.4015625 0.0109375 0.05546875
3 0.03515625 0.653125 0.015625 0.07421875
2 0.41640625 0.54453125 0.015625 0.0671875
2 0.72421875 0.61328125 0.01875 0.0765625
2 0.46875 0.67265625 0.0296875 0.0703125
2 0.83984375 0.625 0.015625 0.0828125
2 0.4015625 0.675 0.01875 0.0828125
2 0.21640625 0.590625 0.01875 0.07578125
2 0.09453125 0.6234375 0.025 0.0859375
3 0.809375 0.28125 0.0109375 0.0359375
2 0.7609375 0.33671875 0.00859375 0.040625
2 0.76796875 0.334375 0.0078125 0.03984375