2 0.3578125 0.34453125 0.0109375 0.0421875
2 0.41796875 0.26171875 0.0078125 0.0375
2 0.6671875 0.3703125 0.0125 0.046875
2 0.17890625 0.465625 0.0140625 0.0375
2 0.359375 0.37265625 0.0109375 0.05625
2 0.328125 0.2984375 0.0078125 0.0421875
2 0.534375 0.315625 0.0140625 0.03984375
2 0.178125 0.509375 0.0140625 0.07421875
2 0.471875 0.3421875 0.009375 0.046875
2 0.72578125 0.2921875 0.009375 0.046875
2 0.4625 0.4453125 0.0125 0.06484375
2 0.6609375 0.38671875 0.0125 0.0546875
2 0.8484375 0.3890625 0.0109375 0.06015625
2 0.246875 0.3953125 0.0171875 0.06015625
2 0.22265625 0.37890625 0.0125 0.059375
2 0.52734375 0.71953125 0.01875 0.096875
2 0.20859375 0.4328125 0.0171875 0.06484375
2 0.58125 0.4578125 0.0125 0.071875
3 0.37421875 0.45078125 0.0125 0.06875
2 0.4921875 0.47734375 0.0171875 0.0671875
2 0.87421875 0.57421875 0.01875 0.0875
3 0.29375 0.24765625 0.0109375 0.040625
0 0.671875 0.3875 0.0078125 0.01328125