2 0.28984375 0.2609375 0.009375 0.0390625
2 0.19765625 0.290625 0.009375 0.04453125
2 0.321875 0.2796875 0.009375 0.03984375
2 0.209375 0.3171875 0.0109375 0.046875
1 0.965625 0.34296875 0.0125 0.0484375
0 0.83203125 0.55859375 0.0078125 0.0109375
2 0.44375 0.27734375 0.0109375 0.0421875
2 0.61875 0.3015625 0.009375 0.04453125
2 0.48203125 0.2671875 0.009375 0.0421875
2 0.15859375 0.37421875 0.0125 0.05625
2 0.12421875 0.609375 0.0296875 0.07578125
2 0.5875 0.28203125 0.009375 0.046875
2 0.14609375 0.35546875 0.0125 0.05625
2 0.2421875 0.4203125 0.0171875 0.0625
3 0.28828125 0.375 0.0125 0.059375
2 0.31328125 0.52109375 0.0171875 0.075
2 0.42890625 0.390625 0.0171875 0.05546875
2 0.4328125 0.4859375 0.015625 0.0625
2 0.603125 0.4359375 0.0125 0.0640625
2 0.27734375 0.78203125 0.028125 0.1015625
2 0.515625 0.43515625 0.01875 0.0625
2 0.684375 0.4921875 0.0140625 0.0671875
2 0.896875 0.5234375 0.0203125 0.0765625