2 0.60234375 0.36015625 0.0078125 0.0359375
2 0.528125 0.32734375 0.0078125 0.03125
2 0.396875 0.33828125 0.0078125 0.025
2 0.63203125 0.3921875 0.0109375 0.0390625
1 0.8109375 0.37578125 0.0078125 0.0375
2 0.48203125 0.33203125 0.0078125 0.0296875
2 0.54765625 0.33828125 0.00625 0.0328125
2 0.584375 0.36328125 0.0078125 0.0328125
2 0.42265625 0.40546875 0.009375 0.0359375
2 0.540625 0.40234375 0.009375 0.0421875
3 0.503125 0.36015625 0.0078125 0.0328125
2 0.38671875 0.3375 0.00625 0.03046875
2 0.18046875 0.421875 0.0078125 0.0359375
2 0.5328125 0.4296875 0.0109375 0.03984375
2 0.64375 0.4046875 0.009375 0.03984375
2 0.6265625 0.478125 0.0109375 0.0421875
2 0.678125 0.44453125 0.0078125 0.046875
2 0.28671875 0.453125 0.009375 0.04453125
2 0.70390625 0.440625 0.0125 0.040625
2 0.59765625 0.615625 0.009375 0.053125
2 0.171875 0.4703125 0.0109375 0.0453125
2 0.1421875 0.5109375 0.0125 0.04375
3 0.18828125 0.3390625 0.0078125 0.0296875