0 0.5578125 0.69921875 0.14609375 0.18828125
0 0.5125 0.578125 0.11640625 0.15546875
0 0.39375 0.51171875 0.1015625 0.11953125
0 0.22421875 0.50546875 0.09765625 0.12578125
0 0.11328125 0.55625 0.115625 0.15859375
0 0.3890625 0.940625 0.153125 0.11875
0 0.26953125 0.90546875 0.153125 0.1890625
0 0.6859375 0.8078125 0.153125 0.20390625
0 0.16484375 0.4546875 0.10390625 0.12890625
0 0.5515625 0.8875 0.14921875 0.18515625
0 0.40859375 0.83828125 0.1234375 0.14921875
0 0.10078125 0.91875 0.14921875 0.1625
0 0.096875 0.6796875 0.109375 0.11796875
0 0.2109375 0.70234375 0.11875 0.11484375
0 0.36015625 0.7609375 0.13203125 0.15078125
0 0.32734375 0.67734375 0.09296875 0.11640625
0 0.315625 0.571875 0.0984375 0.13984375
0 0.3765625 0.4484375 0.0890625 0.090625
0 0.50625 0.4859375 0.109375 0.078125
0 0.76953125 0.94140625 0.14375 0.1171875
0 0.575 0.96015625 0.18203125 0.0796875