0 0.09453125 0.9296875 0.1890625 0.1359375
0 0.08125 0.79921875 0.1625 0.13203125
0 0.08125 0.65078125 0.1625 0.125
0 0.1703125 0.5546875 0.153125 0.1234375
0 0.06640625 0.47734375 0.1328125 0.1203125
0 0.1203125 0.3828125 0.16015625 0.11484375
0 0.20703125 0.46484375 0.1375 0.11015625
0 0.38515625 0.471875 0.19296875 0.146875
0 0.66015625 0.54453125 0.19140625 0.1484375
0 0.8796875 0.6234375 0.20859375 0.16640625
0 0.853125 0.778125 0.221875 0.16640625
0 0.90234375 0.9296875 0.1953125 0.13984375
0 0.6953125 0.90703125 0.21796875 0.1734375
0 0.4734375 0.86328125 0.2265625 0.1765625
0 0.2578125 0.83671875 0.20859375 0.15703125
0 0.20703125 0.7109375 0.16875 0.13828125
0 0.39140625 0.7234375 0.2046875 0.16328125
0 0.54296875 0.68046875 0.13515625 0.1015625
0 0.89765625 0.515625 0.146875 0.11484375
0 0.9640625 0.46484375 0.071875 0.1296875
0 0.94609375 0.3765625 0.1078125 0.10625
0 0.81640625 0.39765625 0.121875 0.1046875